IMIÊ PIERWSZE;P£EÆ;LICZBA WYST¥PIEÑ;
ANNA;KOBIETA;1075653;1075653
KATARZYNA;KOBIETA;605826;1681479
MARIA;KOBIETA;594197;2275676
MA£GORZATA;KOBIETA;579481;2855157
AGNIESZKA;KOBIETA;548636;3403793
BARBARA;KOBIETA;485438;3889231
EWA;KOBIETA;478990;4368221
MAGDALENA;KOBIETA;434693;4802914
EL¯BIETA;KOBIETA;420102;5223016
KRYSTYNA;KOBIETA;413847;5636863
JOANNA;KOBIETA;404892;6041755
ALEKSANDRA;KOBIETA;389099;6430854
MONIKA;KOBIETA;378440;6809294
ZOFIA;KOBIETA;373092;7182386
TERESA;KOBIETA;335287;7517673
NATALIA;KOBIETA;314773;7832446
JULIA;KOBIETA;303234;8135680
DANUTA;KOBIETA;301751;8437431
KAROLINA;KOBIETA;293737;8731168
MARTA;KOBIETA;289815;9020983
BEATA;KOBIETA;280756;9301739
DOROTA;KOBIETA;269186;9570925
ALICJA;KOBIETA;251102;9822027
HALINA;KOBIETA;243336;10065363
JADWIGA;KOBIETA;238547;10303910
JOLANTA;KOBIETA;238489;10542399
IWONA;KOBIETA;233227;10775626
GRA¯YNA;KOBIETA;230489;11006115
JANINA;KOBIETA;226676;11232791
PAULINA;KOBIETA;223901;11456692
ZUZANNA;KOBIETA;219547;11676239
JUSTYNA;KOBIETA;216865;11893104
IRENA;KOBIETA;215927;12109031
HANNA;KOBIETA;215797;12324828
WIKTORIA;KOBIETA;203468;12528296
BO¯ENA;KOBIETA;200589;12728885
RENATA;KOBIETA;188669;12917554
URSZULA;KOBIETA;186308;13103862
AGATA;KOBIETA;183638;13287500
SYLWIA;KOBIETA;182687;13470187
MAJA;KOBIETA;175030;13645217
PATRYCJA;KOBIETA;169306;13814523
HELENA;KOBIETA;167835;13982358
IZABELA;KOBIETA;159380;14141738
EMILIA;KOBIETA;159330;14301068
OLIWIA;KOBIETA;156058;14457126
ANETA;KOBIETA;151841;14608967
WERONIKA;KOBIETA;150995;14759962
EWELINA;KOBIETA;148260;14908222
MARTYNA;KOBIETA;141765;15049987
KLAUDIA;KOBIETA;138643;15188630
GABRIELA;KOBIETA;133051;15321681
MARZENA;KOBIETA;129686;15451367
LENA;KOBIETA;126549;15577916
DOMINIKA;KOBIETA;122527;15700443
MARIANNA;KOBIETA;121290;15821733
AMELIA;KOBIETA;121159;15942892
KINGA;KOBIETA;120526;16063418
STANIS£AWA;KOBIETA;115374;16178792
EDYTA;KOBIETA;114204;16292996
KAMILA;KOBIETA;111005;16404001
WIES£AWA;KOBIETA;106801;16510802
ALINA;KOBIETA;102163;16612965
WANDA;KOBIETA;95630;16708595
DARIA;KOBIETA;85550;16794145
LIDIA;KOBIETA;83109;16877254
MARIOLA;KOBIETA;82314;16959568
LUCYNA;KOBIETA;80942;17040510
TETIANA;KOBIETA;78904;17119414
NIKOLA;KOBIETA;76728;17196142
MILENA;KOBIETA;75382;17271524
NATALIIA;KOBIETA;74219;17345743
OLENA;KOBIETA;73080;17418823
WIOLETTA;KOBIETA;72654;17491477
MIROS£AWA;KOBIETA;70835;17562312
IRYNA;KOBIETA;69432;17631744
LAURA;KOBIETA;68705;17700449
ANTONINA;KOBIETA;66429;17766878
ANGELIKA;KOBIETA;64922;17831800
OLGA;KOBIETA;60922;17892722
KAZIMIERA;KOBIETA;57167;17949889
OLHA;KOBIETA;56090;18005979
BOGUMI£A;KOBIETA;55562;18061541
OKSANA;KOBIETA;54962;18116503
ILONA;KOBIETA;54790;18171293
MICHALINA;KOBIETA;54383;18225676
SANDRA;KOBIETA;54149;18279825
GENOWEFA;KOBIETA;52195;18332020
MARIIA;KOBIETA;52027;18384047
SVITLANA;KOBIETA;51653;18435700
NADIA;KOBIETA;51425;18487125
YULIIA;KOBIETA;49583;18536708
ANASTASIIA;KOBIETA;49489;18586197
KORNELIA;KOBIETA;49171;18635368
MARLENA;KOBIETA;48490;18683858
VIKTORIIA;KOBIETA;48155;18732013
HENRYKA;KOBIETA;47936;18779949
£UCJA;KOBIETA;47856;18827805
SABINA;KOBIETA;47632;18875437
BOGUS£AWA;KOBIETA;47555;18922992
NINA;KOBIETA;45929;18968921
JÓZEFA;KOBIETA;45912;19014833
ANITA;KOBIETA;45828;19060661
STEFANIA;KOBIETA;45054;19105715
IGA;KOBIETA;44739;19150454
LILIANA;KOBIETA;44645;19195099
REGINA;KOBIETA;43728;19238827
POLA;KOBIETA;43463;19282290
MARCELINA;KOBIETA;43323;19325613
KATERYNA;KOBIETA;42608;19368221
JAGODA;KOBIETA;41556;19409777
CZES£AWA;KOBIETA;39629;19449406
ANIELA;KOBIETA;39292;19488698
W£ADYS£AWA;KOBIETA;38678;19527376
KARINA;KOBIETA;36638;19564014
LIUDMYLA;KOBIETA;36504;19600518
WIOLETA;KOBIETA;34421;19634939
ADRIANNA;KOBIETA;33689;19668628
DIANA;KOBIETA;32586;19701214
ROKSANA;KOBIETA;31975;19733189
DAGMARA;KOBIETA;31723;19764912
SARA;KOBIETA;30962;19795874
MALWINA;KOBIETA;30097;19825971
HALYNA;KOBIETA;27954;19853925
ELIZA;KOBIETA;27710;19881635
CECYLIA;KOBIETA;27481;19909116
¯ANETA;KOBIETA;27136;19936252
MARYNA;KOBIETA;26771;19963023
ZDZIS£AWA;KOBIETA;26184;19989207
SOFIIA;KOBIETA;25873;20015080
KLARA;KOBIETA;25510;20040590
RÓ¯A;KOBIETA;25272;20065862
KAJA;KOBIETA;24940;20090802
VALENTYNA;KOBIETA;24848;20115650
LEOKADIA;KOBIETA;24757;20140407
BLANKA;KOBIETA;24233;20164640
NADIIA;KOBIETA;23451;20188091
ANASTAZJA;KOBIETA;23401;20211492
BERNADETA;KOBIETA;22943;20234435
BRONIS£AWA;KOBIETA;22236;20256671
EUGENIA;KOBIETA;22041;20278712
JULITA;KOBIETA;21800;20300512
OLEKSANDRA;KOBIETA;21633;20322145
ALDONA;KOBIETA;21069;20343214
ROZALIA;KOBIETA;20544;20363758
VIOLETTA;KOBIETA;20517;20384275
DANIELA;KOBIETA;20067;20404342
LILIANNA;KOBIETA;19439;20423781
INNA;KOBIETA;19216;20442997
MAGDA;KOBIETA;18330;20461327
CELINA;KOBIETA;17712;20479039
YANA;KOBIETA;17493;20496532
MATYLDA;KOBIETA;17036;20513568
LIUBOV;KOBIETA;17033;20530601
ADRIANA;KOBIETA;16170;20546771
HONORATA;KOBIETA;16126;20562897
VERONIKA;KOBIETA;15775;20578672
NELA;KOBIETA;15560;20594232
PAULA;KOBIETA;15441;20609673
LARYSA;KOBIETA;15119;20624792
BRYGIDA;KOBIETA;14544;20639336
AURELIA;KOBIETA;14510;20653846
VALERIIA;KOBIETA;14463;20668309
IZABELLA;KOBIETA;14438;20682747
KALINA;KOBIETA;13984;20696731
ALLA;KOBIETA;13698;20710429
MARIKA;KOBIETA;13342;20723771
GERTRUDA;KOBIETA;13188;20736959
MIECZYS£AWA;KOBIETA;13188;20750147
SONIA;KOBIETA;12832;20762979
BO¯ENNA;KOBIETA;12650;20775629
ELWIRA;KOBIETA;12596;20788225
LILIIA;KOBIETA;12388;20800613
MARZANNA;KOBIETA;12383;20812996
OLIVIA;KOBIETA;12310;20825306
TAMARA;KOBIETA;12274;20837580
AND¯ELIKA;KOBIETA;11819;20849399
POLINA;KOBIETA;11539;20860938
ALONA;KOBIETA;11520;20872458
ARLETA;KOBIETA;11289;20883747
TATIANA;KOBIETA;11103;20894850
YELYZAVETA;KOBIETA;11080;20905930
LUIZA;KOBIETA;10849;20916779
KHRYSTYNA;KOBIETA;10303;20927082
VICTORIA;KOBIETA;10145;20937227
ADELA;KOBIETA;9781;20947008
JUDYTA;KOBIETA;9756;20956764
MIA;KOBIETA;9600;20966364
NICOLE;KOBIETA;9500;20975864
FRANCISZKA;KOBIETA;9361;20985225
IVANNA;KOBIETA;9334;20994559
MARIANA;KOBIETA;9189;21003748
NICOLA;KOBIETA;9040;21012788
NATASZA;KOBIETA;9003;21021791
LIWIA;KOBIETA;8869;21030660
JOWITA;KOBIETA;8731;21039391
VIRA;KOBIETA;8492;21047883
VANESSA;KOBIETA;8411;21056294
ALFREDA;KOBIETA;8366;21064660
YEVHENIIA;KOBIETA;8331;21072991
APOLONIA;KOBIETA;8036;21081027
ROMANA;KOBIETA;7941;21088968
MELANIA;KOBIETA;7862;21096830
INGA;KOBIETA;7857;21104687
JESSICA;KOBIETA;7661;21112348
ANHELINA;KOBIETA;7609;21119957
ELENA;KOBIETA;7551;21127508
DARYNA;KOBIETA;7484;21134992
ADA;KOBIETA;7467;21142459
ELEONORA;KOBIETA;7374;21149833
MARZENNA;KOBIETA;7320;21157153
JULIANNA;KOBIETA;7307;21164460
ESTERA;KOBIETA;7231;21171691
BIANKA;KOBIETA;7046;21178737
LUDWIKA;KOBIETA;7034;21185771
MARHARYTA;KOBIETA;7006;21192777
LESIA;KOBIETA;6958;21199735
MILANA;KOBIETA;6851;21206586
SOFIA;KOBIETA;6769;21213355
BERNADETTA;KOBIETA;6619;21219974
ZENONA;KOBIETA;6585;21226559
WAC£AWA;KOBIETA;6387;21232946
KARYNA;KOBIETA;6276;21239222
ZLATA;KOBIETA;6249;21245471
KIRA;KOBIETA;6240;21251711
ULIANA;KOBIETA;6189;21257900
ALISA;KOBIETA;6130;21264030
DONATA;KOBIETA;6084;21270114
WALENTYNA;KOBIETA;6063;21276177
LUDMI£A;KOBIETA;6054;21282231
ANETTA;KOBIETA;6038;21288269
YEVA;KOBIETA;5971;21294240
LIDIIA;KOBIETA;5924;21300164
MAYA;KOBIETA;5913;21306077
OLESIA;KOBIETA;5905;21311982
FELICJA;KOBIETA;5903;21317885
LILIA;KOBIETA;5888;21323773
RITA;KOBIETA;5855;21329628
IDA;KOBIETA;5731;21335359
HILDEGARDA;KOBIETA;5683;21341042
ZENOBIA;KOBIETA;5649;21346691
EMMA;KOBIETA;5614;21352305
AMANDA;KOBIETA;5561;21357866
ROMUALDA;KOBIETA;5515;21363381
KSENIIA;KOBIETA;5430;21368811
MYROSLAVA;KOBIETA;5369;21374180
OTYLIA;KOBIETA;5369;21379549
KRISTINA;KOBIETA;5289;21384838
ARINA;KOBIETA;5256;21390094
GIZELA;KOBIETA;5242;21395336
RUSLANA;KOBIETA;5127;21400463
IRMINA;KOBIETA;5074;21405537
ALBINA;KOBIETA;5043;21410580
DARIIA;KOBIETA;4896;21415476
VITA;KOBIETA;4877;21420353
VIKTORIA;KOBIETA;4833;21425186
LILLA;KOBIETA;4715;21429901
S£AWOMIRA;KOBIETA;4706;21434607
BERNARDA;KOBIETA;4599;21439206
ALENA;KOBIETA;4586;21443792
ERYKA;KOBIETA;4581;21448373
PELAGIA;KOBIETA;4536;21452909
ANGELINA;KOBIETA;4536;21457445
GAJA;KOBIETA;4468;21461913
SOLOMIIA;KOBIETA;4456;21466369
ANASTASIYA;KOBIETA;4362;21470731
YULIYA;KOBIETA;4338;21475069
LONGINA;KOBIETA;4285;21479354
WALERIA;KOBIETA;4149;21483503
RYSZARDA;KOBIETA;4124;21487627
VLADYSLAVA;KOBIETA;4114;21491741
KAMILLA;KOBIETA;4063;21495804
TEODOZJA;KOBIETA;4048;21499852
TEODORA;KOBIETA;3970;21503822
IRINA;KOBIETA;3910;21507732
ALEXANDRA;KOBIETA;3894;21511626
ZHANNA;KOBIETA;3880;21515506
RAISA;KOBIETA;3838;21519344
MIRELA;KOBIETA;3832;21523176
TATSIANA;KOBIETA;3791;21526967
ADELAJDA;KOBIETA;3732;21530699
ZOJA;KOBIETA;3725;21534424
LILA;KOBIETA;3713;21538137
VARVARA;KOBIETA;3700;21541837
VOLHA;KOBIETA;3654;21545491
FAUSTYNA;KOBIETA;3625;21549116
ANZHELA;KOBIETA;3616;21552732
KATSIARYNA;KOBIETA;3559;21556291
NATALIYA;KOBIETA;3496;21559787
MARINA;KOBIETA;3492;21563279
MARIYA;KOBIETA;3464;21566743
BOHDANA;KOBIETA;3440;21570183
SAMANTA;KOBIETA;3435;21573618
ANASTASIA;KOBIETA;3413;21577031
OLIMPIA;KOBIETA;3386;21580417
NATALLIA;KOBIETA;3368;21583785
EVA;KOBIETA;3349;21587134
KSENIA;KOBIETA;3238;21590372
MARCELA;KOBIETA;3195;21593567
MARYLA;KOBIETA;3193;21596760
JAGNA;KOBIETA;3146;21599906
GALYNA;KOBIETA;3075;21602981
LUCJA;KOBIETA;3028;21606009
YAROSLAVA;KOBIETA;3019;21609028
NEL;KOBIETA;3000;21612028
SNIZHANA;KOBIETA;2997;21615025
ZYTA;KOBIETA;2966;21617991
OKTAWIA;KOBIETA;2952;21620943
KONSTANCJA;KOBIETA;2914;21623857
DARYA;KOBIETA;2893;21626750
PAMELA;KOBIETA;2796;21629546
LEONARDA;KOBIETA;2758;21632304
ZORIANA;KOBIETA;2749;21635053
FELIKSA;KOBIETA;2716;21637769
EMILIIA;KOBIETA;2707;21640476
WANESSA;KOBIETA;2702;21643178
NOEMI;KOBIETA;2692;21645870
CLAUDIA;KOBIETA;2673;21648543
TETYANA;KOBIETA;2642;21651185
NIKOL;KOBIETA;2604;21653789
SOPHIE;KOBIETA;2559;21656348
EVELINA;KOBIETA;2545;21658893
EMILY;KOBIETA;2542;21661435
BOGNA;KOBIETA;2510;21663945
MARYIA;KOBIETA;2497;21666442
IULIIA;KOBIETA;2492;21668934
MIRELLA;KOBIETA;2474;21671408
ANZHELIKA;KOBIETA;2440;21673848
STELLA;KOBIETA;2391;21676239
INEZ;KOBIETA;2374;21678613
LEA;KOBIETA;2364;21680977
GANNA;KOBIETA;2344;21683321
MICHELLE;KOBIETA;2288;21685609
ZINAIDA;KOBIETA;2284;21687893
TOLA;KOBIETA;2272;21690165
KRZYSZTOFA;KOBIETA;2270;21692435
ZOIA;KOBIETA;2237;21694672
NELIA;KOBIETA;2187;21696859
SARAH;KOBIETA;2171;21699030
OLA;KOBIETA;2169;21701199
JAMINA;KOBIETA;2159;21703358
VALENTINA;KOBIETA;2147;21705505
BOLES£AWA;KOBIETA;2144;21707649
SVETLANA;KOBIETA;2126;21709775
NADZIEJA;KOBIETA;2122;21711897
ANGELA;KOBIETA;2118;21714015
EDWARDA;KOBIETA;2098;21716113
MILA;KOBIETA;2088;21718201
VIKTORYIA;KOBIETA;2082;21720283
ELFRYDA;KOBIETA;2064;21722347
LIUDMILA;KOBIETA;2056;21724403
GALINA;KOBIETA;2044;21726447
MIRIAM;KOBIETA;1990;21728437
ANA;KOBIETA;1971;21730408
SALOMEA;KOBIETA;1965;21732373
SVIATLANA;KOBIETA;1957;21734330
TAISIIA;KOBIETA;1952;21736282
INES;KOBIETA;1947;21738229
LARA;KOBIETA;1936;21740165
NATALIE;KOBIETA;1888;21742053
EDELTRAUDA;KOBIETA;1872;21743925
ANTONIA;KOBIETA;1831;21745756
VITALINA;KOBIETA;1791;21747547
LINA;KOBIETA;1782;21749329
MARIETTA;KOBIETA;1774;21751103
IZA;KOBIETA;1773;21752876
ROMA;KOBIETA;1773;21754649
SOPHIA;KOBIETA;1758;21756407
VASYLYNA;KOBIETA;1756;21758163
ALIAKSANDRA;KOBIETA;1742;21759905
ARLETTA;KOBIETA;1717;21761622
MAIIA;KOBIETA;1712;21763334
ADELINA;KOBIETA;1705;21765039
KLEMENTYNA;KOBIETA;1705;21766744
ERIKA;KOBIETA;1704;21768448
MANUELA;KOBIETA;1695;21770143
ELINA;KOBIETA;1674;21771817
KLAUDYNA;KOBIETA;1642;21773459
VERONICA;KOBIETA;1640;21775099
AMINA;KOBIETA;1615;21776714
MARGARITA;KOBIETA;1569;21778283
RUTA;KOBIETA;1568;21779851
NADIYA;KOBIETA;1563;21781414
GRETA;KOBIETA;1552;21782966
YANINA;KOBIETA;1544;21784510
SOFIYA;KOBIETA;1542;21786052
LIVIA;KOBIETA;1534;21787586
WIERA;KOBIETA;1519;21789105
LYUDMYLA;KOBIETA;1514;21790619
HELGA;KOBIETA;1512;21792131
JANA;KOBIETA;1505;21793636
ANDREA;KOBIETA;1490;21795126
NIKA;KOBIETA;1489;21796615
FLORENTYNA;KOBIETA;1477;21798092
MARTINA;KOBIETA;1466;21799558
ALA;KOBIETA;1443;21801001
GERDA;KOBIETA;1419;21802420
GLORIA;KOBIETA;1403;21803823
KSENIYA;KOBIETA;1401;21805224
ROKSOLANA;KOBIETA;1386;21806610
LYUBOV;KOBIETA;1380;21807990
DOBROS£AWA;KOBIETA;1373;21809363
EKATERINA;KOBIETA;1351;21810714
ISABELLA;KOBIETA;1340;21812054
MIRA;KOBIETA;1335;21813389
YARYNA;KOBIETA;1332;21814721
MALINA;KOBIETA;1325;21816046
INA;KOBIETA;1319;21817365
LINDA;KOBIETA;1308;21818673
EULALIA;KOBIETA;1304;21819977
VALERIA;KOBIETA;1298;21821275
IRMGARDA;KOBIETA;1292;21822567
VIKTORIYA;KOBIETA;1288;21823855
KATERINA;KOBIETA;1285;21825140
JENNIFER;KOBIETA;1281;21826421
JAROS£AWA;KOBIETA;1279;21827700
YELIZAVETA;KOBIETA;1278;21828978
BERNARDYNA;KOBIETA;1277;21830255
NICOL;KOBIETA;1276;21831531
PATRICIA;KOBIETA;1270;21832801
SABRINA;KOBIETA;1255;21834056
ELLA;KOBIETA;1237;21835293
VIOLETA;KOBIETA;1233;21836526
ARIANA;KOBIETA;1231;21837757
VERANIKA;KOBIETA;1221;21838978
ELVIRA;KOBIETA;1220;21840198
DINA;KOBIETA;1218;21841416
HANNAH;KOBIETA;1214;21842630
BOGDANA;KOBIETA;1209;21843839
WANESA;KOBIETA;1207;21845046
MARCJANNA;KOBIETA;1205;21846251
ELIZABETH;KOBIETA;1189;21847440
MAJKA;KOBIETA;1181;21848621
HANKA;KOBIETA;1181;21849802
TEOFILA;KOBIETA;1170;21850972
D¯ESIKA;KOBIETA;1169;21852141
ERNA;KOBIETA;1168;21853309
MARITA;KOBIETA;1152;21854461
LUDMILA;KOBIETA;1149;21855610
SIMONA;KOBIETA;1148;21856758
ANDRIANA;KOBIETA;1141;21857899
GABRIELLA;KOBIETA;1131;21859030
ANIKA;KOBIETA;1130;21860160
LARISA;KOBIETA;1127;21861287
VALERYIA;KOBIETA;1126;21862413
DANA;KOBIETA;1122;21863535
PALINA;KOBIETA;1121;21864656
WIRGINIA;KOBIETA;1118;21865774
VERA;KOBIETA;1114;21866888
LUBA;KOBIETA;1114;21868002
LIANA;KOBIETA;1110;21869112
TAMILA;KOBIETA;1105;21870217
ALICE;KOBIETA;1099;21871316
LILY;KOBIETA;1089;21872405
ALESIA;KOBIETA;1085;21873490
CARMEN;KOBIETA;1081;21874571
DAJANA;KOBIETA;1072;21875643
VLADA;KOBIETA;1070;21876713
CAROLINE;KOBIETA;1067;21877780
YULIANA;KOBIETA;1066;21878846
NAOMI;KOBIETA;1051;21879897
EMANUELA;KOBIETA;1043;21880940
YULIA;KOBIETA;1039;21881979
BALBINA;KOBIETA;1033;21883012
DALIA;KOBIETA;1023;21884035
NIKOLETTA;KOBIETA;1020;21885055
ALICIA;KOBIETA;1019;21886074
LIZAVETA;KOBIETA;1017;21887091
BERENIKA;KOBIETA;986;21888077
NELLY;KOBIETA;981;21889058
VITALIIA;KOBIETA;976;21890034
ELIZAVETA;KOBIETA;974;21891008
BIANCA;KOBIETA;953;21891961
AKSANA;KOBIETA;952;21892913
LILIYA;KOBIETA;949;21893862
RAMONA;KOBIETA;948;21894810
KUNEGUNDA;KOBIETA;936;21895746
INKA;KOBIETA;934;21896680
IRMA;KOBIETA;932;21897612
LILLY;KOBIETA;927;21898539
DARINA;KOBIETA;923;21899462
KORNELA;KOBIETA;918;21900380
FILOMENA;KOBIETA;916;21901296
SEWERYNA;KOBIETA;914;21902210
KRYSTSINA;KOBIETA;904;21903114
ULYANA;KOBIETA;904;21904018
MAIA;KOBIETA;902;21904920
¯AKLINA;KOBIETA;899;21905819
KAYA;KOBIETA;892;21906711
IDALIA;KOBIETA;891;21907602
IWONNA;KOBIETA;884;21908486
SWIET£ANA;KOBIETA;879;21909365
JÓZEFINA;KOBIETA;873;21910238
MICHAELA;KOBIETA;873;21911111
BLANDYNA;KOBIETA;871;21911982
AMALIA;KOBIETA;870;21912852
HANA;KOBIETA;866;21913718
NADZEYA;KOBIETA;864;21914582
STEFANIIA;KOBIETA;859;21915441
CRISTINA;KOBIETA;857;21916298
BENEDYKTA;KOBIETA;857;21917155
CAROLINA;KOBIETA;856;21918011
EMILA;KOBIETA;851;21918862
INGRID;KOBIETA;848;21919710
MELANIIA;KOBIETA;845;21920555
LUBOMIRA;KOBIETA;843;21921398
LIGIA;KOBIETA;839;21922237
ABIGAIL;KOBIETA;838;21923075
NASTASSIA;KOBIETA;823;21923898
MARIAM;KOBIETA;820;21924718
MELISA;KOBIETA;818;21925536
SYBILLA;KOBIETA;815;21926351
MARIE;KOBIETA;810;21927161
GABRYELA;KOBIETA;798;21927959
ZOE;KOBIETA;796;21928755
LEONTYNA;KOBIETA;788;21929543
ROXANA;KOBIETA;782;21930325
ALIONA;KOBIETA;780;21931105
MELISSA;KOBIETA;779;21931884
CELESTYNA;KOBIETA;772;21932656
LEILA;KOBIETA;771;21933427
MONICA;KOBIETA;770;21934197
GRACJANA;KOBIETA;766;21934963
INGEBORGA;KOBIETA;760;21935723
FATIMA;KOBIETA;738;21936461
S£AWA;KOBIETA;733;21937194
TAISA;KOBIETA;733;21937927
DOBRAWA;KOBIETA;730;21938657
AURORA;KOBIETA;729;21939386
CLARA;KOBIETA;723;21940109
¯ANETTA;KOBIETA;718;21940827
MARGARETA;KOBIETA;714;21941541
LEONIA;KOBIETA;709;21942250
BERNARDETA;KOBIETA;708;21942958
ELA;KOBIETA;707;21943665
BENITA;KOBIETA;688;21944353
DZIYANA;KOBIETA;686;21945039
DOMICELA;KOBIETA;676;21945715
LISA;KOBIETA;676;21946391
MARGARYTA;KOBIETA;675;21947066
NINO;KOBIETA;669;21947735
TEKLA;KOBIETA;669;21948404
KASANDRA;KOBIETA;665;21949069
SILVIA;KOBIETA;662;21949731
ORIANA;KOBIETA;660;21950391
ORYSIA;KOBIETA;659;21951050
MYLANA;KOBIETA;655;21951705
JESIKA;KOBIETA;655;21952360
INESA;KOBIETA;653;21953013
IANA;KOBIETA;647;21953660
KARIN;KOBIETA;646;21954306
BERTA;KOBIETA;646;21954952
ARYNA;KOBIETA;638;21955590
JASMINA;KOBIETA;637;21956227
TINA;KOBIETA;636;21956863
NATALYA;KOBIETA;635;21957498
EUNIKA;KOBIETA;635;21958133
GIULIA;KOBIETA;633;21958766
DAGNA;KOBIETA;633;21959399
DOBROCHNA;KOBIETA;631;21960030
JESSIKA;KOBIETA;624;21960654
INHA;KOBIETA;622;21961276
ELISABETH;KOBIETA;621;21961897
NATHALIE;KOBIETA;620;21962517
YAUHENIYA;KOBIETA;620;21963137
ELISA;KOBIETA;619;21963756
SELENA;KOBIETA;618;21964374
JASMIN;KOBIETA;615;21964989
SOFIJA;KOBIETA;609;21965598
TAMAR;KOBIETA;607;21966205
ZOYA;KOBIETA;599;21966804
NATASHA;KOBIETA;598;21967402
SYLVIA;KOBIETA;593;21967995
NELLA;KOBIETA;591;21968586
VALIANTSINA;KOBIETA;590;21969176
NIKOLINA;KOBIETA;589;21969765
TATYANA;KOBIETA;589;21970354
SAMANTHA;KOBIETA;586;21970940
LIA;KOBIETA;580;21971520
MELANIE;KOBIETA;580;21972100
LESYA;KOBIETA;579;21972679
LIZA;KOBIETA;578;21973257
MIROSLAVA;KOBIETA;575;21973832
CATHERINE;KOBIETA;575;21974407
NELLI;KOBIETA;574;21974981
CHARLOTTE;KOBIETA;571;21975552
LILI;KOBIETA;568;21976120
LAILA;KOBIETA;568;21976688
LUCIA;KOBIETA;567;21977255
SUSANNA;KOBIETA;564;21977819
MARIETA;KOBIETA;557;21978376
BOZHENA;KOBIETA;557;21978933
LETYCJA;KOBIETA;552;21979485
LES£AWA;KOBIETA;548;21980033
NELL;KOBIETA;547;21980580
ORYNA;KOBIETA;547;21981127
JULITTA;KOBIETA;544;21981671
VIVIEN;KOBIETA;538;21982209
CHRISTINA;KOBIETA;533;21982742
MIRANDA;KOBIETA;532;21983274
AUGUSTYNA;KOBIETA;530;21983804
SAMIRA;KOBIETA;530;21984334
KATHERINE;KOBIETA;527;21984861
WILHELMINA;KOBIETA;517;21985378
NOA;KOBIETA;516;21985894
MIIA;KOBIETA;514;21986408
ELMIRA;KOBIETA;512;21986920
TEREZA;KOBIETA;511;21987431
LUNA;KOBIETA;509;21987940
ARIANNA;KOBIETA;508;21988448
ARIADNA;KOBIETA;507;21988955
MARIJA;KOBIETA;506;21989461
KATHARINA;KOBIETA;506;21989967
NIKOLETA;KOBIETA;505;21990472
SYLWESTRA;KOBIETA;504;21990976
JULIANA;KOBIETA;502;21991478
KAREN;KOBIETA;501;21991979
YAEL;KOBIETA;500;21992479
ROZWITA;KOBIETA;498;21992977
STANISLAVA;KOBIETA;495;21993472
ROZA;KOBIETA;494;21993966
MI£OS£AWA;KOBIETA;494;21994460
ELZA;KOBIETA;487;21994947
OXANA;KOBIETA;486;21995433
LAYLA;KOBIETA;486;21995919
AGNES;KOBIETA;485;21996404
VALERIYA;KOBIETA;485;21996889
YUSTYNA;KOBIETA;483;21997372
ALEVTYNA;KOBIETA;480;21997852
ERNESTYNA;KOBIETA;479;21998331
IZOLDA;KOBIETA;476;21998807
RADOS£AWA;KOBIETA;473;21999280
DOBROMI£A;KOBIETA;473;21999753
ANIA;KOBIETA;473;22000226
EMA;KOBIETA;467;22000693
ANGELICA;KOBIETA;463;22001156
EUFEMIA;KOBIETA;461;22001617
JASMINE;KOBIETA;459;22002076
RYTA;KOBIETA;456;22002532
CHRISTINE;KOBIETA;455;22002987
RYMMA;KOBIETA;452;22003439
LYUDMILA;KOBIETA;452;22003891
PETRONELA;KOBIETA;452;22004343
ALMA;KOBIETA;451;22004794
HALSZKA;KOBIETA;450;22005244
NEONILA;KOBIETA;449;22005693
AIDA;KOBIETA;449;22006142
CHIARA;KOBIETA;447;22006589
MARGOT;KOBIETA;447;22007036
LUDOMIRA;KOBIETA;444;22007480
JACQUELINE;KOBIETA;443;22007923
LIDIYA;KOBIETA;441;22008364
SOLOMIYA;KOBIETA;441;22008805
GAIA;KOBIETA;434;22009239
MATILDA;KOBIETA;434;22009673
INGRIDA;KOBIETA;432;22010105
ISABELLE;KOBIETA;428;22010533
MARTHA;KOBIETA;427;22010960
MARGARET;KOBIETA;426;22011386
RUTH;KOBIETA;426;22011812
MARYANA;KOBIETA;426;22012238
YEVANHELINA;KOBIETA;424;22012662
ISMENA;KOBIETA;419;22013081
IEVGENIIA;KOBIETA;415;22013496
LUBOV;KOBIETA;413;22013909
ANIDA;KOBIETA;412;22014321
AMY;KOBIETA;412;22014733
ISABEL;KOBIETA;408;22015141
FRANCESCA;KOBIETA;407;22015548
JELENA;KOBIETA;407;22015955
FRYDERYKA;KOBIETA;406;22016361
MICHAL;KOBIETA;406;22016767
ZLATOSLAVA;KOBIETA;404;22017171
AND¯ELINA;KOBIETA;404;22017575
CHLOE;KOBIETA;404;22017979
AMIRA;KOBIETA;403;22018382
DEBORA;KOBIETA;402;22018784
ZENAIDA;KOBIETA;401;22019185
KSYMENA;KOBIETA;401;22019586
STEPHANIE;KOBIETA;399;22019985
REHINA;KOBIETA;398;22020383
NASTIA;KOBIETA;397;22020780
MARY;KOBIETA;395;22021175
YASMIN;KOBIETA;394;22021569
BETINA;KOBIETA;393;22021962
BENIGNA;KOBIETA;393;22022355
CYRYLA;KOBIETA;392;22022747
DELFINA;KOBIETA;391;22023138
INESSA;KOBIETA;391;22023529
JESICA;KOBIETA;391;22023920
HIACYNTA;KOBIETA;390;22024310
IRENE;KOBIETA;386;22024696
NARCYZA;KOBIETA;384;22025080
LUKRECJA;KOBIETA;381;22025461
EMILIYA;KOBIETA;379;22025840
PAOLA;KOBIETA;377;22026217
LUBOW;KOBIETA;377;22026594
LUCY;KOBIETA;374;22026968
IWETTA;KOBIETA;374;22027342
AMELIE;KOBIETA;374;22027716
DAIANA;KOBIETA;373;22028089
MADINA;KOBIETA;371;22028460
GRACJA;KOBIETA;371;22028831
JULIE;KOBIETA;370;22029201
NADINE;KOBIETA;369;22029570
ANNE;KOBIETA;369;22029939
LADA;KOBIETA;369;22030308
RACHEL;KOBIETA;366;22030674
WALTRAUDA;KOBIETA;366;22031040
IWETA;KOBIETA;363;22031403
ZARINA;KOBIETA;361;22031764
ANNA-MARIIA;KOBIETA;360;22032124
VASILISA;KOBIETA;359;22032483
OLESYA;KOBIETA;359;22032842
NANA;KOBIETA;359;22033201
LEYLA;KOBIETA;358;22033559
ELIANA;KOBIETA;354;22033913
NICOLETTA;KOBIETA;354;22034267
SCHOLASTYKA;KOBIETA;353;22034620
ANICETA;KOBIETA;353;22034973
¯ANNA;KOBIETA;352;22035325
JULIIA;KOBIETA;352;22035677
LOLITA;KOBIETA;350;22036027
BIBIANNA;KOBIETA;348;22036375
AISHA;KOBIETA;345;22036720
LUISA;KOBIETA;344;22037064
LUDMYLA;KOBIETA;343;22037407
ECATERINA;KOBIETA;342;22037749
SHARON;KOBIETA;341;22038090
EMILIE;KOBIETA;336;22038426
MALIKA;KOBIETA;336;22038762
THI;KOBIETA;334;22039096
CARLA;KOBIETA;333;22039429
HERMINA;KOBIETA;333;22039762
KESJA;KOBIETA;332;22040094
LARISSA;KOBIETA;330;22040424
NADEZHDA;KOBIETA;322;22040746
VIVIENNE;KOBIETA;321;22041067
ANDRZELIKA;KOBIETA;318;22041385
A££A;KOBIETA;318;22041703
CAMILLA;KOBIETA;317;22042020
ADI;KOBIETA;317;22042337
KATIA;KOBIETA;317;22042654
ILZA;KOBIETA;316;22042970
LYDIA;KOBIETA;316;22043286
YULIANNA;KOBIETA;316;22043602
HELEN;KOBIETA;316;22043918
VLADISLAVA;KOBIETA;315;22044233
JOHANNA;KOBIETA;314;22044547
ADAMINA;KOBIETA;314;22044861
SZARLOTA;KOBIETA;314;22045175
NATIA;KOBIETA;312;22045487
KLAVDIIA;KOBIETA;311;22045798
KATARINA;KOBIETA;310;22046108
MEGAN;KOBIETA;308;22046416
MODESTA;KOBIETA;308;22046724
MIKA;KOBIETA;308;22047032
LIUBOU;KOBIETA;307;22047339
IULIA;KOBIETA;307;22047646
ROSE;KOBIETA;306;22047952
RACHELA;KOBIETA;306;22048258
CAMILA;KOBIETA;306;22048564
ELENI;KOBIETA;306;22048870
LUDWINA;KOBIETA;304;22049174
LORENA;KOBIETA;304;22049478
NILA;KOBIETA;301;22049779
ASTRID;KOBIETA;300;22050079
SUSANNE;KOBIETA;300;22050379
LANA;KOBIETA;298;22050677
CORNELIA;KOBIETA;297;22050974
LIUBOMYRA;KOBIETA;295;22051269
SWIT£ANA;KOBIETA;295;22051564
NASTAZJA;KOBIETA;294;22051858
ESTHER;KOBIETA;294;22052152
MALVINA;KOBIETA;293;22052445
MARYAM;KOBIETA;293;22052738
WERA;KOBIETA;293;22053031
KARINE;KOBIETA;292;22053323
ALESSANDRA;KOBIETA;292;22053615
GRACE;KOBIETA;290;22053905
SONJA;KOBIETA;289;22054194
PETRA;KOBIETA;288;22054482
OTOLIA;KOBIETA;288;22054770
YESENIIA;KOBIETA;287;22055057
ALESSIA;KOBIETA;286;22055343
REBECCA;KOBIETA;285;22055628
ANJA;KOBIETA;285;22055913
LEONORA;KOBIETA;285;22056198
AMELIIA;KOBIETA;283;22056481
INGRYDA;KOBIETA;282;22056763
OLIVIIA;KOBIETA;281;22057044
YEVDOKIIA;KOBIETA;281;22057325
KARMEN;KOBIETA;280;22057605
ANASTASIJA;KOBIETA;279;22057884
LUCJANNA;KOBIETA;279;22058163
WINCENTYNA;KOBIETA;278;22058441
LIIA;KOBIETA;277;22058718
URSULA;KOBIETA;277;22058995
ARLENA;KOBIETA;275;22059270
NADIJA;KOBIETA;275;22059545
ROSA;KOBIETA;274;22059819
LEAH;KOBIETA;274;22060093
HIERONIMA;KOBIETA;273;22060366
WIELIS£AWA;KOBIETA;272;22060638
DORIS;KOBIETA;272;22060910
SERAFINA;KOBIETA;272;22061182
CYNTHIA;KOBIETA;272;22061454
FATMA;KOBIETA;271;22061725
VLADLENA;KOBIETA;271;22061996
KAROLA;KOBIETA;270;22062266
ZOSIA;KOBIETA;269;22062535
PRAKSEDA;KOBIETA;269;22062804
STEPANIIA;KOBIETA;269;22063073
LEONA;KOBIETA;269;22063342
SUSAN;KOBIETA;268;22063610
NATALIJA;KOBIETA;268;22063878
KATRIN;KOBIETA;267;22064145
LILLI;KOBIETA;266;22064411
SOFIE;KOBIETA;264;22064675
DARIYA;KOBIETA;263;22064938
NADEJDA;KOBIETA;263;22065201
TEONA;KOBIETA;263;22065464
ASIA;KOBIETA;262;22065726
HERONIMA;KOBIETA;259;22065985
MARINE;KOBIETA;259;22066244
AURELA;KOBIETA;258;22066502
MIRONA;KOBIETA;257;22066759
ANAT;KOBIETA;257;22067016
SOFYA;KOBIETA;256;22067272
LAURENCJA;KOBIETA;255;22067527
LIUBA;KOBIETA;255;22067782
ZARA;KOBIETA;255;22068037
ESTER;KOBIETA;255;22068292
EVGENIIA;KOBIETA;254;22068546
SOLOMIA;KOBIETA;253;22068799
YVONNE;KOBIETA;251;22069050
KIARA;KOBIETA;251;22069301
YASMINA;KOBIETA;250;22069551
TAL;KOBIETA;250;22069801
ERWINA;KOBIETA;250;22070051
IRMGARD;KOBIETA;249;22070300
PAULINE;KOBIETA;249;22070549
JOLENTA;KOBIETA;248;22070797
FABIOLA;KOBIETA;248;22071045
LEONIDA;KOBIETA;247;22071292
BELLA;KOBIETA;247;22071539
NONNA;KOBIETA;245;22071784
ZEYNEP;KOBIETA;245;22072029
TH?;KOBIETA;244;22072273
CHANTAL;KOBIETA;244;22072517
ELIF;KOBIETA;243;22072760
RONI;KOBIETA;242;22073002
SYNTIA;KOBIETA;241;22073243
GABRIELLE;KOBIETA;241;22073484
MERVE;KOBIETA;240;22073724
DEBORAH;KOBIETA;239;22073963
SHIRA;KOBIETA;239;22074202
RENA;KOBIETA;238;22074440
DANIELLA;KOBIETA;237;22074677
ZORYANA;KOBIETA;237;22074914
SUSANA;KOBIETA;237;22075151
AMALIIA;KOBIETA;237;22075388
HILDA;KOBIETA;237;22075625
RIMMA;KOBIETA;236;22075861
NADJA;KOBIETA;236;22076097
NELI;KOBIETA;236;22076333
REBEKA;KOBIETA;234;22076567
AGATHA;KOBIETA;234;22076801
MARHARITA;KOBIETA;233;22077034
KHATUNA;KOBIETA;233;22077267
VIYALETA;KOBIETA;233;22077500
W£ODZIMIERA;KOBIETA;232;22077732
DOLORES;KOBIETA;231;22077963
KSAWERA;KOBIETA;230;22078193
FLORA;KOBIETA;230;22078423
NOELIA;KOBIETA;230;22078653
AYA;KOBIETA;229;22078882
BLANCA;KOBIETA;229;22079111
KARLA;KOBIETA;228;22079339
KAMELIA;KOBIETA;227;22079566
ILIANA;KOBIETA;226;22079792
VIVIANA;KOBIETA;226;22080018
ANNA-MARIA;KOBIETA;226;22080244
ROBERTA;KOBIETA;226;22080470
RADA;KOBIETA;226;22080696
SALMA;KOBIETA;226;22080922
BEATRIZ;KOBIETA;225;22081147
DANIELLE;KOBIETA;225;22081372
IRIS;KOBIETA;224;22081596
TADEUSZA;KOBIETA;224;22081820
KRYSTIANA;KOBIETA;224;22082044
STELA;KOBIETA;222;22082266
VICTORIIA;KOBIETA;221;22082487
MILLA;KOBIETA;221;22082708
EVGENIA;KOBIETA;221;22082929
SUZANNA;KOBIETA;220;22083149
AUGUSTA;KOBIETA;219;22083368
VIRGINIA;KOBIETA;218;22083586
ANI;KOBIETA;218;22083804
DENISE;KOBIETA;217;22084021
VIVIAN;KOBIETA;215;22084236
PATRIZIA;KOBIETA;214;22084450
EVELYN;KOBIETA;214;22084664
HERTA;KOBIETA;214;22084878
JAGIENKA;KOBIETA;214;22085092
SALOME;KOBIETA;212;22085304
IVANA;KOBIETA;212;22085516
NORA;KOBIETA;212;22085728
GUSTAWA;KOBIETA;212;22085940
ALOJZA;KOBIETA;212;22086152
SUZANNE;KOBIETA;211;22086363
TATJANA;KOBIETA;211;22086574
IZYDORA;KOBIETA;211;22086785
PAVLINA;KOBIETA;210;22086995
MARÍA;KOBIETA;210;22087205
VANDA;KOBIETA;209;22087414
EDITH;KOBIETA;208;22087622
RUT;KOBIETA;208;22087830
BOGDA;KOBIETA;208;22088038
KRISTINE;KOBIETA;208;22088246
SCARLETT;KOBIETA;207;22088453
YELIZAVIETA;KOBIETA;207;22088660
JULIETA;KOBIETA;206;22088866
VANESA;KOBIETA;205;22089071
ZBIGNIEWA;KOBIETA;205;22089276
EVGENIYA;KOBIETA;204;22089480
DIONIZA;KOBIETA;203;22089683
YEVHENIYA;KOBIETA;203;22089886
JENNY;KOBIETA;202;22090088
FELICYTA;KOBIETA;202;22090290
ROMINA;KOBIETA;201;22090491
SIMONE;KOBIETA;201;22090692
HANIA;KOBIETA;200;22090892
VITTORIA;KOBIETA;200;22091092
LOLA;KOBIETA;199;22091291
KORYNA;KOBIETA;198;22091489
WALBURGA;KOBIETA;197;22091686
RAFAELA;KOBIETA;197;22091883
ROZALIIA;KOBIETA;196;22092079
KATE;KOBIETA;194;22092273
TEA;KOBIETA;194;22092467
NADIE¯DA;KOBIETA;193;22092660
AHATA;KOBIETA;193;22092853
VIOLA;KOBIETA;193;22093046
JOSEPHINE;KOBIETA;193;22093239
WINCENTA;KOBIETA;193;22093432
ANNETTE;KOBIETA;192;22093624
CECILIA;KOBIETA;192;22093816
KATRINA;KOBIETA;192;22094008
ILANA;KOBIETA;191;22094199
AVA;KOBIETA;191;22094390
ZUZANA;KOBIETA;191;22094581
RAQUEL;KOBIETA;190;22094771
NONA;KOBIETA;190;22094961
JULIETTE;KOBIETA;190;22095151
MARGOTA;KOBIETA;190;22095341
KAMILIA;KOBIETA;190;22095531
KASJANA;KOBIETA;189;22095720
CHANEL;KOBIETA;189;22095909
KARALINA;KOBIETA;189;22096098
LUCIE;KOBIETA;188;22096286
CLAIRE;KOBIETA;187;22096473
INEZA;KOBIETA;187;22096660
MIHAELA;KOBIETA;186;22096846
DAMIANA;KOBIETA;186;22097032
MARIAMI;KOBIETA;186;22097218
WALESKA;KOBIETA;186;22097404
ANZHALIKA;KOBIETA;185;22097589
DORA;KOBIETA;185;22097774
IMAN;KOBIETA;185;22097959
LUBOMI£A;KOBIETA;185;22098144
D¥BRÓWKA;KOBIETA;184;22098328
KETEVAN;KOBIETA;184;22098512
ADEL;KOBIETA;184;22098696
KAYLA;KOBIETA;184;22098880
YUVAL;KOBIETA;183;22099063
LIDA;KOBIETA;183;22099246
KATHRIN;KOBIETA;182;22099428
LOUISE;KOBIETA;181;22099609
BETTINA;KOBIETA;179;22099788
YELENA;KOBIETA;179;22099967
PALOMA;KOBIETA;178;22100145
MARGARETE;KOBIETA;178;22100323
DENISA;KOBIETA;177;22100500
ALYONA;KOBIETA;177;22100677
DASHA;KOBIETA;177;22100854
VIORICA;KOBIETA;177;22101031
LUCJANA;KOBIETA;177;22101208
KELLY;KOBIETA;176;22101384
STEFANIYA;KOBIETA;176;22101560
KRYSPINA;KOBIETA;176;22101736
ANNIKA;KOBIETA;174;22101910
ADOLFA;KOBIETA;174;22102084
LALI;KOBIETA;174;22102258
FRYDA;KOBIETA;174;22102432
YASMINE;KOBIETA;174;22102606
LILIAN;KOBIETA;174;22102780
ZINA;KOBIETA;173;22102953
DINARA;KOBIETA;173;22103126
ELYZAVETA;KOBIETA;173;22103299
OLESEA;KOBIETA;173;22103472
BOHDANNA;KOBIETA;173;22103645
KEREN;KOBIETA;172;22103817
ADOLFINA;KOBIETA;171;22103988
XENIA;KOBIETA;171;22104159
AMBER;KOBIETA;171;22104330
KYRA;KOBIETA;171;22104501
EMILI;KOBIETA;169;22104670
HEIDI;KOBIETA;168;22104838
KASIA;KOBIETA;168;22105006
LUDGARDA;KOBIETA;168;22105174
JULIETTA;KOBIETA;168;22105342
JULIJA;KOBIETA;167;22105509
MANANA;KOBIETA;167;22105676
FAINA;KOBIETA;167;22105843
LÉA;KOBIETA;166;22106009
LUSINE;KOBIETA;166;22106175
KIM;KOBIETA;166;22106341
SABINE;KOBIETA;166;22106507
ANATOLA;KOBIETA;166;22106673
TANIA;KOBIETA;166;22106839
ANFISA;KOBIETA;165;22107004
FRIDA;KOBIETA;165;22107169
JUDITH;KOBIETA;165;22107334
LIKA;KOBIETA;164;22107498
MERCEDES;KOBIETA;164;22107662
LENKA;KOBIETA;163;22107825
NARINE;KOBIETA;163;22107988
ANTANINA;KOBIETA;163;22108151
ALISIIA;KOBIETA;163;22108314
LELA;KOBIETA;163;22108477
NINEL;KOBIETA;162;22108639
CINDY;KOBIETA;161;22108800
BIRUTA;KOBIETA;161;22108961
RODICA;KOBIETA;161;22109122
LETICIA;KOBIETA;161;22109283
EKATERINE;KOBIETA;160;22109443
TAMARI;KOBIETA;160;22109603
HENRIETA;KOBIETA;160;22109763
KAIA;KOBIETA;160;22109923
MIYA;KOBIETA;160;22110083
ASHLEY;KOBIETA;159;22110242
ALVINA;KOBIETA;159;22110401
KATJA;KOBIETA;159;22110560
JOLA;KOBIETA;158;22110718
RIMA;KOBIETA;158;22110876
AURIKA;KOBIETA;158;22111034
YEVGENIYA;KOBIETA;158;22111192
WIS£AWA;KOBIETA;158;22111350
ANN;KOBIETA;158;22111508
BEATRICE;KOBIETA;157;22111665
ZEFIRYNA;KOBIETA;157;22111822
KHAVA;KOBIETA;156;22111978
NANCY;KOBIETA;156;22112134
IELYZAVETA;KOBIETA;155;22112289
ARIA;KOBIETA;155;22112444
IWANNA;KOBIETA;155;22112599
ROMANIIA;KOBIETA;154;22112753
WALTRAUD;KOBIETA;154;22112907
CYNTIA;KOBIETA;154;22113061
SEDA;KOBIETA;154;22113215
EDITA;KOBIETA;154;22113369
AYLIN;KOBIETA;153;22113522
NIKITA;KOBIETA;153;22113675
VIKA;KOBIETA;152;22113827
NICOLL;KOBIETA;152;22113979
AFRODYTA;KOBIETA;152;22114131
ZUZA;KOBIETA;151;22114282
DOMINIQUE;KOBIETA;151;22114433
LAUREN;KOBIETA;151;22114584
SVIETLANA;KOBIETA;151;22114735
ANATOLIA;KOBIETA;151;22114886
WALTRAUT;KOBIETA;151;22115037
ELIGIA;KOBIETA;151;22115188
NAIRA;KOBIETA;150;22115338
SIUZANNA;KOBIETA;150;22115488
MARISA;KOBIETA;150;22115638
GEORGINA;KOBIETA;150;22115788
STEFANIE;KOBIETA;149;22115937
FERNANDA;KOBIETA;149;22116086
EUFROZYNA;KOBIETA;149;22116235
JUSTINE;KOBIETA;149;22116384
ESRA;KOBIETA;149;22116533
ORESTA;KOBIETA;149;22116682
CARINA;KOBIETA;149;22116831
KATIE;KOBIETA;148;22116979
HILA;KOBIETA;148;22117127
ALIA;KOBIETA;148;22117275
KORA;KOBIETA;147;22117422
IRAIDA;KOBIETA;147;22117569
INGEBORG;KOBIETA;147;22117716
AMIT;KOBIETA;147;22117863
MARION;KOBIETA;147;22118010
LUDOMI£A;KOBIETA;147;22118157
MISHEL;KOBIETA;147;22118304
WIWIANA;KOBIETA;147;22118451
¯AKLIN;KOBIETA;147;22118598
WIEÑCZYS£AWA;KOBIETA;147;22118745
IWONKA;KOBIETA;146;22118891
MILIENA;KOBIETA;146;22119037
ANNABELLE;KOBIETA;146;22119183
ELIZABET;KOBIETA;146;22119329
FARIDA;KOBIETA;146;22119475
EDELTRAUD;KOBIETA;146;22119621
FIONA;KOBIETA;145;22119766
NOGA;KOBIETA;145;22119911
SOLOMIJA;KOBIETA;145;22120056
ELLEN;KOBIETA;145;22120201
GAYANE;KOBIETA;145;22120346
PARASKOVIIA;KOBIETA;145;22120491
EDWINA;KOBIETA;145;22120636
LILIT;KOBIETA;144;22120780
AND¯ELA;KOBIETA;144;22120924
LEONIE;KOBIETA;144;22121068
EDMUNDA;KOBIETA;143;22121211
ZINOVIIA;KOBIETA;143;22121354
BRENDA;KOBIETA;143;22121497
MIJA;KOBIETA;143;22121640
CAMILLE;KOBIETA;143;22121783
LILLIAN;KOBIETA;142;22121925
MARGERITA;KOBIETA;142;22122067
SWITLANA;KOBIETA;142;22122209
AN¯ELIKA;KOBIETA;142;22122351
SAFIYA;KOBIETA;142;22122493
AYLA;KOBIETA;141;22122634
OFELIA;KOBIETA;141;22122775
NASTASIIA;KOBIETA;141;22122916
AYªE;KOBIETA;141;22123057
ANAHIT;KOBIETA;141;22123198
MOLLY;KOBIETA;141;22123339
KRYSTINA;KOBIETA;139;22123478
SATURNINA;KOBIETA;139;22123617
LIAT;KOBIETA;139;22123756
MALENA;KOBIETA;139;22123895
ALEXIA;KOBIETA;139;22124034
LIDZIYA;KOBIETA;139;22124173
ALBERTYNA;KOBIETA;139;22124312
MADELEINE;KOBIETA;139;22124451
GABRIELE;KOBIETA;139;22124590
HANNELORE;KOBIETA;139;22124729
MICAELA;KOBIETA;139;22124868
NELYA;KOBIETA;138;22125006
MAKA;KOBIETA;138;22125144
TAISIYA;KOBIETA;138;22125282
SYLWANA;KOBIETA;138;22125420
HILDEGARD;KOBIETA;137;22125557
SUZANA;KOBIETA;137;22125694
FLORENCIA;KOBIETA;136;22125830
GAL;KOBIETA;136;22125966
LORETTA;KOBIETA;136;22126102
SYLWINA;KOBIETA;136;22126238
PIA;KOBIETA;136;22126374
BRIGITTE;KOBIETA;136;22126510
ALANA;KOBIETA;136;22126646
MAURA;KOBIETA;136;22126782
DOINA;KOBIETA;135;22126917
KIMBERLY;KOBIETA;135;22127052
KAMA;KOBIETA;135;22127187
FLORIANNA;KOBIETA;135;22127322
TIFFANY;KOBIETA;135;22127457
GISELA;KOBIETA;135;22127592
ZYGFRYDA;KOBIETA;134;22127726
FABIANA;KOBIETA;134;22127860
NICOLETA;KOBIETA;134;22127994
JUTA;KOBIETA;134;22128128
IAROSLAVA;KOBIETA;133;22128261
NATALI;KOBIETA;133;22128394
NATALKA;KOBIETA;133;22128527
ELSA;KOBIETA;133;22128660
MERI;KOBIETA;133;22128793
MELODY;KOBIETA;130;22128923
NETA;KOBIETA;129;22129052
ISABELL;KOBIETA;129;22129181
KOLETA;KOBIETA;129;22129310
WALENTINA;KOBIETA;129;22129439
DOROTHEA;KOBIETA;129;22129568
BEATE;KOBIETA;129;22129697
ARETA;KOBIETA;128;22129825
MATHILDE;KOBIETA;128;22129953
MÁRIA;KOBIETA;128;22130081
DOROTHY;KOBIETA;128;22130209
JANET;KOBIETA;128;22130337
EMINE;KOBIETA;128;22130465
LIYA;KOBIETA;128;22130593
ALEJANDRA;KOBIETA;127;22130720
TANYA;KOBIETA;127;22130847
DILARA;KOBIETA;127;22130974
DAISY;KOBIETA;127;22131101
WIRA;KOBIETA;127;22131228
VASYLISA;KOBIETA;127;22131355
MONA;KOBIETA;126;22131481
MARYSIA;KOBIETA;126;22131607
SHIR;KOBIETA;126;22131733
DANYILA;KOBIETA;126;22131859
ROSEMARIE;KOBIETA;126;22131985
KORDULA;KOBIETA;125;22132110
SHANI;KOBIETA;125;22132235
IRA;KOBIETA;125;22132360
ROSANNA;KOBIETA;124;22132484
ANNAMARIA;KOBIETA;124;22132608
BERNADYNA;KOBIETA;124;22132732
FLAVIA;KOBIETA;124;22132856
BEATRYCZE;KOBIETA;124;22132980
EMILIANA;KOBIETA;124;22133104
ERICA;KOBIETA;124;22133228
PAVLYNA;KOBIETA;124;22133352
ROTEM;KOBIETA;124;22133476
ALIYA;KOBIETA;124;22133600
NOAM;KOBIETA;123;22133723
£ARYSA;KOBIETA;123;22133846
DAMARIS;KOBIETA;123;22133969
CASSANDRA;KOBIETA;123;22134092
ILARIIA;KOBIETA;123;22134215
CELINE;KOBIETA;123;22134338
MARIANNE;KOBIETA;123;22134461
IVONA;KOBIETA;123;22134584
MILADA;KOBIETA;123;22134707
O£ENA;KOBIETA;122;22134829
ELLIE;KOBIETA;122;22134951
ASYA;KOBIETA;122;22135073
AVRORA;KOBIETA;122;22135195
ANYA;KOBIETA;121;22135316
SEVDA;KOBIETA;121;22135437
LILIJA;KOBIETA;121;22135558
FEDERICA;KOBIETA;121;22135679
MINA;KOBIETA;121;22135800
FLORENCE;KOBIETA;121;22135921
EDELTRAUT;KOBIETA;120;22136041
XYMENA;KOBIETA;120;22136161
REBECA;KOBIETA;120;22136281
RUBY;KOBIETA;120;22136401
CATERINA;KOBIETA;120;22136521
HILARIA;KOBIETA;120;22136641
RENATE;KOBIETA;120;22136761
TARA;KOBIETA;119;22136880
LEIA;KOBIETA;119;22136999
LUCIANA;KOBIETA;119;22137118
SYBILA;KOBIETA;119;22137237
VIKTORIJA;KOBIETA;119;22137356
KHEDA;KOBIETA;119;22137475
IVANKA;KOBIETA;119;22137594
SELIN;KOBIETA;118;22137712
HELENE;KOBIETA;118;22137830
MERYEM;KOBIETA;118;22137948
ILARIA;KOBIETA;117;22138065
YASEMIN;KOBIETA;117;22138182
JANE;KOBIETA;117;22138299
ANNEMARIE;KOBIETA;117;22138416
IOANNA;KOBIETA;117;22138533
ZORYNA;KOBIETA;116;22138649
YADVIHA;KOBIETA;116;22138765
JUTTA;KOBIETA;116;22138881
ORYSLAVA;KOBIETA;116;22138997
SHORENA;KOBIETA;115;22139112
SASKIA;KOBIETA;115;22139227
EDEN;KOBIETA;115;22139342
JUSTINA;KOBIETA;115;22139457
JANKA;KOBIETA;115;22139572
LIJA;KOBIETA;115;22139687
AIGERIM;KOBIETA;115;22139802
ARMINE;KOBIETA;115;22139917
KORINA;KOBIETA;115;22140032
MAAYAN;KOBIETA;115;22140147
DALILA;KOBIETA;114;22140261
IWA;KOBIETA;114;22140375
HADAR;KOBIETA;114;22140489
HASMIK;KOBIETA;114;22140603
BÜªRA;KOBIETA;114;22140717
ANABELLA;KOBIETA;114;22140831
MAY;KOBIETA;113;22140944
BRONISLAVA;KOBIETA;113;22141057
CHLOÉ;KOBIETA;113;22141170
JOANA;KOBIETA;113;22141283
JEANETTE;KOBIETA;113;22141396
SELMA;KOBIETA;113;22141509
ITA;KOBIETA;113;22141622
ZHASMIN;KOBIETA;113;22141735
ELISE;KOBIETA;112;22141847
FILIPINA;KOBIETA;112;22141959
ZITA;KOBIETA;112;22142071
ISABELA;KOBIETA;111;22142182
NAAMA;KOBIETA;111;22142293
ELENE;KOBIETA;111;22142404
ARIELA;KOBIETA;111;22142515
SOPIO;KOBIETA;111;22142626
MARI;KOBIETA;110;22142736
IVETA;KOBIETA;110;22142846
FELICIA;KOBIETA;110;22142956
TALI;KOBIETA;110;22143066
SWIETLANA;KOBIETA;110;22143176
MATHILDA;KOBIETA;110;22143286
RUZANNA;KOBIETA;109;22143395
AMINAT;KOBIETA;109;22143504
MONIQUE;KOBIETA;109;22143613
DIANE;KOBIETA;108;22143721
BERNARDETTA;KOBIETA;108;22143829
ADELE;KOBIETA;108;22143937
TELIMENA;KOBIETA;108;22144045
EL?F;KOBIETA;108;22144153
ORIT;KOBIETA;108;22144261
GIORGIA;KOBIETA;108;22144369
ROMANNA;KOBIETA;108;22144477
CATALEYA;KOBIETA;108;22144585
VALERIE;KOBIETA;107;22144692
EFRAT;KOBIETA;107;22144799
GEORGIA;KOBIETA;107;22144906
MYKHAILYNA;KOBIETA;107;22145013
MAKKA;KOBIETA;106;22145119
GIOVANNA;KOBIETA;106;22145225
ALIESIA;KOBIETA;106;22145331
MAI;KOBIETA;106;22145437
KATHRYN;KOBIETA;106;22145543
ARIEL;KOBIETA;106;22145649
PRZEMYS£AWA;KOBIETA;106;22145755
ELLINA;KOBIETA;106;22145861
SORAYA;KOBIETA;106;22145967
ULADZISLAVA;KOBIETA;105;22146072
AUDREY;KOBIETA;105;22146177
YING;KOBIETA;105;22146282
ARKADIA;KOBIETA;105;22146387
ANELIA;KOBIETA;105;22146492
MIRRA;KOBIETA;105;22146597
AMÉLIE;KOBIETA;104;22146701
BAZHENA;KOBIETA;104;22146805
GULNARA;KOBIETA;104;22146909
RAYANA;KOBIETA;104;22147013
YEKATERINA;KOBIETA;104;22147117
VIERA;KOBIETA;103;22147220
VIERONIKA;KOBIETA;103;22147323
WILMA;KOBIETA;103;22147426
IULIANA;KOBIETA;103;22147529
MICHELE;KOBIETA;103;22147632
TOMIRA;KOBIETA;102;22147734
ALEVTINA;KOBIETA;102;22147836
HENRIETTA;KOBIETA;102;22147938
JOANNE;KOBIETA;102;22148040
ROSALIA;KOBIETA;102;22148142
KARIONA;KOBIETA;102;22148244
ZYGRYDA;KOBIETA;102;22148346
SOFÍA;KOBIETA;102;22148448
GINA;KOBIETA;102;22148550
CELIA;KOBIETA;102;22148652
ZAHRA;KOBIETA;102;22148754
YEVGENIIA;KOBIETA;101;22148855
DAGMAR;KOBIETA;101;22148956
ELVINA;KOBIETA;101;22149057
ELLI;KOBIETA;101;22149158
AYELET;KOBIETA;101;22149259
FRIEDA;KOBIETA;101;22149360
RAJMUNDA;KOBIETA;101;22149461
TAIDA;KOBIETA;101;22149562
DERYA;KOBIETA;101;22149663
EKA;KOBIETA;101;22149764
MIRASLAVA;KOBIETA;100;22149864
INBAL;KOBIETA;100;22149964
DAGNY;KOBIETA;100;22150064
DORINA;KOBIETA;100;22150164
MAKSYMILIANA;KOBIETA;100;22150264
IANINA;KOBIETA;100;22150364
ELIZABETA;KOBIETA;100;22150464
IVY;KOBIETA;100;22150564
INDIA;KOBIETA;100;22150664
BIBIANA;KOBIETA;99;22150763
SONYA;KOBIETA;99;22150862
MYRIAM;KOBIETA;99;22150961
RAYISA;KOBIETA;99;22151060
SERAFYMA;KOBIETA;99;22151159
PETIMAT;KOBIETA;99;22151258
ROKSOLIANA;KOBIETA;99;22151357
ANIUTA;KOBIETA;99;22151456
HOLLY;KOBIETA;99;22151555
VASILINA;KOBIETA;99;22151654
CATALINA;KOBIETA;99;22151753
IEVA;KOBIETA;98;22151851
CHRISTA;KOBIETA;98;22151949
ALBA;KOBIETA;98;22152047
TOSIA;KOBIETA;98;22152145
SAWA;KOBIETA;98;22152243
BERNADETTE;KOBIETA;98;22152341
DOMINICA;KOBIETA;98;22152439
YEKATERYNA;KOBIETA;98;22152537
LILLIANA;KOBIETA;97;22152634
SNEZHANA;KOBIETA;97;22152731
EINAT;KOBIETA;97;22152828
SASHA;KOBIETA;97;22152925
YAN;KOBIETA;97;22153022
ALEX;KOBIETA;97;22153119
CORINA;KOBIETA;97;22153216
MARGITA;KOBIETA;97;22153313
NADYA;KOBIETA;97;22153410
MICHELA;KOBIETA;97;22153507
VOLODYMYRA;KOBIETA;97;22153604
ALINE;KOBIETA;97;22153701
ZAREMA;KOBIETA;97;22153798
VENERA;KOBIETA;96;22153894
KATALIN;KOBIETA;96;22153990
RUS£ANA;KOBIETA;96;22154086
TINATIN;KOBIETA;96;22154182
NAWOJKA;KOBIETA;96;22154278
TAISIA;KOBIETA;96;22154374
RENIS£AWA;KOBIETA;96;22154470
JÚLIA;KOBIETA;95;22154565
ESMERALDA;KOBIETA;95;22154660
LI;KOBIETA;95;22154755
LOUISA;KOBIETA;95;22154850
CHANA;KOBIETA;95;22154945
ROSALIE;KOBIETA;95;22155040
FRANZISKA;KOBIETA;95;22155135
ANABEL;KOBIETA;95;22155230
BURCU;KOBIETA;95;22155325
LIOR;KOBIETA;95;22155420
ROSITA;KOBIETA;95;22155515
THEA;KOBIETA;95;22155610
MAHDALYNA;KOBIETA;95;22155705
MATILDE;KOBIETA;94;22155799
MARIELA;KOBIETA;94;22155893
HADAS;KOBIETA;94;22155987
LUANA;KOBIETA;94;22156081
CAROLIN;KOBIETA;94;22156175
JANETA;KOBIETA;94;22156269
CHRYSTYNA;KOBIETA;94;22156363
LIHI;KOBIETA;94;22156457
ALISON;KOBIETA;94;22156551
ALISHA;KOBIETA;94;22156645
MELINA;KOBIETA;94;22156739
SHEILA;KOBIETA;93;22156832
WIKTORIJA;KOBIETA;93;22156925
KERSTIN;KOBIETA;93;22157018
ZHANA;KOBIETA;93;22157111
MARTIKA;KOBIETA;93;22157204
KVITOSLAVA;KOBIETA;93;22157297
CANSU;KOBIETA;92;22157389
JANETTA;KOBIETA;92;22157481
KAROLINE;KOBIETA;92;22157573
MI£A;KOBIETA;92;22157665
DAYANA;KOBIETA;92;22157757
ANDRIIANA;KOBIETA;92;22157849
GAYA;KOBIETA;92;22157941
KORALIA;KOBIETA;92;22158033
SOFI;KOBIETA;92;22158125
EBRU;KOBIETA;91;22158216
ALEXA;KOBIETA;91;22158307
KWIRYNA;KOBIETA;91;22158398
INBAR;KOBIETA;91;22158489
SELINA;KOBIETA;91;22158580
NADEZDA;KOBIETA;91;22158671
SERAFIMA;KOBIETA;91;22158762
PARASKA;KOBIETA;91;22158853
INDIRA;KOBIETA;91;22158944
JING;KOBIETA;91;22159035
CHEN;KOBIETA;91;22159126
WIOLA;KOBIETA;91;22159217
SILVANA;KOBIETA;90;22159307
KLARYSA;KOBIETA;90;22159397
ALEXIS;KOBIETA;90;22159487
WITA;KOBIETA;90;22159577
ATENA;KOBIETA;90;22159667
LÉNA;KOBIETA;90;22159757
SUZAN;KOBIETA;90;22159847
PRIYANKA;KOBIETA;90;22159937
DAMINIKA;KOBIETA;90;22160027
ANDRZELINA;KOBIETA;90;22160117
JENIFER;KOBIETA;90;22160207
LUDMY£A;KOBIETA;89;22160296
SYDONIA;KOBIETA;89;22160385
VITALIYA;KOBIETA;89;22160474
GIZEM;KOBIETA;89;22160563
FREYA;KOBIETA;89;22160652
RADMILA;KOBIETA;89;22160741
AMAL;KOBIETA;89;22160830
ANZHELINA;KOBIETA;89;22160919
KATHLEEN;KOBIETA;89;22161008
MERIEM;KOBIETA;88;22161096
ELISABETTA;KOBIETA;88;22161184
VASYLYSA;KOBIETA;88;22161272
MOR;KOBIETA;88;22161360
ANUSH;KOBIETA;88;22161448
TESSA;KOBIETA;88;22161536
EMI;KOBIETA;87;22161623
MIKAELA;KOBIETA;87;22161710
ELEANOR;KOBIETA;87;22161797
ARNIKA;KOBIETA;87;22161884
JULIET;KOBIETA;87;22161971
NATO;KOBIETA;87;22162058
ESTELLE;KOBIETA;87;22162145
ANASTAZIA;KOBIETA;87;22162232
THU;KOBIETA;87;22162319
ADELIIA;KOBIETA;87;22162406
SALWINA;KOBIETA;86;22162492
EVE;KOBIETA;86;22162578
EVIALINA;KOBIETA;86;22162664
SONA;KOBIETA;86;22162750
IIA;KOBIETA;86;22162836
LIENA;KOBIETA;86;22162922
SIGRID;KOBIETA;86;22163008
DAFNA;KOBIETA;86;22163094
FLAWIA;KOBIETA;86;22163180
DALIDA;KOBIETA;86;22163266
AHNESA;KOBIETA;86;22163352
ROSWITA;KOBIETA;86;22163438
EDA;KOBIETA;85;22163523
ROMI;KOBIETA;85;22163608
KHRISTINA;KOBIETA;85;22163693
ARZU;KOBIETA;85;22163778
LILIANE;KOBIETA;85;22163863
BRUNHILDA;KOBIETA;85;22163948
ALIKA;KOBIETA;85;22164033
WIKTORIIA;KOBIETA;85;22164118
YEVHENIA;KOBIETA;85;22164203
MARLENE;KOBIETA;85;22164288
DAROMI£A;KOBIETA;84;22164372
RUSUDAN;KOBIETA;84;22164456
EVANGELINA;KOBIETA;84;22164540
SERENA;KOBIETA;84;22164624
RINA;KOBIETA;84;22164708
ANETTE;KOBIETA;84;22164792
RUFINA;KOBIETA;84;22164876
AALIYAH;KOBIETA;83;22164959
ALEKSA;KOBIETA;83;22165042
PHUONG;KOBIETA;83;22165125
JAROSLAVA;KOBIETA;83;22165208
ELNARA;KOBIETA;83;22165291
THUY;KOBIETA;82;22165373
ZAIRA;KOBIETA;82;22165455
ANZELMA;KOBIETA;82;22165537
LORETA;KOBIETA;82;22165619
DANIEL;KOBIETA;82;22165701
SAIDA;KOBIETA;82;22165783
ANTONELLA;KOBIETA;81;22165864
ANISA;KOBIETA;81;22165945
MARGARETTA;KOBIETA;81;22166026
MASZA;KOBIETA;81;22166107
THERESA;KOBIETA;81;22166188
MORAN;KOBIETA;81;22166269
GALIA;KOBIETA;81;22166350
SIVAN;KOBIETA;81;22166431
ANASTASSIYA;KOBIETA;81;22166512
RONIT;KOBIETA;81;22166593
BRIGIDA;KOBIETA;80;22166673
ERIN;KOBIETA;80;22166753
MELA;KOBIETA;80;22166833
NIKOLE;KOBIETA;80;22166913
JEKATIERINA;KOBIETA;80;22166993
ANNELIESE;KOBIETA;80;22167073
IVA;KOBIETA;80;22167153
SYLVIE;KOBIETA;80;22167233
TANJA;KOBIETA;80;22167313
LEOPOLDA;KOBIETA;80;22167393
ROMY;KOBIETA;80;22167473
ADELAIDA;KOBIETA;80;22167553
LATIKA;KOBIETA;79;22167632
EUZEBIA;KOBIETA;79;22167711
SVIATOSLAVA;KOBIETA;79;22167790
KHRYSTSINA;KOBIETA;79;22167869
RADZIS£AWA;KOBIETA;79;22167948
MARKHA;KOBIETA;79;22168027
ALBERTA;KOBIETA;79;22168106
IA;KOBIETA;79;22168185
TACJANA;KOBIETA;79;22168264
USTYNA;KOBIETA;78;22168342
HORTENSJA;KOBIETA;78;22168420
ORYSYA;KOBIETA;78;22168498
WALDEMARA;KOBIETA;78;22168576
SILVIIA;KOBIETA;78;22168654
CAROL;KOBIETA;78;22168732
JAQUELINE;KOBIETA;78;22168810
AFINA;KOBIETA;78;22168888
WENESA;KOBIETA;78;22168966
NEHA;KOBIETA;78;22169044
MARGARETHE;KOBIETA;78;22169122
ADELHEID;KOBIETA;77;22169199
TARSYLIA;KOBIETA;77;22169276
RIVKA;KOBIETA;77;22169353
LETIZIA;KOBIETA;77;22169430
PRISCILLA;KOBIETA;77;22169507
TALIA;KOBIETA;77;22169584
DUYGU;KOBIETA;77;22169661
SNIZHANNA;KOBIETA;77;22169738
RANIA;KOBIETA;77;22169815
SHELLY;KOBIETA;77;22169892
ADELIA;KOBIETA;77;22169969
GERTRUD;KOBIETA;76;22170045
KATYA;KOBIETA;76;22170121
KAYAH;KOBIETA;76;22170197
GILI;KOBIETA;76;22170273
SIBEL;KOBIETA;76;22170349
WARWARA;KOBIETA;76;22170425
HA£YNA;KOBIETA;76;22170501
KHATIA;KOBIETA;76;22170577
INGE;KOBIETA;76;22170653
SENA;KOBIETA;76;22170729
ULANA;KOBIETA;76;22170805
IRINE;KOBIETA;76;22170881
GALIT;KOBIETA;76;22170957
GOHAR;KOBIETA;75;22171032
AISZA;KOBIETA;75;22171107
GAMZE;KOBIETA;75;22171182
NI;KOBIETA;75;22171257
MILANIIA;KOBIETA;75;22171332
KLOTYLDA;KOBIETA;75;22171407
DOBROMIRA;KOBIETA;75;22171482
YUNA;KOBIETA;75;22171557
ALODIA;KOBIETA;75;22171632
ANKA;KOBIETA;75;22171707
LAETITIA;KOBIETA;75;22171782
NADINA;KOBIETA;74;22171856
JOY;KOBIETA;74;22171930
ROXANNE;KOBIETA;74;22172004
KONSTANTYNA;KOBIETA;74;22172078
OR;KOBIETA;74;22172152
SOPIKO;KOBIETA;74;22172226
SHIRLEY;KOBIETA;74;22172300
CHELSEA;KOBIETA;74;22172374
ORINA;KOBIETA;74;22172448
ELIDIA;KOBIETA;74;22172522
MZIA;KOBIETA;74;22172596
EVELIN;KOBIETA;73;22172669
LEE;KOBIETA;73;22172742
JAMILA;KOBIETA;73;22172815
BRAK DANYCH;KOBIETA;73;22172888
VIORIKA;KOBIETA;73;22172961
REUT;KOBIETA;73;22173034
ANNABEL;KOBIETA;73;22173107
LIUSIA;KOBIETA;73;22173180
GALI;KOBIETA;73;22173253
GRACIELA;KOBIETA;73;22173326
AGUSTINA;KOBIETA;73;22173399
BRUNA;KOBIETA;73;22173472
ANDREEA;KOBIETA;73;22173545
SNIAZHANA;KOBIETA;72;22173617
IRIT;KOBIETA;72;22173689
LEJLA;KOBIETA;72;22173761
DONNA;KOBIETA;72;22173833
ÖZGE;KOBIETA;72;22173905
HONG;KOBIETA;72;22173977
MARISSA;KOBIETA;72;22174049
DENIZ;KOBIETA;72;22174121
NATELA;KOBIETA;72;22174193
ELODIE;KOBIETA;72;22174265
ODETTA;KOBIETA;72;22174337
WITOS£AWA;KOBIETA;72;22174409
DZVENYSLAVA;KOBIETA;72;22174481
SHAHAR;KOBIETA;72;22174553
AICHA;KOBIETA;71;22174624
LAWINIA;KOBIETA;71;22174695
SOL;KOBIETA;71;22174766
ROSANA;KOBIETA;71;22174837
IOANA;KOBIETA;71;22174908
AINUR;KOBIETA;71;22174979
EZGI;KOBIETA;71;22175050
ASIIA;KOBIETA;71;22175121
MIROSLAWA;KOBIETA;71;22175192
FANNY;KOBIETA;71;22175263
ELZBIETA;KOBIETA;71;22175334
VIVIANE;KOBIETA;70;22175404
POOJA;KOBIETA;70;22175474
JOLITA;KOBIETA;70;22175544
ANISIIA;KOBIETA;70;22175614
GERARDA;KOBIETA;70;22175684
EVGHENIA;KOBIETA;70;22175754
DAMLA;KOBIETA;70;22175824
FABIENNE;KOBIETA;70;22175894
ZALINA;KOBIETA;70;22175964
HEDWIG;KOBIETA;70;22176034
KARIMA;KOBIETA;70;22176104
NICOLETTE;KOBIETA;70;22176174
LAVINIA;KOBIETA;69;22176243
AZA;KOBIETA;69;22176312
LECHOS£AWA;KOBIETA;69;22176381
NAILA;KOBIETA;69;22176450
NATÁLIA;KOBIETA;69;22176519
VERONIQUE;KOBIETA;69;22176588
ALLISON;KOBIETA;69;22176657
THERESE;KOBIETA;69;22176726
AMELIYA;KOBIETA;69;22176795
MILENIA;KOBIETA;69;22176864
SIENNA;KOBIETA;69;22176933
ALOJZJA;KOBIETA;69;22177002
AHNIIA;KOBIETA;69;22177071
ROSIE;KOBIETA;69;22177140
THANH;KOBIETA;69;22177209
ALYSSA;KOBIETA;69;22177278
AGATHE;KOBIETA;68;22177346
CHANTELLE;KOBIETA;68;22177414
ARUZHAN;KOBIETA;68;22177482
LORA;KOBIETA;68;22177550
RUZANA;KOBIETA;68;22177618
NATASCHA;KOBIETA;68;22177686
ZAINAB;KOBIETA;68;22177754
PHOEBE;KOBIETA;68;22177822
AYALA;KOBIETA;68;22177890
BAR;KOBIETA;68;22177958
BOGDANNA;KOBIETA;68;22178026
GEMMA;KOBIETA;68;22178094
KHADIZHAT;KOBIETA;68;22178162
CHAJA;KOBIETA;68;22178230
MARGHERITA;KOBIETA;68;22178298
CEREN;KOBIETA;68;22178366
DZINA;KOBIETA;68;22178434
MELINDA;KOBIETA;67;22178501
ASMA;KOBIETA;67;22178568
GUDRUN;KOBIETA;67;22178635
HAZEL;KOBIETA;67;22178702
SIMA;KOBIETA;67;22178769
ESTELLA;KOBIETA;67;22178836
LIMOR;KOBIETA;67;22178903
SANA;KOBIETA;67;22178970
KÜBRA;KOBIETA;67;22179037
JANNA;KOBIETA;67;22179104
LAN;KOBIETA;67;22179171
GVANTSA;KOBIETA;67;22179238
PINAR;KOBIETA;67;22179305
BETTY;KOBIETA;67;22179372
NICOLLE;KOBIETA;66;22179438
AIDANA;KOBIETA;66;22179504
ERNESTA;KOBIETA;66;22179570
DZIANA;KOBIETA;66;22179636
NELLIA;KOBIETA;66;22179702
RONJA;KOBIETA;66;22179768
SHIRI;KOBIETA;66;22179834
BELA;KOBIETA;66;22179900
WEI;KOBIETA;66;22179966
DELIA;KOBIETA;66;22180032
STEPANIYA;KOBIETA;66;22180098
ASLI;KOBIETA;66;22180164
YU;KOBIETA;66;22180230
SHOSHANA;KOBIETA;66;22180296
AZIZA;KOBIETA;66;22180362
MAR¯OLENA;KOBIETA;66;22180428
KATHY;KOBIETA;66;22180494
NOYA;KOBIETA;66;22180560
MARICHKA;KOBIETA;66;22180626
ANGIELIKA;KOBIETA;65;22180691
YEVHENA;KOBIETA;65;22180756
GRYZELDA;KOBIETA;65;22180821
DORIT;KOBIETA;65;22180886
MELITA;KOBIETA;65;22180951
VESNA;KOBIETA;65;22181016
NUR;KOBIETA;65;22181081
FLORENCJA;KOBIETA;65;22181146
RANA;KOBIETA;65;22181211
ECE;KOBIETA;65;22181276
ANH;KOBIETA;65;22181341
VALENTINE;KOBIETA;65;22181406
KARMELA;KOBIETA;65;22181471
MARA;KOBIETA;65;22181536
KONRADA;KOBIETA;65;22181601
YARDEN;KOBIETA;64;22181665
LOTTA;KOBIETA;64;22181729
LALITA;KOBIETA;64;22181793
LIV;KOBIETA;64;22181857
NADIN;KOBIETA;64;22181921
MARCELLA;KOBIETA;64;22181985
GIZELLA;KOBIETA;64;22182049
ESMA;KOBIETA;64;22182113
NATALY;KOBIETA;64;22182177
ANAIT;KOBIETA;64;22182241
ZOHAR;KOBIETA;64;22182305
ZORESLAVA;KOBIETA;64;22182369
ROZANNA;KOBIETA;64;22182433
OFRI;KOBIETA;63;22182496
WIÊTOS£AWA;KOBIETA;63;22182559
KARENA;KOBIETA;63;22182622
TONIA;KOBIETA;63;22182685
TRAUTA;KOBIETA;63;22182748
ARYA;KOBIETA;63;22182811
ZELMA;KOBIETA;63;22182874
MARGIT;KOBIETA;63;22182937
ZOEY;KOBIETA;63;22183000
NADA;KOBIETA;63;22183063
TATEVIK;KOBIETA;63;22183126
JARMILA;KOBIETA;63;22183189
THI THUY;KOBIETA;63;22183252
ODETA;KOBIETA;63;22183315
SANDY;KOBIETA;63;22183378
VERED;KOBIETA;62;22183440
KLEOPATRA;KOBIETA;62;22183502
JOAN;KOBIETA;62;22183564
FAITH;KOBIETA;62;22183626
ALMIRA;KOBIETA;62;22183688
NITZAN;KOBIETA;62;22183750
YOLANDA;KOBIETA;62;22183812
JEKATERINA;KOBIETA;62;22183874
BAHAR;KOBIETA;62;22183936
ÖZLEM;KOBIETA;62;22183998
ANNABELLA;KOBIETA;62;22184060
SIGAL;KOBIETA;62;22184122
NGOC;KOBIETA;62;22184184
ORLY;KOBIETA;62;22184246
MADONA;KOBIETA;62;22184308
LIUBOW;KOBIETA;62;22184370
ZOÉ;KOBIETA;62;22184432
MÓNICA;KOBIETA;62;22184494
ALEYNA;KOBIETA;61;22184555
NARGIZ;KOBIETA;61;22184616
ANAIS;KOBIETA;61;22184677
RAMINA;KOBIETA;61;22184738
HRAZHYNA;KOBIETA;61;22184799
KATALEJA;KOBIETA;61;22184860
HEATHER;KOBIETA;61;22184921
LIANNA;KOBIETA;61;22184982
RONA;KOBIETA;61;22185043
WITOLDA;KOBIETA;61;22185104
MALGORZATA;KOBIETA;61;22185165
JANETTE;KOBIETA;61;22185226
OCTAVIA;KOBIETA;61;22185287
PATRYCIA;KOBIETA;61;22185348
KATEØINA;KOBIETA;60;22185408
ASSEL;KOBIETA;60;22185468
ASTRYDA;KOBIETA;60;22185528
KASSANDRA;KOBIETA;60;22185588
TAMTA;KOBIETA;60;22185648
NATHALIA;KOBIETA;60;22185708
KIMBERLEY;KOBIETA;60;22185768
SANTANA;KOBIETA;60;22185828
SAMUELA;KOBIETA;60;22185888
W£ODZIS£AWA;KOBIETA;60;22185948
MIEROS£AWA;KOBIETA;60;22186008
ZOI;KOBIETA;60;22186068
VIKTÓRIA;KOBIETA;60;22186128
DARJA;KOBIETA;60;22186188
KONSTANTINA;KOBIETA;60;22186248
ROXANNA;KOBIETA;60;22186308
ZYGMUNTA;KOBIETA;59;22186367
NELLIE;KOBIETA;59;22186426
JEANNETTE;KOBIETA;59;22186485
JIE;KOBIETA;59;22186544
INÉS;KOBIETA;59;22186603
MELANIYA;KOBIETA;59;22186662
EMILLY;KOBIETA;59;22186721
SANTA;KOBIETA;59;22186780
POLIANNA;KOBIETA;59;22186839
LUCÍA;KOBIETA;59;22186898
VERÓNICA;KOBIETA;59;22186957
JUANA;KOBIETA;59;22187016
SILVIYA;KOBIETA;59;22187075
ZOË;KOBIETA;59;22187134
OMER;KOBIETA;59;22187193
DALI;KOBIETA;59;22187252
EUDOKIA;KOBIETA;59;22187311
PERLA;KOBIETA;59;22187370
MAYYA;KOBIETA;59;22187429
MARCIA;KOBIETA;59;22187488
SARRA;KOBIETA;59;22187547
ZEHRA;KOBIETA;59;22187606
OLEXANDRA;KOBIETA;58;22187664
KHADIJA;KOBIETA;58;22187722
GALYA;KOBIETA;58;22187780
OLYMPIA;KOBIETA;58;22187838
G?ZEM;KOBIETA;58;22187896
MEDINA;KOBIETA;58;22187954
MELEK;KOBIETA;58;22188012
ATHINA;KOBIETA;58;22188070
ANNIE;KOBIETA;58;22188128
MYA;KOBIETA;58;22188186
IMELDA;KOBIETA;58;22188244
SHAKED;KOBIETA;58;22188302
ESMIRA;KOBIETA;58;22188360
AYSEL;KOBIETA;58;22188418
SAVANNAH;KOBIETA;58;22188476
ZENOVIIA;KOBIETA;58;22188534
BETÜL;KOBIETA;58;22188592
MADLENA;KOBIETA;58;22188650
ASENATA;KOBIETA;58;22188708
PENELOPE;KOBIETA;58;22188766
CHRISTIANE;KOBIETA;57;22188823
MARTINE;KOBIETA;57;22188880
LUDOS£AWA;KOBIETA;57;22188937
LIN;KOBIETA;57;22188994
BASIA;KOBIETA;57;22189051
¯YWIA;KOBIETA;57;22189108
AMÉLIA;KOBIETA;57;22189165
NATALJA;KOBIETA;57;22189222
ISLA;KOBIETA;57;22189279
AYESHA;KOBIETA;57;22189336
DIVYA;KOBIETA;57;22189393
MIRTA;KOBIETA;57;22189450
ANJELA;KOBIETA;57;22189507
PRIYA;KOBIETA;57;22189564
CONSTANCE;KOBIETA;57;22189621
LIRON;KOBIETA;57;22189678
HATICE;KOBIETA;57;22189735
YARINA;KOBIETA;56;22189791
ELEN;KOBIETA;56;22189847
CHARLOTTA;KOBIETA;56;22189903
ZHASMINA;KOBIETA;56;22189959
MADELINE;KOBIETA;56;22190015
MAGGIE;KOBIETA;56;22190071
AYSHAT;KOBIETA;56;22190127
ILLONA;KOBIETA;56;22190183
LOREDANA;KOBIETA;56;22190239
HERMENEGILDA;KOBIETA;56;22190295
LALA;KOBIETA;56;22190351
VILMA;KOBIETA;56;22190407
HUONG;KOBIETA;56;22190463
IZABEL;KOBIETA;56;22190519
ZIPORA;KOBIETA;56;22190575
LIUBOVI;KOBIETA;56;22190631
MASHA;KOBIETA;56;22190687
AURICA;KOBIETA;56;22190743
WENDY;KOBIETA;56;22190799
TIMEA;KOBIETA;55;22190854
NARIN;KOBIETA;55;22190909
CHRISTIANA;KOBIETA;55;22190964
ALWINA;KOBIETA;55;22191019
TU?ÇE;KOBIETA;55;22191074
MARICA;KOBIETA;55;22191129
FERDYNANDA;KOBIETA;55;22191184
SEVIL;KOBIETA;55;22191239
MEGI;KOBIETA;55;22191294
IVETTA;KOBIETA;55;22191349
JOYCE;KOBIETA;55;22191404
HAT?CE;KOBIETA;55;22191459
YELIENA;KOBIETA;55;22191514
ANA-MARIA;KOBIETA;55;22191569
ELISABETA;KOBIETA;55;22191624
TANZILA;KOBIETA;55;22191679
VILENA;KOBIETA;55;22191734
AIZHAN;KOBIETA;55;22191789
CORINNA;KOBIETA;55;22191844
RUSALINA;KOBIETA;55;22191899
ANGELIQUE;KOBIETA;54;22191953
SALLY;KOBIETA;54;22192007
ALIIA;KOBIETA;54;22192061
ILSE;KOBIETA;54;22192115
ESTELA;KOBIETA;54;22192169
LYUBOMYRA;KOBIETA;54;22192223
YVETTE;KOBIETA;54;22192277
MADISON;KOBIETA;54;22192331
ROCIO;KOBIETA;54;22192385
NARGIZA;KOBIETA;54;22192439
OFIR;KOBIETA;54;22192493
DITTA;KOBIETA;54;22192547
ZSUZSANNA;KOBIETA;54;22192601
ULA;KOBIETA;54;22192655
EDELGARDA;KOBIETA;54;22192709
BELINDA;KOBIETA;54;22192763
£ARISA;KOBIETA;54;22192817
NUNE;KOBIETA;54;22192871
ELKE;KOBIETA;54;22192925
BEYZA;KOBIETA;54;22192979
GLADYS;KOBIETA;54;22193033
AMEL;KOBIETA;54;22193087
NIKI;KOBIETA;53;22193140
IREM;KOBIETA;53;22193193
GISELLE;KOBIETA;53;22193246
RIWANA;KOBIETA;53;22193299
SAFIA;KOBIETA;53;22193352
EZG?;KOBIETA;53;22193405
DARIANA;KOBIETA;53;22193458
HANNELORA;KOBIETA;53;22193511
HIACENTA;KOBIETA;53;22193564
RADOMI£A;KOBIETA;53;22193617
IN?S;KOBIETA;53;22193670
AELITA;KOBIETA;53;22193723
ANDA;KOBIETA;53;22193776
ODARKA;KOBIETA;53;22193829
AINA;KOBIETA;53;22193882
EMILIJA;KOBIETA;53;22193935
?REM;KOBIETA;53;22193988
LIDWINA;KOBIETA;53;22194041
CLARISSA;KOBIETA;53;22194094
YULYANA;KOBIETA;53;22194147
EVHENIIA;KOBIETA;53;22194200
VICKY;KOBIETA;52;22194252
APOLLINARIIA;KOBIETA;52;22194304
ALISSA;KOBIETA;52;22194356
TETJANA;KOBIETA;52;22194408
MÉLANIE;KOBIETA;52;22194460
ARMINA;KOBIETA;52;22194512
ANNALIZA;KOBIETA;52;22194564
Z£ATA;KOBIETA;52;22194616
MADLEN;KOBIETA;52;22194668
AILIN;KOBIETA;52;22194720
AMAYA;KOBIETA;52;22194772
KRZESIS£AWA;KOBIETA;52;22194824
WIÊCES£AWA;KOBIETA;52;22194876
AN¯ELA;KOBIETA;52;22194928
EVELINE;KOBIETA;52;22194980
RUBINA;KOBIETA;52;22195032
TU?BA;KOBIETA;52;22195084
THI HUONG;KOBIETA;52;22195136
DELPHINE;KOBIETA;52;22195188
MILAGROS;KOBIETA;52;22195240
HAGAR;KOBIETA;51;22195291
BARBORA;KOBIETA;51;22195342
BO¯YS£AWA;KOBIETA;51;22195393
ELAINE;KOBIETA;51;22195444
HULNARA;KOBIETA;51;22195495
HOA;KOBIETA;51;22195546
FORTUNATA;KOBIETA;51;22195597
JEANNE;KOBIETA;51;22195648
ZYGLINDA;KOBIETA;51;22195699
LAMIA;KOBIETA;51;22195750
MELIKE;KOBIETA;51;22195801
AMIELIIA;KOBIETA;51;22195852
GÖZDE;KOBIETA;51;22195903
NGA;KOBIETA;51;22195954
YANNA;KOBIETA;51;22196005
JOSEFINA;KOBIETA;51;22196056
AGNESE;KOBIETA;51;22196107
KATARÍNA;KOBIETA;51;22196158
DANNA;KOBIETA;51;22196209
CAROLYN;KOBIETA;51;22196260
SANDRINE;KOBIETA;51;22196311
MINH;KOBIETA;50;22196361
HAYA;KOBIETA;50;22196411
BOZENA;KOBIETA;50;22196461
MAGALI;KOBIETA;50;22196511
NOOR;KOBIETA;50;22196561
JANINE;KOBIETA;50;22196611
ANASTASJA;KOBIETA;50;22196661
SALTANAT;KOBIETA;50;22196711
JADE;KOBIETA;50;22196761
MARIONA;KOBIETA;50;22196811
GIULIANA;KOBIETA;50;22196861
LIUBAVA;KOBIETA;50;22196911
HAGIT;KOBIETA;50;22196961
AIGUL;KOBIETA;50;22197011
ZOFIIA;KOBIETA;50;22197061
ARIANE;KOBIETA;50;22197111
SHAY;KOBIETA;50;22197161
SAPIR;KOBIETA;50;22197211
JUDIT;KOBIETA;50;22197261
LILYANA;KOBIETA;50;22197311
ZULFIIA;KOBIETA;50;22197361
ADINA;KOBIETA;49;22197410
VLASTA;KOBIETA;49;22197459
MARGO;KOBIETA;49;22197508
GRAZYNA;KOBIETA;49;22197557
CARMELA;KOBIETA;49;22197606
MILICA;KOBIETA;49;22197655
ZUKHRA;KOBIETA;49;22197704
DÉBORA;KOBIETA;49;22197753
SILVINA;KOBIETA;49;22197802
YI;KOBIETA;49;22197851
LILJA;KOBIETA;49;22197900
ZINAYIDA;KOBIETA;49;22197949
HAVA;KOBIETA;49;22197998
ANGEL;KOBIETA;49;22198047
BARBARE;KOBIETA;49;22198096
INOCENTA;KOBIETA;48;22198144
MELANI;KOBIETA;48;22198192
APRIL;KOBIETA;48;22198240
LORRAINE;KOBIETA;48;22198288
SNEJANA;KOBIETA;48;22198336
HA;KOBIETA;48;22198384
HLORIIA;KOBIETA;48;22198432
MERAV;KOBIETA;48;22198480
LILLIA;KOBIETA;48;22198528
ALISIA;KOBIETA;48;22198576
IZAURA;KOBIETA;48;22198624
GERLINDA;KOBIETA;48;22198672
BÁRBARA;KOBIETA;48;22198720
NATACHA;KOBIETA;48;22198768
GERALDINE;KOBIETA;48;22198816
ZONIA;KOBIETA;48;22198864
SYUZANNA;KOBIETA;48;22198912
PRISCILA;KOBIETA;47;22198959
CAROLA;KOBIETA;47;22199006
MYROSLAWA;KOBIETA;47;22199053
YAROSLAVNA;KOBIETA;47;22199100
FIDAN;KOBIETA;47;22199147
ASET;KOBIETA;47;22199194
COLETTE;KOBIETA;47;22199241
ALIZA;KOBIETA;47;22199288
OLES£AWA;KOBIETA;47;22199335
IVONNE;KOBIETA;47;22199382
FLORIANA;KOBIETA;47;22199429
ELIDA;KOBIETA;47;22199476
MADDALENA;KOBIETA;47;22199523
UTA;KOBIETA;47;22199570
NIGAR;KOBIETA;47;22199617
IRADA;KOBIETA;47;22199664
DAFNE;KOBIETA;47;22199711
ANNETA;KOBIETA;47;22199758
CAITLIN;KOBIETA;47;22199805
CEZARIA;KOBIETA;47;22199852
THI HOA;KOBIETA;47;22199899
LIDIJA;KOBIETA;47;22199946
AIMEE;KOBIETA;47;22199993
RYMA;KOBIETA;46;22200039
MIN;KOBIETA;46;22200085
DYONIZA;KOBIETA;46;22200131
RIANA;KOBIETA;46;22200177
DORIANA;KOBIETA;46;22200223
ANNABELL;KOBIETA;46;22200269
MELANA;KOBIETA;46;22200315
ANA?S;KOBIETA;46;22200361
STAFANIYA;KOBIETA;46;22200407
ALIDA;KOBIETA;46;22200453
CORINNE;KOBIETA;46;22200499
JURATA;KOBIETA;46;22200545
MARTYNIKA;KOBIETA;46;22200591
BIRGIT;KOBIETA;46;22200637
ALIYAH;KOBIETA;46;22200683
ASTA;KOBIETA;46;22200729
ANJALI;KOBIETA;46;22200775
PALMIRA;KOBIETA;46;22200821
ROMANIA;KOBIETA;46;22200867
ALVARD;KOBIETA;46;22200913
SOLANGE;KOBIETA;46;22200959
ZBYS£AWA;KOBIETA;46;22201005
ASHA;KOBIETA;46;22201051
LAURENCE;KOBIETA;45;22201096
JYOTI;KOBIETA;45;22201141
LUCYLLA;KOBIETA;45;22201186
JOVITA;KOBIETA;45;22201231
SHIRIN;KOBIETA;45;22201276
EDELTRUDA;KOBIETA;45;22201321
NORMA;KOBIETA;45;22201366
DAPHNE;KOBIETA;45;22201411
IOLANTA;KOBIETA;45;22201456
ELIANE;KOBIETA;45;22201501
IGNACJA;KOBIETA;45;22201546
MIRABELLA;KOBIETA;45;22201591
ZINOVIYA;KOBIETA;45;22201636
WICTORIA;KOBIETA;45;22201681
OLIA;KOBIETA;45;22201726
ULJANA;KOBIETA;45;22201771
MARIEM;KOBIETA;45;22201816
KALYNA;KOBIETA;45;22201861
ELWINA;KOBIETA;45;22201906
ELISO;KOBIETA;45;22201951
TIANA;KOBIETA;45;22201996
STENIA;KOBIETA;45;22202041
SELWINA;KOBIETA;45;22202086
WIWIANNA;KOBIETA;45;22202131
ULRIKE;KOBIETA;45;22202176
TAMUNA;KOBIETA;45;22202221
ZENIA;KOBIETA;45;22202266
ELFRIEDE;KOBIETA;45;22202311
WIET£ANA;KOBIETA;45;22202356
KARMENA;KOBIETA;45;22202401
ALESYA;KOBIETA;44;22202445
MAYRA;KOBIETA;44;22202489
LYUBA;KOBIETA;44;22202533
JANICE;KOBIETA;44;22202577
DAIVA;KOBIETA;44;22202621
JOLANTYNA;KOBIETA;44;22202665
LILACH;KOBIETA;44;22202709
QIAN;KOBIETA;44;22202753
AVITAL;KOBIETA;44;22202797
ZORINA;KOBIETA;44;22202841
WLADYSLAWA;KOBIETA;44;22202885
KATALINA;KOBIETA;44;22202929
RENARDA;KOBIETA;44;22202973
ÉVA;KOBIETA;44;22203017
XIN;KOBIETA;44;22203061
MARYA;KOBIETA;44;22203105
LUCILA;KOBIETA;44;22203149
JURGITA;KOBIETA;44;22203193
LINH;KOBIETA;44;22203237
ATHENA;KOBIETA;44;22203281
ANABELLE;KOBIETA;44;22203325
HAIANE;KOBIETA;44;22203369
ARPINE;KOBIETA;44;22203413
VASILIKI;KOBIETA;43;22203456
HÉL?NE;KOBIETA;43;22203499
ASTRIDA;KOBIETA;43;22203542
SILVA;KOBIETA;43;22203585
ANELIIA;KOBIETA;43;22203628
YANG;KOBIETA;43;22203671
ADRIA;KOBIETA;43;22203714
NAYA;KOBIETA;43;22203757
MANON;KOBIETA;43;22203800
AGRYPINA;KOBIETA;43;22203843
FREDA;KOBIETA;43;22203886
ALBENA;KOBIETA;43;22203929
ETERI;KOBIETA;43;22203972
EDNA;KOBIETA;43;22204015
UMA;KOBIETA;43;22204058
ANNE-MARIE;KOBIETA;43;22204101
HRISTINA;KOBIETA;43;22204144
LUCYLIA;KOBIETA;43;22204187
KETEVANI;KOBIETA;43;22204230
MAHDALENA;KOBIETA;43;22204273
RODIKA;KOBIETA;43;22204316
NURIT;KOBIETA;43;22204359
ZEINAB;KOBIETA;43;22204402
NIA;KOBIETA;43;22204445
CHRISTEL;KOBIETA;43;22204488
MALKA;KOBIETA;42;22204530
ANISSA;KOBIETA;42;22204572
MIRJAM;KOBIETA;42;22204614
REMIGIA;KOBIETA;42;22204656
ANDRZEJA;KOBIETA;42;22204698
MEI;KOBIETA;42;22204740
META;KOBIETA;42;22204782
KAMALA;KOBIETA;42;22204824
MAGDALENE;KOBIETA;42;22204866
HLAFIRA;KOBIETA;42;22204908
RENEE;KOBIETA;42;22204950
AHLAIA;KOBIETA;42;22204992
FRANCES;KOBIETA;42;22205034
FATEMEH;KOBIETA;42;22205076
HEIKE;KOBIETA;42;22205118
YARA;KOBIETA;42;22205160
EUNICE;KOBIETA;42;22205202
MILLIE;KOBIETA;42;22205244
¯ANET;KOBIETA;42;22205286
FARIZA;KOBIETA;42;22205328
EILEEN;KOBIETA;42;22205370
AYNUR;KOBIETA;42;22205412
LATIFA;KOBIETA;42;22205454
FARAH;KOBIETA;42;22205496
ZUZIA;KOBIETA;42;22205538
LATOYA;KOBIETA;42;22205580
ZEMFIRA;KOBIETA;42;22205622
ORI;KOBIETA;42;22205664
SYLWIANA;KOBIETA;41;22205705
DIMITRA;KOBIETA;41;22205746
ZULIKHAN;KOBIETA;41;22205787
FRANCISCA;KOBIETA;41;22205828
KENZA;KOBIETA;41;22205869
DESISLAVA;KOBIETA;41;22205910
AIKATERINI;KOBIETA;41;22205951
ECEM;KOBIETA;41;22205992
KRISTIN;KOBIETA;41;22206033
LUTOS£AWA;KOBIETA;41;22206074
LILYA;KOBIETA;41;22206115
THI HIEN;KOBIETA;41;22206156
PARASKIEWIA;KOBIETA;41;22206197
RASA;KOBIETA;41;22206238
RABIA;KOBIETA;41;22206279
STAV;KOBIETA;41;22206320
ELIN;KOBIETA;41;22206361
MANISHA;KOBIETA;41;22206402
SHLOMIT;KOBIETA;41;22206443
INESS;KOBIETA;41;22206484
ELFRIEDA;KOBIETA;41;22206525
JARYNA;KOBIETA;41;22206566
ROSWITHA;KOBIETA;41;22206607
OSNAT;KOBIETA;41;22206648
SILA;KOBIETA;41;22206689
ORNELLA;KOBIETA;41;22206730
STÉPHANIE;KOBIETA;41;22206771
DANELIIA;KOBIETA;41;22206812
JOVANA;KOBIETA;40;22206852
BUSE;KOBIETA;40;22206892
TULIA;KOBIETA;40;22206932
ALIVIYA;KOBIETA;40;22206972
NETTA;KOBIETA;40;22207012
TOLIS£AWA;KOBIETA;40;22207052
JULIYA;KOBIETA;40;22207092
MARKÉTA;KOBIETA;40;22207132
TIA;KOBIETA;40;22207172
LUZ;KOBIETA;40;22207212
NURIA;KOBIETA;40;22207252
NASTASIA;KOBIETA;40;22207292
SAHRA;KOBIETA;40;22207332
AMNA;KOBIETA;40;22207372
ALEKS;KOBIETA;40;22207412
NANI;KOBIETA;40;22207452
MIRJANA;KOBIETA;40;22207492
HUI;KOBIETA;40;22207532
DOBIES£AWA;KOBIETA;40;22207572
D?LARA;KOBIETA;40;22207612
RÓ¯AMARIA;KOBIETA;40;22207652
THI THANH;KOBIETA;40;22207692
AINURA;KOBIETA;39;22207731
LESZKA;KOBIETA;39;22207770
IELIZAVETA;KOBIETA;39;22207809
ELEANORA;KOBIETA;39;22207848
MI£KA;KOBIETA;39;22207887
ELFRIDA;KOBIETA;39;22207926
RAMILA;KOBIETA;39;22207965
KYLIE;KOBIETA;39;22208004
AYSHE;KOBIETA;39;22208043
AVIV;KOBIETA;39;22208082
THI PHUONG;KOBIETA;39;22208121
GABI;KOBIETA;39;22208160
HANDE;KOBIETA;39;22208199
MISZEL;KOBIETA;39;22208238
MELTEM;KOBIETA;39;22208277
NOY;KOBIETA;39;22208316
DIANNA;KOBIETA;39;22208355
TOVA;KOBIETA;39;22208394
CÉCILE;KOBIETA;39;22208433
PNINA;KOBIETA;39;22208472
ESTEFANIA;KOBIETA;39;22208511
ALYA;KOBIETA;39;22208550
TSIRA;KOBIETA;39;22208589
IONELA;KOBIETA;39;22208628
NARMIN;KOBIETA;39;22208667
ANABELL;KOBIETA;39;22208706
UTE;KOBIETA;39;22208745
LIALIA;KOBIETA;39;22208784
WASILIKI;KOBIETA;39;22208823
QUYNH ANH;KOBIETA;39;22208862
SELEN;KOBIETA;39;22208901
MARWA;KOBIETA;39;22208940
DESPINA;KOBIETA;39;22208979
KEIRA;KOBIETA;39;22209018
KLÁRA;KOBIETA;39;22209057
ADELINE;KOBIETA;39;22209096
MORGAN;KOBIETA;39;22209135
YUZEFA;KOBIETA;39;22209174
KATARYNA;KOBIETA;39;22209213
EM?NE;KOBIETA;38;22209251
OLEKSANDR;KOBIETA;38;22209289
YUNONA;KOBIETA;38;22209327
SYDNEY;KOBIETA;38;22209365
OKTAVIA;KOBIETA;38;22209403
JEAN;KOBIETA;38;22209441
IRINI;KOBIETA;38;22209479
NAZLI;KOBIETA;38;22209517
CATARINA;KOBIETA;38;22209555
AVIGAIL;KOBIETA;38;22209593
RAHELA;KOBIETA;38;22209631
NOUR;KOBIETA;38;22209669
MARIEL;KOBIETA;38;22209707
MICHELLA;KOBIETA;38;22209745
VIVIANNA;KOBIETA;38;22209783
XENIYA;KOBIETA;38;22209821
CELESTE;KOBIETA;38;22209859
MIRIA;KOBIETA;38;22209897
NIKANDRA;KOBIETA;38;22209935
AYNA;KOBIETA;38;22209973
EVANGELINE;KOBIETA;38;22210011
ANDRIANNA;KOBIETA;38;22210049
PAVLA;KOBIETA;38;22210087
NISHA;KOBIETA;38;22210125
ANNEMARIA;KOBIETA;38;22210163
TRANG;KOBIETA;38;22210201
VÉRONIQUE;KOBIETA;38;22210239
MIRENA;KOBIETA;38;22210277
NATAA;KOBIETA;38;22210315
RADMYLA;KOBIETA;37;22210352
SNEHA;KOBIETA;37;22210389
ZAMIRA;KOBIETA;37;22210426
EUSTACHIA;KOBIETA;37;22210463
TRACY;KOBIETA;37;22210500
BERNADA;KOBIETA;37;22210537
ATINA;KOBIETA;37;22210574
HUYEN;KOBIETA;37;22210611
FRANKA;KOBIETA;37;22210648
ULADA;KOBIETA;37;22210685
ASSEM;KOBIETA;37;22210722
MARILYN;KOBIETA;37;22210759
LARYSSA;KOBIETA;37;22210796
ZARYNA;KOBIETA;37;22210833
NOFAR;KOBIETA;37;22210870
IN?S;KOBIETA;37;22210907
MORGANE;KOBIETA;37;22210944
ELIZAWETA;KOBIETA;37;22210981
MAUREEN;KOBIETA;37;22211018
SUNITA;KOBIETA;37;22211055
NOELLE;KOBIETA;37;22211092
AYSE;KOBIETA;37;22211129
ARIELLA;KOBIETA;37;22211166
ILIA;KOBIETA;37;22211203
AMELA;KOBIETA;37;22211240
ANKITA;KOBIETA;37;22211277
ARMANDA;KOBIETA;37;22211314
SUMAYA;KOBIETA;37;22211351
NILI;KOBIETA;37;22211388
EDIT;KOBIETA;37;22211425
AILEEN;KOBIETA;37;22211462
YAARA;KOBIETA;37;22211499
BERNATA;KOBIETA;37;22211536
GENEVIEVE;KOBIETA;37;22211573
ORNA;KOBIETA;37;22211610
EURYDYKA;KOBIETA;37;22211647
LILJANA;KOBIETA;37;22211684
CECILE;KOBIETA;37;22211721
GENIA;KOBIETA;37;22211758
THU TRANG;KOBIETA;37;22211795
THI THU;KOBIETA;37;22211832
AURÉLIE;KOBIETA;37;22211869
HANAN;KOBIETA;37;22211906
RANDIA;KOBIETA;37;22211943
FATIMAH;KOBIETA;36;22211979
ALICA;KOBIETA;36;22212015
ELISSA;KOBIETA;36;22212051
KNARIK;KOBIETA;36;22212087
MICHEL;KOBIETA;36;22212123
SHACHAR;KOBIETA;36;22212159
ARABELLA;KOBIETA;36;22212195
SAMIA;KOBIETA;36;22212231
TALA;KOBIETA;36;22212267
SHANTI;KOBIETA;36;22212303
ELEKTRA;KOBIETA;36;22212339
NAILIA;KOBIETA;36;22212375
SAHAR;KOBIETA;36;22212411
JULIANE;KOBIETA;36;22212447
JAGUS£AWA;KOBIETA;36;22212483
ASEL;KOBIETA;36;22212519
ASLIHAN;KOBIETA;36;22212555
MYLOSLAVA;KOBIETA;36;22212591
MAYIA;KOBIETA;36;22212627
CÉLINE;KOBIETA;36;22212663
STANISLAWA;KOBIETA;36;22212699
KORNELIIA;KOBIETA;36;22212735
LING;KOBIETA;36;22212771
KSENIJA;KOBIETA;36;22212807
DALICJA;KOBIETA;36;22212843
MARIA DEL CARMEN;KOBIETA;36;22212879
TATIA;KOBIETA;36;22212915
NOÉMIE;KOBIETA;36;22212951
CATHARINA;KOBIETA;36;22212987
GITA;KOBIETA;36;22213023
RENALDA;KOBIETA;36;22213059
INGEBURGA;KOBIETA;36;22213095
SHANNON;KOBIETA;36;22213131
AYªEGÜL;KOBIETA;36;22213167
MIGLENA;KOBIETA;36;22213203
CÃTÃLINA;KOBIETA;36;22213239
LUISE;KOBIETA;36;22213275
SHAI;KOBIETA;36;22213311
VAN;KOBIETA;36;22213347
EMELIE;KOBIETA;36;22213383
DAMIRA;KOBIETA;36;22213419
LEONI£A;KOBIETA;36;22213455
KRISZTINA;KOBIETA;36;22213491
DANIS£AWA;KOBIETA;36;22213527
SARIT;KOBIETA;36;22213563
RAIANA;KOBIETA;36;22213599
STEFANI;KOBIETA;36;22213635
DAN;KOBIETA;36;22213671
ªEYMA;KOBIETA;36;22213707
EMMANUELA;KOBIETA;36;22213743
CEZARA;KOBIETA;36;22213779
RAYA;KOBIETA;35;22213814
SZARLOTTA;KOBIETA;35;22213849
SATENIK;KOBIETA;35;22213884
WITALINA;KOBIETA;35;22213919
ILONNA;KOBIETA;35;22213954
NYASHA;KOBIETA;35;22213989
MILLENA;KOBIETA;35;22214024
GINEVRA;KOBIETA;35;22214059
NICOLLA;KOBIETA;35;22214094
SEVINJ;KOBIETA;35;22214129
SEMA;KOBIETA;35;22214164
PATIENCE;KOBIETA;35;22214199
KIRSTEN;KOBIETA;35;22214234
ÁGNES;KOBIETA;35;22214269
GULMIRA;KOBIETA;35;22214304
CANAN;KOBIETA;35;22214339
CARLOTTA;KOBIETA;35;22214374
AMELI;KOBIETA;35;22214409
LU;KOBIETA;35;22214444
NARMINA;KOBIETA;35;22214479
KATHERINA;KOBIETA;35;22214514
SALOMEJA;KOBIETA;35;22214549
PELIN;KOBIETA;35;22214584
PATRÍCIA;KOBIETA;35;22214619
ILEANA;KOBIETA;35;22214654
ZLATKA;KOBIETA;35;22214689
MI£ANA;KOBIETA;35;22214724
ALFIIA;KOBIETA;35;22214759
LILOU;KOBIETA;35;22214794
DANUSIA;KOBIETA;34;22214828
ANEL;KOBIETA;34;22214862
SCARLET;KOBIETA;34;22214896
SHIRLY;KOBIETA;34;22214930
SURA;KOBIETA;34;22214964
GRACJANNA;KOBIETA;34;22214998
MARFA;KOBIETA;34;22215032
ZHANETA;KOBIETA;34;22215066
BRIGITTA;KOBIETA;34;22215100
ANGIE;KOBIETA;34;22215134
MATA;KOBIETA;34;22215168
JAGA;KOBIETA;34;22215202
VIRGINIE;KOBIETA;34;22215236
TSITSINO;KOBIETA;34;22215270
LAJLA;KOBIETA;34;22215304
ROSINA;KOBIETA;34;22215338
KATRINE;KOBIETA;34;22215372
MINNA;KOBIETA;34;22215406
NGOC ANH;KOBIETA;34;22215440
SWATI;KOBIETA;34;22215474
JUAN;KOBIETA;34;22215508
THI HONG;KOBIETA;34;22215542
LUZIE;KOBIETA;34;22215576
VIRONIKA;KOBIETA;34;22215610
ANELIYA;KOBIETA;34;22215644
SARITA;KOBIETA;34;22215678
KARMINA;KOBIETA;34;22215712
GOSIA;KOBIETA;34;22215746
IASMINA;KOBIETA;34;22215780
YESENIA;KOBIETA;34;22215814
SANJA;KOBIETA;34;22215848
IARA;KOBIETA;34;22215882
SNIEZHANA;KOBIETA;34;22215916
ROBIN;KOBIETA;34;22215950
DAREJAN;KOBIETA;34;22215984
MISZELA;KOBIETA;34;22216018
YOKO;KOBIETA;34;22216052
EVELYNE;KOBIETA;34;22216086
DANAI;KOBIETA;34;22216120
AVIVA;KOBIETA;34;22216154
RAFAELLA;KOBIETA;34;22216188
ELIA;KOBIETA;34;22216222
NIKODEMA;KOBIETA;34;22216256
THAIS;KOBIETA;34;22216290
YULIYANA;KOBIETA;34;22216324
AINHOA;KOBIETA;34;22216358
CARMEL;KOBIETA;34;22216392
TEIA;KOBIETA;34;22216426
MALAK;KOBIETA;34;22216460
MAX;KOBIETA;33;22216493
KATHARINE;KOBIETA;33;22216526
AZRA;KOBIETA;33;22216559
LAIMA;KOBIETA;33;22216592
TESS;KOBIETA;33;22216625
RUMBIDZAI;KOBIETA;33;22216658
CARLOTA;KOBIETA;33;22216691
GISELE;KOBIETA;33;22216724
HARRIET;KOBIETA;33;22216757
EINAV;KOBIETA;33;22216790
IARYNA;KOBIETA;33;22216823
CHRISTELLE;KOBIETA;33;22216856
VICTORIYA;KOBIETA;33;22216889
TAIA;KOBIETA;33;22216922
THAO;KOBIETA;33;22216955
ELITA;KOBIETA;33;22216988
YA?MUR;KOBIETA;33;22217021
NEFELI;KOBIETA;33;22217054
KASJA;KOBIETA;33;22217087
XIAOLI;KOBIETA;33;22217120
TALYA;KOBIETA;33;22217153
HALA;KOBIETA;33;22217186
KHEDI;KOBIETA;33;22217219
ALIANA;KOBIETA;33;22217252
JIA;KOBIETA;33;22217285
PARIS;KOBIETA;33;22217318
FELICYTAS;KOBIETA;33;22217351
THI DUNG;KOBIETA;33;22217384
NA;KOBIETA;33;22217417
TAYISIYA;KOBIETA;33;22217450
ELISAVETA;KOBIETA;33;22217483
SUMMER;KOBIETA;33;22217516
NEOMI;KOBIETA;33;22217549
MERCY;KOBIETA;33;22217582
BATIA;KOBIETA;33;22217615
LIBI;KOBIETA;33;22217648
LAURE;KOBIETA;33;22217681
VESTA;KOBIETA;33;22217714
GUNEL;KOBIETA;33;22217747
AMALIYA;KOBIETA;33;22217780
ZARETA;KOBIETA;33;22217813
ZSÓFIA;KOBIETA;33;22217846
NANULI;KOBIETA;33;22217879
EMAN;KOBIETA;33;22217912
HANG;KOBIETA;33;22217945
MARGUERITE;KOBIETA;32;22217977
HÜLYA;KOBIETA;32;22218009
BEGÜM;KOBIETA;32;22218041
GILA;KOBIETA;32;22218073
GALA;KOBIETA;32;22218105
SULAMITA;KOBIETA;32;22218137
YEVA-MARIIA;KOBIETA;32;22218169
ILLIA;KOBIETA;32;22218201
GUNAY;KOBIETA;32;22218233
ROSSANA;KOBIETA;32;22218265
EVITA;KOBIETA;32;22218297
AGNESA;KOBIETA;32;22218329
LIORA;KOBIETA;32;22218361
YUE;KOBIETA;32;22218393
SADIA;KOBIETA;32;22218425
SKYE;KOBIETA;32;22218457
ANGELIKI;KOBIETA;32;22218489
VENESSA;KOBIETA;32;22218521
CAROLE;KOBIETA;32;22218553
LEONI;KOBIETA;32;22218585
LIESELOTTE;KOBIETA;32;22218617
LOTTE;KOBIETA;32;22218649
KALA;KOBIETA;32;22218681
THI LOAN;KOBIETA;32;22218713
HAILEY;KOBIETA;32;22218745
SELIMA;KOBIETA;32;22218777
MAIYA;KOBIETA;32;22218809
MORENA;KOBIETA;32;22218841
SONITA;KOBIETA;32;22218873
ALIX;KOBIETA;32;22218905
ELIZAVIETA;KOBIETA;32;22218937
ALITSYIA;KOBIETA;32;22218969
LEOPOLDYNA;KOBIETA;32;22219001
AMANDINE;KOBIETA;32;22219033
AKIKO;KOBIETA;32;22219065
RAJANA;KOBIETA;32;22219097
NATÁLIE;KOBIETA;32;22219129
FLORENTINA;KOBIETA;32;22219161
NAZIRA;KOBIETA;32;22219193
WITALIA;KOBIETA;32;22219225
WALTRUDA;KOBIETA;32;22219257
APOLLONIA;KOBIETA;32;22219289
KAJETANA;KOBIETA;32;22219321
LOURDES;KOBIETA;32;22219353
TUBA;KOBIETA;32;22219385
CANDELA;KOBIETA;32;22219417
YESIENIIA;KOBIETA;31;22219448
MILANIA;KOBIETA;31;22219479
NATELLA;KOBIETA;31;22219510
PILAR;KOBIETA;31;22219541
DEONIZA;KOBIETA;31;22219572
ZENONIA;KOBIETA;31;22219603
LYNN;KOBIETA;31;22219634
TING;KOBIETA;31;22219665
ELINOR;KOBIETA;31;22219696
GIADA;KOBIETA;31;22219727
MAREN;KOBIETA;31;22219758
DESIREE;KOBIETA;31;22219789
NOELA;KOBIETA;31;22219820
LUSIA;KOBIETA;31;22219851
DOREEN;KOBIETA;31;22219882
ADVA;KOBIETA;31;22219913
LEONILA;KOBIETA;31;22219944
KEIKO;KOBIETA;31;22219975
MEL?KE;KOBIETA;31;22220006
VERENA;KOBIETA;31;22220037
DILIARA;KOBIETA;31;22220068
HILAL;KOBIETA;31;22220099
RAHEL;KOBIETA;31;22220130
KARMELITA;KOBIETA;31;22220161
ANASTASYA;KOBIETA;31;22220192
NILUFAR;KOBIETA;31;22220223
NI KADEK;KOBIETA;31;22220254
ANNELIZA;KOBIETA;31;22220285
AMAIA;KOBIETA;31;22220316
OANH;KOBIETA;31;22220347
EDELGARD;KOBIETA;31;22220378
ELZHBETA;KOBIETA;31;22220409
MAHA;KOBIETA;31;22220440
YARASLAVA;KOBIETA;31;22220471
SÁRA;KOBIETA;31;22220502
MYKHAILINA;KOBIETA;31;22220533
LAXMI;KOBIETA;31;22220564
LESLIE;KOBIETA;31;22220595
JOLANDA;KOBIETA;31;22220626
GULNAZ;KOBIETA;30;22220656
EMINA;KOBIETA;30;22220686
RADKA;KOBIETA;30;22220716
ANCA;KOBIETA;30;22220746
JESSIE;KOBIETA;30;22220776
SIMRAN;KOBIETA;30;22220806
MIRIANA;KOBIETA;30;22220836
XUE;KOBIETA;30;22220866
LENNA;KOBIETA;30;22220896
MARICEL;KOBIETA;30;22220926
NIKKI;KOBIETA;30;22220956
ORIONA;KOBIETA;30;22220986
SANGITA;KOBIETA;30;22221016
FIRUZA;KOBIETA;30;22221046
ANU;KOBIETA;30;22221076
BALWINA;KOBIETA;30;22221106
SILKE;KOBIETA;30;22221136
ANOUK;KOBIETA;30;22221166
ILZE;KOBIETA;30;22221196
ROXANE;KOBIETA;30;22221226
WILHELMA;KOBIETA;30;22221256
BONAWENTURA;KOBIETA;30;22221286
O£EKSANDRA;KOBIETA;30;22221316
REVITAL;KOBIETA;30;22221346
LORIN;KOBIETA;30;22221376
SVETLA;KOBIETA;30;22221406
CHEYENNE;KOBIETA;30;22221436
RENÁTA;KOBIETA;30;22221466
MAKSYM;KOBIETA;30;22221496
TAISJA;KOBIETA;30;22221526
SMADAR;KOBIETA;30;22221556
EDELTRAUTA;KOBIETA;30;22221586
JELIZAWIETA;KOBIETA;30;22221616
NIDHI;KOBIETA;30;22221646
SEHER;KOBIETA;30;22221676
DVORA;KOBIETA;30;22221706
SHIVANI;KOBIETA;30;22221736
EVIE;KOBIETA;30;22221766
ARANKA;KOBIETA;30;22221796
NOTBURGA;KOBIETA;30;22221826
DAPHNA;KOBIETA;30;22221856
VILINA;KOBIETA;30;22221886
BOHUSLAVA;KOBIETA;30;22221916
ASTGHIK;KOBIETA;30;22221946
SORAJA;KOBIETA;30;22221976
TINATINI;KOBIETA;30;22222006
MILKA;KOBIETA;29;22222035
AYÇA;KOBIETA;29;22222064
LEJA;KOBIETA;29;22222093
DASZA;KOBIETA;29;22222122
AYSHA;KOBIETA;29;22222151
GABRYJELA;KOBIETA;29;22222180
RUMYANA;KOBIETA;29;22222209
RONY;KOBIETA;29;22222238
RUI;KOBIETA;29;22222267
HIEN;KOBIETA;29;22222296
MARIA-MAGDALENA;KOBIETA;29;22222325
FANG;KOBIETA;29;22222354
MARIELLA;KOBIETA;29;22222383
KAROLIN;KOBIETA;29;22222412
YEVGENIA;KOBIETA;29;22222441
DARA;KOBIETA;29;22222470
ANNETTA;KOBIETA;29;22222499
SINEM;KOBIETA;29;22222528
PIKRIA;KOBIETA;29;22222557
TAKHMINA;KOBIETA;29;22222586
MARLETA;KOBIETA;29;22222615
DEFNE;KOBIETA;29;22222644
CHRYZANTA;KOBIETA;29;22222673
THI HANH;KOBIETA;29;22222702
ROZITA;KOBIETA;29;22222731
SIGRIDA;KOBIETA;29;22222760
JORDANA;KOBIETA;29;22222789
LIEN;KOBIETA;29;22222818
COLLEEN;KOBIETA;29;22222847
ELIKA;KOBIETA;29;22222876
MADONNA;KOBIETA;29;22222905
MARGAUX;KOBIETA;29;22222934
MEITAL;KOBIETA;29;22222963
DAINA;KOBIETA;29;22222992
ADELGUNDA;KOBIETA;29;22223021
BERNA;KOBIETA;29;22223050
NI WAYAN;KOBIETA;29;22223079
EMMANUELLE;KOBIETA;29;22223108
YOLANTA;KOBIETA;29;22223137
HERMINE;KOBIETA;29;22223166
MARTA-MARIIA;KOBIETA;29;22223195
JINGJING;KOBIETA;29;22223224
MERIAM;KOBIETA;29;22223253
INGEBURG;KOBIETA;29;22223282
SALOMIIA;KOBIETA;29;22223311
LOAN;KOBIETA;29;22223340
BRIGITA;KOBIETA;29;22223369
ULLA;KOBIETA;29;22223398
SUSANNAH;KOBIETA;29;22223427
RAISSA;KOBIETA;29;22223456
JENNA;KOBIETA;29;22223485
CHANELLE;KOBIETA;29;22223514
KHANH;KOBIETA;29;22223543
HAZAL;KOBIETA;29;22223572
VIOLET;KOBIETA;29;22223601
LILITH;KOBIETA;29;22223630
MATEA;KOBIETA;29;22223659
MELIS;KOBIETA;29;22223688
YUKI;KOBIETA;29;22223717
DOMICELLA;KOBIETA;29;22223746
MIREILLE;KOBIETA;29;22223775
DILEK;KOBIETA;29;22223804
SWETLANA;KOBIETA;29;22223833
TSIALA;KOBIETA;29;22223862
NISA;KOBIETA;29;22223891
¯ELIS£AWA;KOBIETA;29;22223920
NHUNG;KOBIETA;29;22223949
LEXI;KOBIETA;28;22223977
THI HA;KOBIETA;28;22224005
ZDENKA;KOBIETA;28;22224033
YUN;KOBIETA;28;22224061
MACIEJA;KOBIETA;28;22224089
ASSIA;KOBIETA;28;22224117
JEWA;KOBIETA;28;22224145
LIAN;KOBIETA;28;22224173
SABA;KOBIETA;28;22224201
NEDA;KOBIETA;28;22224229
ANDRONA;KOBIETA;28;22224257
FUNDA;KOBIETA;28;22224285
THI HUE;KOBIETA;28;22224313
ALISIYA;KOBIETA;28;22224341
LEONOR;KOBIETA;28;22224369
VARDUHI;KOBIETA;28;22224397
YESENIYA;KOBIETA;28;22224425
KRYSTA;KOBIETA;28;22224453
LEI;KOBIETA;28;22224481
HRYSTYNA;KOBIETA;28;22224509
S£AWINA;KOBIETA;28;22224537
FIORELLA;KOBIETA;28;22224565
MILLY;KOBIETA;28;22224593
ANSTASIIA;KOBIETA;28;22224621
ASHANTI;KOBIETA;28;22224649
ROSTYSLAVA;KOBIETA;28;22224677
SITA;KOBIETA;28;22224705
ROWENA;KOBIETA;28;22224733
BO¯ENTYNA;KOBIETA;28;22224761
NATALA;KOBIETA;28;22224789
ETER;KOBIETA;28;22224817
REEM;KOBIETA;28;22224845
ELSE;KOBIETA;28;22224873
£ESIA;KOBIETA;28;22224901
KATINA;KOBIETA;28;22224929
GERTA;KOBIETA;28;22224957
ANDRÉA;KOBIETA;28;22224985
ELISABET;KOBIETA;28;22225013
LEENA;KOBIETA;28;22225041
ALEFTYNA;KOBIETA;28;22225069
WALERIJA;KOBIETA;28;22225097
ANDREIA;KOBIETA;28;22225125
EMEL;KOBIETA;28;22225153
VIRSAVIIA;KOBIETA;28;22225181
ELONA;KOBIETA;28;22225209
AURA;KOBIETA;28;22225237
LAKSHMI;KOBIETA;28;22225265
JOSEFINE;KOBIETA;28;22225293
PRECIOUS;KOBIETA;28;22225321
TATENDA;KOBIETA;28;22225349
LIBBY;KOBIETA;28;22225377
TIZIANA;KOBIETA;28;22225405
ALSU;KOBIETA;28;22225433
LIZI;KOBIETA;28;22225461
HENRIETTE;KOBIETA;28;22225489
RIANNA;KOBIETA;28;22225517
ANITTA;KOBIETA;28;22225545
SALIMA;KOBIETA;28;22225573
CIRILLA;KOBIETA;28;22225601
MYRA;KOBIETA;28;22225629
PARASCOVIA;KOBIETA;28;22225657
MINE;KOBIETA;28;22225685
TONI;KOBIETA;28;22225713
AGAM;KOBIETA;28;22225741
BORYS£AWA;KOBIETA;28;22225769
JAMIE;KOBIETA;28;22225797
MARINELA;KOBIETA;28;22225825
NELEA;KOBIETA;28;22225853
CLARE;KOBIETA;28;22225881
IKA;KOBIETA;28;22225909
XIAOYAN;KOBIETA;28;22225937
MAGDALÉNA;KOBIETA;27;22225964
DANKA;KOBIETA;27;22225991
MZEVINAR;KOBIETA;27;22226018
BOENA;KOBIETA;27;22226045
RAJA;KOBIETA;27;22226072
HANELORA;KOBIETA;27;22226099
MIRI;KOBIETA;27;22226126
SHRUTI;KOBIETA;27;22226153
THI LAN;KOBIETA;27;22226180
ISAURA;KOBIETA;27;22226207
OLESJA;KOBIETA;27;22226234
PING;KOBIETA;27;22226261
DANIKA;KOBIETA;27;22226288
ANTOANETA;KOBIETA;27;22226315
ANNELIES;KOBIETA;27;22226342
LEANDRA;KOBIETA;27;22226369
SAFIRA;KOBIETA;27;22226396
GIL;KOBIETA;27;22226423
RUTENDO;KOBIETA;27;22226450
ELIS;KOBIETA;27;22226477
ELIZAWIETA;KOBIETA;27;22226504
RUVIMBO;KOBIETA;27;22226531
KONSUELA;KOBIETA;27;22226558
ELNURA;KOBIETA;27;22226585
EWANGELINA;KOBIETA;27;22226612
BEÁTA;KOBIETA;27;22226639
AILA;KOBIETA;27;22226666
ELLADA;KOBIETA;27;22226693
EVANGELIA;KOBIETA;27;22226720
AISHE;KOBIETA;27;22226747
ANDRII;KOBIETA;27;22226774
VIACHESLAVA;KOBIETA;27;22226801
ASMIK;KOBIETA;27;22226828
ZULA;KOBIETA;27;22226855
ANASTACIA;KOBIETA;27;22226882
IAMZE;KOBIETA;27;22226909
HILI;KOBIETA;27;22226936
GABIJA;KOBIETA;27;22226963
SERAP;KOBIETA;27;22226990
AMBRA;KOBIETA;27;22227017
ZURA;KOBIETA;27;22227044
GOS£AWA;KOBIETA;27;22227071
YULI;KOBIETA;27;22227098
CONSTANZA;KOBIETA;27;22227125
ZINEB;KOBIETA;27;22227152
BOJANA;KOBIETA;27;22227179
SAULE;KOBIETA;27;22227206
FANI;KOBIETA;27;22227233
SIRANUSH;KOBIETA;27;22227260
CARINE;KOBIETA;27;22227287
POLIANA;KOBIETA;27;22227314
ARCHANA;KOBIETA;27;22227341
TOMOKO;KOBIETA;27;22227368
MALAIKA;KOBIETA;27;22227395
INNESA;KOBIETA;27;22227422
THEODORA;KOBIETA;27;22227449
AURELIE;KOBIETA;27;22227476
DEEPA;KOBIETA;27;22227503
SHANSHAN;KOBIETA;27;22227530
ROSEMARIA;KOBIETA;27;22227557
AISEL;KOBIETA;27;22227584
NESLIHAN;KOBIETA;27;22227611
JAZMIN;KOBIETA;27;22227638
MARIBEL;KOBIETA;27;22227665
SEL?N;KOBIETA;27;22227692
ELI;KOBIETA;27;22227719
AVELINA;KOBIETA;27;22227746
BÉATRICE;KOBIETA;27;22227773
FREJA;KOBIETA;27;22227800
THI HANG;KOBIETA;27;22227827
MEDEA;KOBIETA;27;22227854
HANH;KOBIETA;27;22227881
PASCALE;KOBIETA;27;22227908
CLARISSE;KOBIETA;27;22227935
ESZTER;KOBIETA;27;22227962
KHALIDA;KOBIETA;27;22227989
JUN;KOBIETA;27;22228016
SYNTHIA;KOBIETA;27;22228043
HALIMA;KOBIETA;27;22228070
SYEDA;KOBIETA;27;22228097
ANAYA;KOBIETA;27;22228124
MAGNOLIA;KOBIETA;27;22228151
YEFROSYNIIA;KOBIETA;26;22228177
RITTA;KOBIETA;26;22228203
KAROLÍNA;KOBIETA;26;22228229
EMESE;KOBIETA;26;22228255
MARJANA;KOBIETA;26;22228281
DANIA;KOBIETA;26;22228307
GILDA;KOBIETA;26;22228333
ASIYA;KOBIETA;26;22228359
NI LUH;KOBIETA;26;22228385
BEATRIX;KOBIETA;26;22228411
RADOCHNA;KOBIETA;26;22228437
HAYLEY;KOBIETA;26;22228463
ZHANETTA;KOBIETA;26;22228489
TH? H?NG;KOBIETA;26;22228515
ROZALINA;KOBIETA;26;22228541
SKARLET;KOBIETA;26;22228567
GORDANA;KOBIETA;26;22228593
NITA;KOBIETA;26;22228619
YASMEEN;KOBIETA;26;22228645
MYKOLA;KOBIETA;26;22228671
GILLIAN;KOBIETA;26;22228697
SIEGRID;KOBIETA;26;22228723
EMILIANNA;KOBIETA;26;22228749
ELSIE;KOBIETA;26;22228775
MAIRA;KOBIETA;26;22228801
KRISTYNA;KOBIETA;26;22228827
JANULA;KOBIETA;26;22228853
ANELIZA;KOBIETA;26;22228879
YOANNA;KOBIETA;26;22228905
ZENA;KOBIETA;26;22228931
ARMENUHI;KOBIETA;26;22228957
HIROKO;KOBIETA;26;22228983
KRISTÍNA;KOBIETA;26;22229009
POONAM;KOBIETA;26;22229035
ANNALISA;KOBIETA;26;22229061
ANASTASSIA;KOBIETA;26;22229087
LAMARA;KOBIETA;26;22229113
CHARLIE;KOBIETA;26;22229139
NORBERTA;KOBIETA;26;22229165
FANIA;KOBIETA;26;22229191
CASANDRA;KOBIETA;26;22229217
ARLENE;KOBIETA;26;22229243
ZELDA;KOBIETA;26;22229269
CHERYL;KOBIETA;26;22229295
WENETA;KOBIETA;26;22229321
YIFAT;KOBIETA;26;22229347
TARANA;KOBIETA;26;22229373
SEOYEON;KOBIETA;26;22229399
MAXINE;KOBIETA;26;22229425
RIHANNA;KOBIETA;26;22229451
DEN?Z;KOBIETA;26;22229477
DANIJELA;KOBIETA;26;22229503
EMELY;KOBIETA;26;22229529
PRINCESS;KOBIETA;26;22229555
LYLA;KOBIETA;26;22229581
NURAY;KOBIETA;26;22229607
FEDORA;KOBIETA;26;22229633
NIHAL;KOBIETA;26;22229659
ILAYDA;KOBIETA;26;22229685
CASEY;KOBIETA;26;22229711
ANAMARIA;KOBIETA;26;22229737
ORTAL;KOBIETA;26;22229763
TINGTING;KOBIETA;26;22229789
RASHMI;KOBIETA;26;22229815
ARIKA;KOBIETA;26;22229841
AKSENIIA;KOBIETA;26;22229867
EVDOKIA;KOBIETA;26;22229893
RAB?A;KOBIETA;25;22229918
FELICITY;KOBIETA;25;22229943
SULTAN;KOBIETA;25;22229968
CHIOMA;KOBIETA;25;22229993
SLAVA;KOBIETA;25;22230018
DÓRA;KOBIETA;25;22230043
FAJGA;KOBIETA;25;22230068
NG?C;KOBIETA;25;22230093
TINOTENDA;KOBIETA;25;22230118
CARA;KOBIETA;25;22230143
ROSEMARY;KOBIETA;25;22230168
JOCELYN;KOBIETA;25;22230193
KALIKSTA;KOBIETA;25;22230218
YUKA;KOBIETA;25;22230243
AMINATA;KOBIETA;25;22230268
LAIA;KOBIETA;25;22230293
CYLA;KOBIETA;25;22230318
RYWA;KOBIETA;25;22230343
SATSITA;KOBIETA;25;22230368
TALITA;KOBIETA;25;22230393
OLENKA;KOBIETA;25;22230418
YEN;KOBIETA;25;22230443
ARTEMIDA;KOBIETA;25;22230468
MCIS£AWA;KOBIETA;25;22230493
LETÍCIA;KOBIETA;25;22230518
ANTJE;KOBIETA;25;22230543
FERIDE;KOBIETA;25;22230568
ANALIA;KOBIETA;25;22230593
TYCJANA;KOBIETA;25;22230618
WIDA;KOBIETA;25;22230643
CEYLAN;KOBIETA;25;22230668
AHNESHKA;KOBIETA;25;22230693
THI HUYEN;KOBIETA;25;22230718
DEMI;KOBIETA;25;22230743
ARTEM;KOBIETA;25;22230768
JIN;KOBIETA;25;22230793
BELEN;KOBIETA;25;22230818
BRITTANY;KOBIETA;25;22230843
KRISTEN;KOBIETA;25;22230868
BENEDETTA;KOBIETA;25;22230893
VIALETA;KOBIETA;25;22230918
SEVDALINA;KOBIETA;25;22230943
MANUELLA;KOBIETA;25;22230968
AREVIK;KOBIETA;25;22230993
ANANYA;KOBIETA;25;22231018
MISS;KOBIETA;25;22231043
ELLY;KOBIETA;25;22231068
DAR'YA;KOBIETA;25;22231093
MABEL;KOBIETA;25;22231118
ANKE;KOBIETA;25;22231143
TIJANA;KOBIETA;25;22231168
CORA;KOBIETA;25;22231193
ARETTA;KOBIETA;25;22231218
JIAQI;KOBIETA;25;22231243
HRIPSIME;KOBIETA;25;22231268
ANTOINETTE;KOBIETA;25;22231293
AYTEN;KOBIETA;25;22231318
ADRIANE;KOBIETA;25;22231343
SONATA;KOBIETA;25;22231368
BETYNA;KOBIETA;25;22231393
MIKAYLA;KOBIETA;25;22231418
SEMRA;KOBIETA;25;22231443
GERGANA;KOBIETA;25;22231468
MARET;KOBIETA;25;22231493
NUNU;KOBIETA;25;22231518
MARUSIA;KOBIETA;25;22231543
LENI;KOBIETA;25;22231568
VLADYLENA;KOBIETA;25;22231593
AMARA;KOBIETA;25;22231618
ELZARA;KOBIETA;25;22231643
THI NGA;KOBIETA;25;22231668
DILAN;KOBIETA;25;22231693
LORINA;KOBIETA;25;22231718
KOMAL;KOBIETA;24;22231742
KATAZHYNA;KOBIETA;24;22231766
TALINA;KOBIETA;24;22231790
SHIRAN;KOBIETA;24;22231814
JOELLE;KOBIETA;24;22231838
RAZET;KOBIETA;24;22231862
RADIMA;KOBIETA;24;22231886
SANTINA;KOBIETA;24;22231910
RESHMA;KOBIETA;24;22231934
MIRKA;KOBIETA;24;22231958
MARGA;KOBIETA;24;22231982
IMEN;KOBIETA;24;22232006
NIAMH;KOBIETA;24;22232030
ARIELLE;KOBIETA;24;22232054
MIRABELA;KOBIETA;24;22232078
SINA;KOBIETA;24;22232102
LUCIJA;KOBIETA;24;22232126
MEGHAN;KOBIETA;24;22232150
BAO ANH;KOBIETA;24;22232174
GULNAR;KOBIETA;24;22232198
MANE;KOBIETA;24;22232222
JILL;KOBIETA;24;22232246
GÜLªAH;KOBIETA;24;22232270
NEILA;KOBIETA;24;22232294
HABRIELLA;KOBIETA;24;22232318
LAMAN;KOBIETA;24;22232342
RIZA;KOBIETA;24;22232366
COURTNEY;KOBIETA;24;22232390
YASEM?N;KOBIETA;24;22232414
VALERIJA;KOBIETA;24;22232438
THI MAI;KOBIETA;24;22232462
ARTEMIS;KOBIETA;24;22232486
EDUARDA;KOBIETA;24;22232510
MINH ANH;KOBIETA;24;22232534
BRITTA;KOBIETA;24;22232558
GIOIA;KOBIETA;24;22232582
GIA;KOBIETA;24;22232606
NOLA;KOBIETA;24;22232630
CANDICE;KOBIETA;24;22232654
DZHAMILIA;KOBIETA;24;22232678
GELENA;KOBIETA;24;22232702
SALA;KOBIETA;24;22232726
HENIA;KOBIETA;24;22232750
KSAWERYNA;KOBIETA;24;22232774
ZOHRA;KOBIETA;24;22232798
ELKA;KOBIETA;24;22232822
HELA;KOBIETA;24;22232846
WIECZYS£AWA;KOBIETA;24;22232870
RINATA;KOBIETA;24;22232894
IDIT;KOBIETA;24;22232918
YALI;KOBIETA;24;22232942
EURELIA;KOBIETA;24;22232966
NAZI;KOBIETA;24;22232990
ADRIENNE;KOBIETA;24;22233014
XIAO;KOBIETA;24;22233038
CHARITY;KOBIETA;24;22233062
NURGUL;KOBIETA;24;22233086
MÜGE;KOBIETA;24;22233110
MARGRET;KOBIETA;24;22233134
YONA;KOBIETA;24;22233158
BLESSING;KOBIETA;24;22233182
FEYZA;KOBIETA;24;22233206
PELAHIIA;KOBIETA;24;22233230
LUCYLA;KOBIETA;24;22233254
IMANE;KOBIETA;24;22233278
SÜMEYYE;KOBIETA;24;22233302
MIHO;KOBIETA;24;22233326
AYªENUR;KOBIETA;24;22233350
MERUYERT;KOBIETA;24;22233374
MARIKO;KOBIETA;24;22233398
QUYNH;KOBIETA;24;22233422
AHNIYA;KOBIETA;24;22233446
LILE;KOBIETA;24;22233470
SULTANA;KOBIETA;24;22233494
SAMAR;KOBIETA;24;22233518
NASTYA;KOBIETA;24;22233542
MI;KOBIETA;24;22233566
BUKET;KOBIETA;24;22233590
ASHWINI;KOBIETA;24;22233614
MILOSLAVA;KOBIETA;24;22233638
H?LAL;KOBIETA;23;22233661
YUKO;KOBIETA;23;22233684
YASENIYA;KOBIETA;23;22233707
JUNG;KOBIETA;23;22233730
WIKA;KOBIETA;23;22233753
IVETTE;KOBIETA;23;22233776
AIZA;KOBIETA;23;22233799
ANHELYNA;KOBIETA;23;22233822
XI;KOBIETA;23;22233845
MARIYANA;KOBIETA;23;22233868
ILDIKÓ;KOBIETA;23;22233891
WIETLANA;KOBIETA;23;22233914
AMRITA;KOBIETA;23;22233937
DELILAH;KOBIETA;23;22233960
HIBA;KOBIETA;23;22233983
AGA;KOBIETA;23;22234006
QI;KOBIETA;23;22234029
ROSITSA;KOBIETA;23;22234052
YEKATIERINA;KOBIETA;23;22234075
NIKOLETT;KOBIETA;23;22234098
MIRAY;KOBIETA;23;22234121
HEORHINA;KOBIETA;23;22234144
YEVANGELINA;KOBIETA;23;22234167
JITKA;KOBIETA;23;22234190
AMALYA;KOBIETA;23;22234213
KAORI;KOBIETA;23;22234236
ELLENA;KOBIETA;23;22234259
ASENA;KOBIETA;23;22234282
ESENIIA;KOBIETA;23;22234305
NIGORA;KOBIETA;23;22234328
AFRODITI;KOBIETA;23;22234351
TOMI£A;KOBIETA;23;22234374
YADVIGA;KOBIETA;23;22234397
ANABELA;KOBIETA;23;22234420
LIYANA;KOBIETA;23;22234443
CLÁUDIA;KOBIETA;23;22234466
AMANI;KOBIETA;23;22234489
PANAGIOTA;KOBIETA;23;22234512
CLEMENTINE;KOBIETA;23;22234535
AKBOTA;KOBIETA;23;22234558
DARIJA;KOBIETA;23;22234581
MAR'YANA;KOBIETA;23;22234604
NAZGUL;KOBIETA;23;22234627
ANGÉLIQUE;KOBIETA;23;22234650
CORAL;KOBIETA;23;22234673
MARKIZA;KOBIETA;23;22234696
TANITA;KOBIETA;23;22234719
JONA;KOBIETA;23;22234742
FLÁVIA;KOBIETA;23;22234765
IWANKA;KOBIETA;23;22234788
SAWANA;KOBIETA;23;22234811
VALÉRIE;KOBIETA;23;22234834
RIYA;KOBIETA;23;22234857
KATY;KOBIETA;23;22234880
MARITES;KOBIETA;23;22234903
MEENA;KOBIETA;23;22234926
TEMENUZHKA;KOBIETA;23;22234949
DUNG;KOBIETA;23;22234972
ZIVA;KOBIETA;23;22234995
XIA;KOBIETA;23;22235018
NAWOJA;KOBIETA;23;22235041
ZULFIYA;KOBIETA;23;22235064
SZILVIA;KOBIETA;23;22235087
DONATELLA;KOBIETA;23;22235110
AYDAN;KOBIETA;23;22235133
CHAYA;KOBIETA;23;22235156
ORA;KOBIETA;23;22235179
THI LIEN;KOBIETA;23;22235202
VANDANA;KOBIETA;23;22235225
CEYDA;KOBIETA;23;22235248
FRANCINE;KOBIETA;23;22235271
MERY;KOBIETA;23;22235294
JAROMIRA;KOBIETA;23;22235317
ULRYKA;KOBIETA;23;22235340
ANJU;KOBIETA;23;22235363
RENIA;KOBIETA;23;22235386
YORDANA;KOBIETA;23;22235409
AMI;KOBIETA;23;22235432
NAINA;KOBIETA;23;22235455
BONNIE;KOBIETA;23;22235478
KUDZAI;KOBIETA;23;22235501
DEBRA;KOBIETA;23;22235524
RINAT;KOBIETA;23;22235547
JIMENA;KOBIETA;23;22235570
OLCHA;KOBIETA;23;22235593
VUSALA;KOBIETA;23;22235616
ADITI;KOBIETA;23;22235639
SINDI;KOBIETA;23;22235662
RAMA;KOBIETA;23;22235685
EDINA;KOBIETA;23;22235708
AYGUN;KOBIETA;23;22235731
LITAL;KOBIETA;23;22235754
VARDA;KOBIETA;23;22235777
ANNE-SOPHIE;KOBIETA;23;22235800
SEVGI;KOBIETA;23;22235823
MILDA;KOBIETA;23;22235846
SEEMA;KOBIETA;23;22235869
KAILA;KOBIETA;23;22235892
DIDEM;KOBIETA;23;22235915
LIZELOTA;KOBIETA;23;22235938
KONUL;KOBIETA;23;22235961
RHEA;KOBIETA;23;22235984
NARINA;KOBIETA;23;22236007
CLAUDINE;KOBIETA;23;22236030
DAIWA;KOBIETA;22;22236052
RAZ;KOBIETA;22;22236074
JOLANTHE;KOBIETA;22;22236096
MAKVALA;KOBIETA;22;22236118
MARISOL;KOBIETA;22;22236140
LIRI;KOBIETA;22;22236162
THI VAN;KOBIETA;22;22236184
D¯AMILA;KOBIETA;22;22236206
ANETT;KOBIETA;22;22236228
RADHIKA;KOBIETA;22;22236250
FILIZ;KOBIETA;22;22236272
ALIAUTSINA;KOBIETA;22;22236294
GEORGIANA;KOBIETA;22;22236316
VOLODYMYR;KOBIETA;22;22236338
ANETA;KOBIETA;22;22236360
ASHLEIGH;KOBIETA;22;22236382
KOLETTA;KOBIETA;22;22236404
CAMELIA;KOBIETA;22;22236426
LIU;KOBIETA;22;22236448
YOLANA;KOBIETA;22;22236470
MARIIA-VIKTORIIA;KOBIETA;22;22236492
NIKE;KOBIETA;22;22236514
SULIS£AWA;KOBIETA;22;22236536
ANUSHKA;KOBIETA;22;22236558
NARE;KOBIETA;22;22236580
NIKOLIETTA;KOBIETA;22;22236602
YUMI;KOBIETA;22;22236624
PANAJOTA;KOBIETA;22;22236646
CORALIE;KOBIETA;22;22236668
MÁRCIA;KOBIETA;22;22236690
NOÉMI;KOBIETA;22;22236712
DOMNIKA;KOBIETA;22;22236734
ROZANETA;KOBIETA;22;22236756
KIRAN;KOBIETA;22;22236778
YRYNA;KOBIETA;22;22236800
ALIKI;KOBIETA;22;22236822
VALIERIIA;KOBIETA;22;22236844
PATIMA;KOBIETA;22;22236866
LEANNE;KOBIETA;22;22236888
ANDZHELA;KOBIETA;22;22236910
THI NHUNG;KOBIETA;22;22236932
REINA;KOBIETA;22;22236954
OANA;KOBIETA;22;22236976
EIRINI;KOBIETA;22;22236998
JEWHENIJA;KOBIETA;22;22237020
HILLA;KOBIETA;22;22237042
SO£OMIJA;KOBIETA;22;22237064
LISBETH;KOBIETA;22;22237086
SANIA;KOBIETA;22;22237108
MUNIRA;KOBIETA;22;22237130
ALICIJA;KOBIETA;22;22237152
S?NEM;KOBIETA;22;22237174
EMMY;KOBIETA;22;22237196
DAMROKA;KOBIETA;22;22237218
MICHELL;KOBIETA;22;22237240
EUNJI;KOBIETA;22;22237262
JUANITA;KOBIETA;22;22237284
ANGHELINA;KOBIETA;22;22237306
OLIVERA;KOBIETA;22;22237328
KADEK;KOBIETA;22;22237350
NEREA;KOBIETA;22;22237372
SINDY;KOBIETA;22;22237394
IPEK;KOBIETA;22;22237416
CATHY;KOBIETA;22;22237438
DANIIELA;KOBIETA;22;22237460
NGUYET;KOBIETA;22;22237482
MAIKE;KOBIETA;22;22237504
STEFFI;KOBIETA;22;22237526
ALTYNAY;KOBIETA;22;22237548
LETOS£AWA;KOBIETA;22;22237570
DEEPIKA;KOBIETA;22;22237592
ANNI;KOBIETA;22;22237614
YUANYUAN;KOBIETA;22;22237636
IVELINA;KOBIETA;22;22237658
SARI;KOBIETA;22;22237680
LUMINITA;KOBIETA;22;22237702
BENIAMINA;KOBIETA;22;22237724
MAXIMA;KOBIETA;22;22237746
YEWA;KOBIETA;22;22237768
AYSU;KOBIETA;22;22237790
ORSOLYA;KOBIETA;22;22237812
CLEO;KOBIETA;22;22237834
JUDY;KOBIETA;22;22237856
DANINA;KOBIETA;22;22237878
XINYI;KOBIETA;22;22237900
RIA;KOBIETA;22;22237922
KRISTÝNA;KOBIETA;22;22237944
EUGIENIA;KOBIETA;22;22237966
ROCHELLE;KOBIETA;22;22237988
SAIRA;KOBIETA;22;22238010
PELAHEIA;KOBIETA;22;22238032
SHUSHANIK;KOBIETA;22;22238054
YELYSAVETA;KOBIETA;21;22238075
CHANTEL;KOBIETA;21;22238096
ZHANNETA;KOBIETA;21;22238117
TH? H??NG;KOBIETA;21;22238138
MUNA;KOBIETA;21;22238159
YANYAN;KOBIETA;21;22238180
HAIYAN;KOBIETA;21;22238201
TARESA;KOBIETA;21;22238222
WEN;KOBIETA;21;22238243
ANNA MARIA;KOBIETA;21;22238264
NERMIN;KOBIETA;21;22238285
SONGÜL;KOBIETA;21;22238306
IMGARDA;KOBIETA;21;22238327
ABBY;KOBIETA;21;22238348
NOEMIE;KOBIETA;21;22238369
JEANETTA;KOBIETA;21;22238390
ABRIL;KOBIETA;21;22238411
MARJORIE;KOBIETA;21;22238432
SAMINA;KOBIETA;21;22238453
KETINO;KOBIETA;21;22238474
NAVA;KOBIETA;21;22238495
MYROS£AWA;KOBIETA;21;22238516
CINTIA;KOBIETA;21;22238537
LAURETTA;KOBIETA;21;22238558
MARGARETHA;KOBIETA;21;22238579
GÖKÇE;KOBIETA;21;22238600
LOTEM;KOBIETA;21;22238621
MARIONILA;KOBIETA;21;22238642
SAFA;KOBIETA;21;22238663
ROKSANNA;KOBIETA;21;22238684
ASHKHEN;KOBIETA;21;22238705
RONG;KOBIETA;21;22238726
KAYLEIGH;KOBIETA;21;22238747
AN;KOBIETA;21;22238768
AGAFIA;KOBIETA;21;22238789
DIYANA;KOBIETA;21;22238810
SRI;KOBIETA;21;22238831
HANNE;KOBIETA;21;22238852
TH? TH?Y;KOBIETA;21;22238873
LYDMILA;KOBIETA;21;22238894
QING;KOBIETA;21;22238915
ALAA;KOBIETA;21;22238936
BAO NGOC;KOBIETA;21;22238957
ORSZULA;KOBIETA;21;22238978
SHREYA;KOBIETA;21;22238999
ETHEL;KOBIETA;21;22239020
MAI ANH;KOBIETA;21;22239041
ANNELISE;KOBIETA;21;22239062
ALEXSANDRA;KOBIETA;21;22239083
LILLIANNA;KOBIETA;21;22239104
TÍMEA;KOBIETA;21;22239125
RUCHLA;KOBIETA;21;22239146
ZHANAR;KOBIETA;21;22239167
ELOISE;KOBIETA;21;22239188
NATALII;KOBIETA;21;22239209
EWGENIA;KOBIETA;21;22239230
IADVIGA;KOBIETA;21;22239251
NAZERKE;KOBIETA;21;22239272
AYANA;KOBIETA;21;22239293
HOUDA;KOBIETA;21;22239314
MARGARIT;KOBIETA;21;22239335
GAIANE;KOBIETA;21;22239356
TUYET;KOBIETA;21;22239377
MIRYAM;KOBIETA;21;22239398
MÓNIKA;KOBIETA;21;22239419
JUNE;KOBIETA;21;22239440
BANU;KOBIETA;21;22239461
HINDA;KOBIETA;21;22239482
AYGUL;KOBIETA;21;22239503
UMIDA;KOBIETA;21;22239524
LUDOVICA;KOBIETA;21;22239545
SHWETA;KOBIETA;21;22239566
BILJANA;KOBIETA;21;22239587
VIVIANNE;KOBIETA;21;22239608
CRISTIANA;KOBIETA;21;22239629
THUY LINH;KOBIETA;21;22239650
NI KOMANG;KOBIETA;21;22239671
THI TAM;KOBIETA;21;22239692
VOLGA;KOBIETA;21;22239713
ZENIS£AWA;KOBIETA;21;22239734
DAR'IA;KOBIETA;21;22239755
ASSIYA;KOBIETA;21;22239776
SABRYNA;KOBIETA;21;22239797
TANYARADZWA;KOBIETA;21;22239818
LEONTINA;KOBIETA;21;22239839
ANAIDA;KOBIETA;21;22239860
RYWKA;KOBIETA;21;22239881
NAIMA;KOBIETA;21;22239902
LIEIA;KOBIETA;21;22239923
KYLA;KOBIETA;21;22239944
JIHYUN;KOBIETA;21;22239965
EYLÜL;KOBIETA;21;22239986
AHUVA;KOBIETA;21;22240007
DMYTRO;KOBIETA;21;22240028
YAREN;KOBIETA;21;22240049
EVANHELINA;KOBIETA;21;22240070
ERMINA;KOBIETA;21;22240091
SEVINCH;KOBIETA;21;22240112
THI THU HA;KOBIETA;21;22240133
ODA;KOBIETA;21;22240154
SARINA;KOBIETA;21;22240175
SELENE;KOBIETA;21;22240196
SYNDIA;KOBIETA;21;22240217
FILIPA;KOBIETA;21;22240238
ISADORA;KOBIETA;21;22240259
ANELYA;KOBIETA;21;22240280
HACER;KOBIETA;21;22240301
S?MGE;KOBIETA;21;22240322
EUN;KOBIETA;21;22240343
TARIRO;KOBIETA;21;22240364
HAI;KOBIETA;21;22240385
AGLAIA;KOBIETA;21;22240406
MEIRAV;KOBIETA;21;22240427
APARNA;KOBIETA;21;22240448
GULZHAN;KOBIETA;21;22240469
RUZHENA;KOBIETA;20;22240489
BÄRBEL;KOBIETA;20;22240509
PENELOPA;KOBIETA;20;22240529
HAVVA;KOBIETA;20;22240549
VIRGINIJA;KOBIETA;20;22240569
LEAKADZIYA;KOBIETA;20;22240589
CÉLIA;KOBIETA;20;22240609
STEFKA;KOBIETA;20;22240629
BAO;KOBIETA;20;22240649
SHULAMIT;KOBIETA;20;22240669
BRIANA;KOBIETA;20;22240689
TH? NGA;KOBIETA;20;22240709
TASNIM;KOBIETA;20;22240729
NAN;KOBIETA;20;22240749
INARA;KOBIETA;20;22240769
LAMZIRA;KOBIETA;20;22240789
DITA;KOBIETA;20;22240809
MÔNICA;KOBIETA;20;22240829
ANNA-VIKTORIIA;KOBIETA;20;22240849
SERHII;KOBIETA;20;22240869
ANA MARIA;KOBIETA;20;22240889
SHAKHNOZA;KOBIETA;20;22240909
MARITTA;KOBIETA;20;22240929
SHANY;KOBIETA;20;22240949
JOSIANE;KOBIETA;20;22240969
LUH;KOBIETA;20;22240989
WENANTA;KOBIETA;20;22241009
ROLANDA;KOBIETA;20;22241029
MARIZA;KOBIETA;20;22241049
MARIAN;KOBIETA;20;22241069
JOSÉPHINE;KOBIETA;20;22241089
LUCREZIA;KOBIETA;20;22241109
SOÒA;KOBIETA;20;22241129
KHADIZHA;KOBIETA;20;22241149
DAHLIA;KOBIETA;20;22241169
SAVANNA;KOBIETA;20;22241189
MIRNA;KOBIETA;20;22241209
MAZHENA;KOBIETA;20;22241229
ZYUMBYULKA;KOBIETA;20;22241249
GITLA;KOBIETA;20;22241269
IREN;KOBIETA;20;22241289
ALESJA;KOBIETA;20;22241309
MAYSA;KOBIETA;20;22241329
ANISIA;KOBIETA;20;22241349
LILIANNE;KOBIETA;20;22241369
ANDZELIKA;KOBIETA;20;22241389
YASNA;KOBIETA;20;22241409
POLLYANNA;KOBIETA;20;22241429
VANINA;KOBIETA;20;22241449
ANULA;KOBIETA;20;22241469
MÁRTA;KOBIETA;20;22241489
RALUCA;KOBIETA;20;22241509
J?LIJA;KOBIETA;20;22241529
POLYNA;KOBIETA;20;22241549
PHUONG ANH;KOBIETA;20;22241569
BONIFACJA;KOBIETA;20;22241589
NADZIE¯DA;KOBIETA;20;22241609
LUCA;KOBIETA;20;22241629
SHALINI;KOBIETA;20;22241649
HOPE;KOBIETA;20;22241669
ANIFE;KOBIETA;20;22241689
ANICENTA;KOBIETA;20;22241709
?LAYDA;KOBIETA;20;22241729
LYBOV;KOBIETA;20;22241749
WENATA;KOBIETA;20;22241769
FLORINA;KOBIETA;20;22241789
DILDORA;KOBIETA;20;22241809
YUNNA;KOBIETA;20;22241829
SAVANA;KOBIETA;20;22241849
NATALYIA;KOBIETA;20;22241869
FERUZA;KOBIETA;20;22241889
VIDA;KOBIETA;20;22241909
CHARMAINE;KOBIETA;20;22241929
JIYOUNG;KOBIETA;20;22241949
XUAN;KOBIETA;20;22241969
ARIETTA;KOBIETA;20;22241989
ISHA;KOBIETA;20;22242009
LIHUA;KOBIETA;20;22242029
DIONIZJA;KOBIETA;20;22242049
S£AWKA;KOBIETA;20;22242069
OLIVE;KOBIETA;20;22242089
JI;KOBIETA;20;22242109
IYA;KOBIETA;20;22242129
KRASIMIRA;KOBIETA;20;22242149
ANALIZA;KOBIETA;20;22242169
SAMARA;KOBIETA;20;22242189
MELINE;KOBIETA;20;22242209
SKYLA;KOBIETA;20;22242229
THERESIA;KOBIETA;20;22242249
ANGE;KOBIETA;20;22242269
LILIOZA;KOBIETA;20;22242289
ASTERIA;KOBIETA;20;22242309
SHERYL;KOBIETA;20;22242329
TH? PH??NG;KOBIETA;20;22242349
ARSENIIA;KOBIETA;20;22242369
MARY ANN;KOBIETA;20;22242389
SAFIIA;KOBIETA;20;22242409
RIM;KOBIETA;20;22242429
DARYIA;KOBIETA;20;22242449
SANNA;KOBIETA;20;22242469
KONKORDIA;KOBIETA;20;22242489
CIARA;KOBIETA;20;22242509
ILANIT;KOBIETA;20;22242529
FELICITAS;KOBIETA;20;22242549
LÍVIA;KOBIETA;20;22242569
ALIIE;KOBIETA;20;22242589
SANAA;KOBIETA;20;22242609
MIKI;KOBIETA;20;22242629
GEFEN;KOBIETA;20;22242649
AYTAN;KOBIETA;20;22242669
NAZAR;KOBIETA;20;22242689
RAFFAELLA;KOBIETA;20;22242709
ADÉLA;KOBIETA;20;22242729
ASMAA;KOBIETA;20;22242749
ILMIRA;KOBIETA;20;22242769
STACY;KOBIETA;20;22242789
ARYIANA;KOBIETA;20;22242809
MAIJA;KOBIETA;20;22242829
THALIA;KOBIETA;20;22242849
KAZYMYRA;KOBIETA;20;22242869
SUSHMA;KOBIETA;20;22242889
SHABNAM;KOBIETA;20;22242909
NERINGA;KOBIETA;20;22242929
ARISA;KOBIETA;20;22242949
SOFIKO;KOBIETA;20;22242969
THI OANH;KOBIETA;20;22242989
MARGERYTA;KOBIETA;19;22243008
LIPING;KOBIETA;19;22243027
DANICA;KOBIETA;19;22243046
ROSALINDA;KOBIETA;19;22243065
MANJU;KOBIETA;19;22243084
ZOLA;KOBIETA;19;22243103
PETYA;KOBIETA;19;22243122
ALIME;KOBIETA;19;22243141
TAISIJA;KOBIETA;19;22243160
BAªAK;KOBIETA;19;22243179
THI BINH;KOBIETA;19;22243198
SNI¯ANA;KOBIETA;19;22243217
MENG;KOBIETA;19;22243236
DOMNA;KOBIETA;19;22243255
SHRADDHA;KOBIETA;19;22243274
HITA;KOBIETA;19;22243293
EGL?;KOBIETA;19;22243312
CRISTIANE;KOBIETA;19;22243331
JAROSLAWA;KOBIETA;19;22243350
AFSANA;KOBIETA;19;22243369
TAYLOR;KOBIETA;19;22243388
TADEA;KOBIETA;19;22243407
NUTSA;KOBIETA;19;22243426
WHITNEY;KOBIETA;19;22243445
DARLENA;KOBIETA;19;22243464
EKATERINI;KOBIETA;19;22243483
NI PUTU;KOBIETA;19;22243502
ANAR;KOBIETA;19;22243521
IFAT;KOBIETA;19;22243540
TALY;KOBIETA;19;22243559
INGRYD;KOBIETA;19;22243578
MANDY;KOBIETA;19;22243597
WENESSA;KOBIETA;19;22243616
DEEPTI;KOBIETA;19;22243635
TAINA;KOBIETA;19;22243654
FRANCOISE;KOBIETA;19;22243673
NI MADE;KOBIETA;19;22243692
SHILPA;KOBIETA;19;22243711
HUDA;KOBIETA;19;22243730
ADILA;KOBIETA;19;22243749
RUBI;KOBIETA;19;22243768
ANAHITA;KOBIETA;19;22243787
SIUZANA;KOBIETA;19;22243806
ANNA MARIIA;KOBIETA;19;22243825
KARA;KOBIETA;19;22243844
ABIR;KOBIETA;19;22243863
NEVENA;KOBIETA;19;22243882
DANYYILA;KOBIETA;19;22243901
LE;KOBIETA;19;22243920
REKHA;KOBIETA;19;22243939
NOURA;KOBIETA;19;22243958
ADELTRAUDA;KOBIETA;19;22243977
GEMA;KOBIETA;19;22243996
FELA;KOBIETA;19;22244015
ZORA;KOBIETA;19;22244034
EUDOCHIA;KOBIETA;19;22244053
SANITA;KOBIETA;19;22244072
OL'GA;KOBIETA;19;22244091
HULDA;KOBIETA;19;22244110
SITI;KOBIETA;19;22244129
SAMA;KOBIETA;19;22244148
MACARENA;KOBIETA;19;22244167
KAY;KOBIETA;19;22244186
NAIDA;KOBIETA;19;22244205
SABRIN;KOBIETA;19;22244224
THI THAO;KOBIETA;19;22244243
MORA;KOBIETA;19;22244262
JÉSSICA;KOBIETA;19;22244281
NI KETUT;KOBIETA;19;22244300
AYAKO;KOBIETA;19;22244319
MYKHAILO;KOBIETA;19;22244338
SHELLEY;KOBIETA;19;22244357
PREETI;KOBIETA;19;22244376
THI TUYET;KOBIETA;19;22244395
DIMA;KOBIETA;19;22244414
AIA;KOBIETA;19;22244433
MI£OCHNA;KOBIETA;19;22244452
LIUTSYNA;KOBIETA;19;22244471
KATALEYA;KOBIETA;19;22244490
STACEY;KOBIETA;19;22244509
TU?BA;KOBIETA;19;22244528
ZIV;KOBIETA;19;22244547
SISSI;KOBIETA;19;22244566
ALITA;KOBIETA;19;22244585
ARNOLDA;KOBIETA;19;22244604
THI THU HUONG;KOBIETA;19;22244623
SAYA;KOBIETA;19;22244642
BERFIN;KOBIETA;19;22244661
YURI;KOBIETA;19;22244680
SILVIE;KOBIETA;19;22244699
SEVIM;KOBIETA;19;22244718
ELFREDA;KOBIETA;19;22244737
TRACEY;KOBIETA;19;22244756
NI NYOMAN;KOBIETA;19;22244775
ANALYN;KOBIETA;19;22244794
ALEXANDRINA;KOBIETA;19;22244813
LOREN;KOBIETA;19;22244832
NAZRIN;KOBIETA;19;22244851
JOVANKA;KOBIETA;19;22244870
SASZA;KOBIETA;19;22244889
LEYA;KOBIETA;19;22244908
SKYLAR;KOBIETA;19;22244927
ISKRA;KOBIETA;19;22244946
ELMA;KOBIETA;19;22244965
LYNDA;KOBIETA;19;22244984
POLLY;KOBIETA;19;22245003
KAYLEE;KOBIETA;19;22245022
ANDRESSA;KOBIETA;19;22245041
MAFTUNA;KOBIETA;19;22245060
LAYAN;KOBIETA;19;22245079
ROZETA;KOBIETA;19;22245098
BIBI;KOBIETA;19;22245117
JARMI£A;KOBIETA;19;22245136
KLAUDIIA;KOBIETA;19;22245155
AWA;KOBIETA;19;22245174
XIAOMEI;KOBIETA;19;22245193
ROSELYN;KOBIETA;19;22245212
ÉMILIE;KOBIETA;19;22245231
DOMENICA;KOBIETA;19;22245250
CINTHIA;KOBIETA;19;22245269
ELBIETA;KOBIETA;19;22245288
EVDOKIIA;KOBIETA;19;22245307
AISHWARYA;KOBIETA;19;22245326
SEDRA;KOBIETA;19;22245345
MOLDIR;KOBIETA;19;22245364
MILIANA;KOBIETA;19;22245383
AYL?N;KOBIETA;19;22245402
ALITSIIA;KOBIETA;19;22245421
ESFIR;KOBIETA;19;22245440
GYULTEN;KOBIETA;19;22245459
WA£ENTYNA;KOBIETA;19;22245478
NIGINA;KOBIETA;18;22245496
MARETA;KOBIETA;18;22245514
SIENA;KOBIETA;18;22245532
SHANAYA;KOBIETA;18;22245550
BASTI;KOBIETA;18;22245568
MARYJA;KOBIETA;18;22245586
ILENIA;KOBIETA;18;22245604
SAKINA;KOBIETA;18;22245622
TADIWANASHE;KOBIETA;18;22245640
MA£KA;KOBIETA;18;22245658
LORI;KOBIETA;18;22245676
RUCHI;KOBIETA;18;22245694
ZARIANA;KOBIETA;18;22245712
AMADEA;KOBIETA;18;22245730
SOFII;KOBIETA;18;22245748
MANAL;KOBIETA;18;22245766
RANDA;KOBIETA;18;22245784
ALEXANDRIA;KOBIETA;18;22245802
ALEFTINA;KOBIETA;18;22245820
JEMMA;KOBIETA;18;22245838
ILONIA;KOBIETA;18;22245856
KATELYN;KOBIETA;18;22245874
NEONI£A;KOBIETA;18;22245892
AMELKA;KOBIETA;18;22245910
ARAILYM;KOBIETA;18;22245928
FEODORA;KOBIETA;18;22245946
WALERIIA;KOBIETA;18;22245964
GRAINA;KOBIETA;18;22245982
MAYAN;KOBIETA;18;22246000
UNA;KOBIETA;18;22246018
OFELYA;KOBIETA;18;22246036
STAVROULA;KOBIETA;18;22246054
RAZAN;KOBIETA;18;22246072
SLAVIANA;KOBIETA;18;22246090
ELIANNA;KOBIETA;18;22246108
MIRIAN;KOBIETA;18;22246126
DANIELE;KOBIETA;18;22246144
RIKA;KOBIETA;18;22246162
LIVIIA;KOBIETA;18;22246180
RUMISA;KOBIETA;18;22246198
PALLAVI;KOBIETA;18;22246216
YUAN;KOBIETA;18;22246234
HEBA;KOBIETA;18;22246252
GÜLCAN;KOBIETA;18;22246270
FABIA;KOBIETA;18;22246288
TOM;KOBIETA;18;22246306
ANTONIETTA;KOBIETA;18;22246324
JENTA;KOBIETA;18;22246342
BONITA;KOBIETA;18;22246360
MALIA;KOBIETA;18;22246378
JEWGIENIJA;KOBIETA;18;22246396
ROBYN;KOBIETA;18;22246414
CHARLENE;KOBIETA;18;22246432
HEN;KOBIETA;18;22246450
LIESBETH;KOBIETA;18;22246468
JOWANKA;KOBIETA;18;22246486
OFELIIA;KOBIETA;18;22246504
LOTA;KOBIETA;18;22246522
TH? H?;KOBIETA;18;22246540
MELANY;KOBIETA;18;22246558
RADHA;KOBIETA;18;22246576
YE;KOBIETA;18;22246594
MALIN;KOBIETA;18;22246612
DYMITRA;KOBIETA;18;22246630
INETA;KOBIETA;18;22246648
DEA;KOBIETA;18;22246666
AMARACHI;KOBIETA;18;22246684
TRA MY;KOBIETA;18;22246702
BO¯ANNA;KOBIETA;18;22246720
GUZEL;KOBIETA;18;22246738
TSION;KOBIETA;18;22246756
AISHAT;KOBIETA;18;22246774
MARYNIKA;KOBIETA;18;22246792
PEGGY;KOBIETA;18;22246810
ALLEGRA;KOBIETA;18;22246828
NINI;KOBIETA;18;22246846
DOROTEA;KOBIETA;18;22246864
RANI;KOBIETA;18;22246882
JESSY;KOBIETA;18;22246900
JASSICA;KOBIETA;18;22246918
GABRYIELA;KOBIETA;18;22246936
STAWRULA;KOBIETA;18;22246954
DILYARA;KOBIETA;18;22246972
OLIVIYA;KOBIETA;18;22246990
PARASKEWIA;KOBIETA;18;22247008
BRIANNA;KOBIETA;18;22247026
CHERRY;KOBIETA;18;22247044
INAYA;KOBIETA;18;22247062
YUMIKO;KOBIETA;18;22247080
NAYLA;KOBIETA;18;22247098
KHANH LINH;KOBIETA;18;22247116
CHARLOTA;KOBIETA;18;22247134
REBEKKA;KOBIETA;18;22247152
MARLEN;KOBIETA;18;22247170
AJSZA;KOBIETA;18;22247188
PAZ;KOBIETA;18;22247206
LAURIE;KOBIETA;18;22247224
ARLETTE;KOBIETA;18;22247242
CENNET;KOBIETA;18;22247260
CEMRE;KOBIETA;18;22247278
MARYTA;KOBIETA;18;22247296
APOLLINE;KOBIETA;18;22247314
POPPY;KOBIETA;18;22247332
RITU;KOBIETA;18;22247350
ELMAZ;KOBIETA;18;22247368
STEPHANIA;KOBIETA;18;22247386
RAFALINA;KOBIETA;18;22247404
ADELAIDE;KOBIETA;18;22247422
HAI YEN;KOBIETA;18;22247440
INESE;KOBIETA;18;22247458
PARISA;KOBIETA;18;22247476
PUJA;KOBIETA;18;22247494
BAYAN;KOBIETA;18;22247512
ESME;KOBIETA;18;22247530
ADAMA;KOBIETA;18;22247548
SEVERINA;KOBIETA;18;22247566
ZYGRIDA;KOBIETA;18;22247584
PARVANA;KOBIETA;18;22247602
KATHRINE;KOBIETA;18;22247620
THI YEN;KOBIETA;18;22247638
AHAFIIA;KOBIETA;18;22247656
RENU;KOBIETA;18;22247674
YELIZ;KOBIETA;18;22247692
LIANE;KOBIETA;18;22247710
NOAH;KOBIETA;18;22247728
MEDNI;KOBIETA;18;22247746
GENOVEVA;KOBIETA;18;22247764
YAZMIN;KOBIETA;18;22247782
VIKTORYA;KOBIETA;18;22247800
KORDELIA;KOBIETA;18;22247818
D¯ASMINA;KOBIETA;18;22247836
WINNIE;KOBIETA;18;22247854
EDDA;KOBIETA;18;22247872
SONAM;KOBIETA;17;22247889
THI NGOC ANH;KOBIETA;17;22247906
ROZEMARIA;KOBIETA;17;22247923
GARIMA;KOBIETA;17;22247940
DEMET;KOBIETA;17;22247957
ORLA;KOBIETA;17;22247974
AGNETA;KOBIETA;17;22247991
ARMIDA;KOBIETA;17;22248008
STEFANIJA;KOBIETA;17;22248025
MARZHAN;KOBIETA;17;22248042
ARUNA;KOBIETA;17;22248059
YULIIANA;KOBIETA;17;22248076
SAJANA;KOBIETA;17;22248093
TOMIRIS;KOBIETA;17;22248110
NABILA;KOBIETA;17;22248127
DEWI;KOBIETA;17;22248144
ESET;KOBIETA;17;22248161
JOHANA;KOBIETA;17;22248178
MARGITTA;KOBIETA;17;22248195
SIMGE;KOBIETA;17;22248212
SYBILLE;KOBIETA;17;22248229
STEPANYDA;KOBIETA;17;22248246
HAFSA;KOBIETA;17;22248263
IZYDA;KOBIETA;17;22248280
HAJAR;KOBIETA;17;22248297
HABRIELA;KOBIETA;17;22248314
NICOLINA;KOBIETA;17;22248331
LATOJA;KOBIETA;17;22248348
ENYA;KOBIETA;17;22248365
HABIBA;KOBIETA;17;22248382
VARSHA;KOBIETA;17;22248399
CSILLA;KOBIETA;17;22248416
SILWANA;KOBIETA;17;22248433
FAUSTINE;KOBIETA;17;22248450
LILKA;KOBIETA;17;22248467
CHI;KOBIETA;17;22248484
BLANDINE;KOBIETA;17;22248501
FAUSTINA;KOBIETA;17;22248518
AVHUSTA;KOBIETA;17;22248535
SALINA;KOBIETA;17;22248552
ELANA;KOBIETA;17;22248569
PETRUNELIA;KOBIETA;17;22248586
ANGIELINA;KOBIETA;17;22248603
XINYUE;KOBIETA;17;22248620
MARILENA;KOBIETA;17;22248637
HASRET;KOBIETA;17;22248654
ZHANEL;KOBIETA;17;22248671
NASIBA;KOBIETA;17;22248688
LEOKADIIA;KOBIETA;17;22248705
NAZIK;KOBIETA;17;22248722
NIDA;KOBIETA;17;22248739
KRISTEL;KOBIETA;17;22248756
LILIEN;KOBIETA;17;22248773
NILAY;KOBIETA;17;22248790
SOFIIA-MARIIA;KOBIETA;17;22248807
CHAWA;KOBIETA;17;22248824
SVENJA;KOBIETA;17;22248841
AXENIA;KOBIETA;17;22248858
GIUSTINA;KOBIETA;17;22248875
PEL?N;KOBIETA;17;22248892
LINGLING;KOBIETA;17;22248909
MAYKA;KOBIETA;17;22248926
INNOCENTA;KOBIETA;17;22248943
YULYA;KOBIETA;17;22248960
LIDYA;KOBIETA;17;22248977
GERLINDE;KOBIETA;17;22248994
YOUNG;KOBIETA;17;22249011
NURTEN;KOBIETA;17;22249028
NURUL;KOBIETA;17;22249045
RICHA;KOBIETA;17;22249062
SATYA;KOBIETA;17;22249079
ILKNUR;KOBIETA;17;22249096
HYE;KOBIETA;17;22249113
EMIRA;KOBIETA;17;22249130
MISHEEL;KOBIETA;17;22249147
CHASLAVA;KOBIETA;17;22249164
ANIKÓ;KOBIETA;17;22249181
VIESTA;KOBIETA;17;22249198
AKANKSHA;KOBIETA;17;22249215
FLEUR;KOBIETA;17;22249232
THI THU HANG;KOBIETA;17;22249249
ERI;KOBIETA;17;22249266
TH? NHUNG;KOBIETA;17;22249283
C?T?LINA;KOBIETA;17;22249300
RACHAEL;KOBIETA;17;22249317
DIEU LINH;KOBIETA;17;22249334
ANJANA;KOBIETA;17;22249351
MATANAT;KOBIETA;17;22249368
RONNY;KOBIETA;17;22249385
KHLOE;KOBIETA;17;22249402
ASMAT;KOBIETA;17;22249419
ELLE;KOBIETA;17;22249436
SIRINE;KOBIETA;17;22249453
AYSUN;KOBIETA;17;22249470
JULIANNE;KOBIETA;17;22249487
YEVDOKIYA;KOBIETA;17;22249504
BONA;KOBIETA;17;22249521
AZHAR;KOBIETA;17;22249538
AGN?S;KOBIETA;17;22249555
ABBIE;KOBIETA;17;22249572
PANASHE;KOBIETA;17;22249589
BERNADETT;KOBIETA;17;22249606
GIA HAN;KOBIETA;17;22249623
ARIETA;KOBIETA;17;22249640
IMOGEN;KOBIETA;17;22249657
GIOVANA;KOBIETA;17;22249674
AOIFE;KOBIETA;17;22249691
ANUSHA;KOBIETA;17;22249708
LIESELOTTA;KOBIETA;17;22249725
VIKTORIE;KOBIETA;17;22249742
SORINA;KOBIETA;17;22249759
BESTE;KOBIETA;17;22249776
RACHELLE;KOBIETA;17;22249793
BORZENNA;KOBIETA;17;22249810
YEMILIIA;KOBIETA;17;22249827
DILNAZ;KOBIETA;17;22249844
DONA;KOBIETA;17;22249861
MADELYN;KOBIETA;17;22249878
EMMI;KOBIETA;17;22249895
BROOKE;KOBIETA;17;22249912
LESJA;KOBIETA;17;22249929
ZEINA;KOBIETA;17;22249946
DIEU;KOBIETA;17;22249963
HAYAT;KOBIETA;17;22249980
SOYEON;KOBIETA;17;22249997
ELINE;KOBIETA;17;22250014
TENDAI;KOBIETA;17;22250031
MARIVIC;KOBIETA;17;22250048
ANURADHA;KOBIETA;17;22250065
KAI;KOBIETA;17;22250082
AJLA;KOBIETA;17;22250099
KAJLA;KOBIETA;17;22250116
JUNA;KOBIETA;17;22250133
KAPITOLINA;KOBIETA;17;22250150
ESPERANZA;KOBIETA;17;22250167
LEXIE;KOBIETA;17;22250184
KAVITA;KOBIETA;17;22250201
LEONILLA;KOBIETA;17;22250218
ELEFTHERIA;KOBIETA;17;22250235
RANO;KOBIETA;17;22250252
AISULU;KOBIETA;17;22250269
ZDEÒKA;KOBIETA;17;22250286
SIDONIA;KOBIETA;17;22250303
NÓRA;KOBIETA;17;22250320
JIWON;KOBIETA;17;22250337
MARY JANE;KOBIETA;17;22250354
CLOE;KOBIETA;17;22250371
GORDIANA;KOBIETA;17;22250388
IJA;KOBIETA;17;22250405
KSIENIIA;KOBIETA;17;22250422
SNIE¯ANA;KOBIETA;17;22250439
WIAROS£AWA;KOBIETA;17;22250456
ILINA;KOBIETA;17;22250473
PARASKOVIYA;KOBIETA;17;22250490
ANASTAZIIA;KOBIETA;17;22250507
MY;KOBIETA;17;22250524
NASTASSJA;KOBIETA;17;22250541
ANH THU;KOBIETA;17;22250558
LY;KOBIETA;17;22250575
KLAVDIYA;KOBIETA;17;22250592
AI;KOBIETA;17;22250609
DILNOZA;KOBIETA;17;22250626
TAM;KOBIETA;17;22250643
OFEK;KOBIETA;17;22250660
FEODOSIIA;KOBIETA;17;22250677
TH? H?NH;KOBIETA;17;22250694
EVDOCHIA;KOBIETA;16;22250710
ARAKSYA;KOBIETA;16;22250726
DZHULIETTA;KOBIETA;16;22250742
PUTU;KOBIETA;16;22250758
SUN;KOBIETA;16;22250774
BO;KOBIETA;16;22250790
DALIT;KOBIETA;16;22250806
LARINA;KOBIETA;16;22250822
OLENIA;KOBIETA;16;22250838
DESTINY;KOBIETA;16;22250854
ALTYNAI;KOBIETA;16;22250870
LIZ;KOBIETA;16;22250886
MEERA;KOBIETA;16;22250902
SHANIA;KOBIETA;16;22250918
BENONA;KOBIETA;16;22250934
ELHAM;KOBIETA;16;22250950
SHAHAF;KOBIETA;16;22250966
RAMYA;KOBIETA;16;22250982
BUSRA;KOBIETA;16;22250998
PAOLINA;KOBIETA;16;22251014
SANDHYA;KOBIETA;16;22251030
BERTHA;KOBIETA;16;22251046
YAKHA;KOBIETA;16;22251062
KAYRA;KOBIETA;16;22251078
NADEDA;KOBIETA;16;22251094
ALMUDENA;KOBIETA;16;22251110
KIM ANH;KOBIETA;16;22251126
NIE¯KA;KOBIETA;16;22251142
MAREKHI;KOBIETA;16;22251158
MAGALÍ;KOBIETA;16;22251174
DOMNIKIIA;KOBIETA;16;22251190
SOPHIO;KOBIETA;16;22251206
GLORIIA;KOBIETA;16;22251222
BALLADYNA;KOBIETA;16;22251238
TAMIRA;KOBIETA;16;22251254
MARILOU;KOBIETA;16;22251270
ZENOWIA;KOBIETA;16;22251286
NING;KOBIETA;16;22251302
MARZIA;KOBIETA;16;22251318
SUJATA;KOBIETA;16;22251334
AMALIE;KOBIETA;16;22251350
ZENOVIYA;KOBIETA;16;22251366
ALMOG;KOBIETA;16;22251382
MACY;KOBIETA;16;22251398
ULKAR;KOBIETA;16;22251414
HILDE;KOBIETA;16;22251430
HOANG;KOBIETA;16;22251446
JACENTA;KOBIETA;16;22251462
LEONI££A;KOBIETA;16;22251478
JAEL;KOBIETA;16;22251494
CRYSTAL;KOBIETA;16;22251510
ANDRONIKA;KOBIETA;16;22251526
DOR;KOBIETA;16;22251542
£ADA;KOBIETA;16;22251558
IOULIA;KOBIETA;16;22251574
TUGBA;KOBIETA;16;22251590
NIJOLA;KOBIETA;16;22251606
IVAN;KOBIETA;16;22251622
DONARA;KOBIETA;16;22251638
LIJUN;KOBIETA;16;22251654
JOSEFA;KOBIETA;16;22251670
REBEKAH;KOBIETA;16;22251686
BERMET;KOBIETA;16;22251702
TAYA;KOBIETA;16;22251718
NIHAN;KOBIETA;16;22251734
HEGHINE;KOBIETA;16;22251750
YAM;KOBIETA;16;22251766
ROMANIYA;KOBIETA;16;22251782
NALA;KOBIETA;16;22251798
MARIAMA;KOBIETA;16;22251814
ÖYKÜ;KOBIETA;16;22251830
SAI;KOBIETA;16;22251846
MARAL;KOBIETA;16;22251862
AHLAM;KOBIETA;16;22251878
WIOLANTA;KOBIETA;16;22251894
DAKOTA;KOBIETA;16;22251910
TH? THU;KOBIETA;16;22251926
KRIST?NE;KOBIETA;16;22251942
ANDZHELINA;KOBIETA;16;22251958
NAIA;KOBIETA;16;22251974
SILVIJA;KOBIETA;16;22251990
NESTAN;KOBIETA;16;22252006
SUPRIYA;KOBIETA;16;22252022
HANNALORA;KOBIETA;16;22252038
REENA;KOBIETA;16;22252054
MIKHALINA;KOBIETA;16;22252070
LUÍSA;KOBIETA;16;22252086
GAJANE;KOBIETA;16;22252102
TAFADZWA;KOBIETA;16;22252118
WIKI;KOBIETA;16;22252134
DOROTHEE;KOBIETA;16;22252150
LOREEN;KOBIETA;16;22252166
OLYGA;KOBIETA;16;22252182
ILAHA;KOBIETA;16;22252198
YESSICA;KOBIETA;16;22252214
ZELIHA;KOBIETA;16;22252230
SALWA;KOBIETA;16;22252246
ANTONELA;KOBIETA;16;22252262
ALBETA;KOBIETA;16;22252278
RISA;KOBIETA;16;22252294
R?TA;KOBIETA;16;22252310
KALPANA;KOBIETA;16;22252326
JUNONA;KOBIETA;16;22252342
LIUCIJA;KOBIETA;16;22252358
LIJUAN;KOBIETA;16;22252374
MARIJANA;KOBIETA;16;22252390
YUNIIA;KOBIETA;16;22252406
ANNELI;KOBIETA;16;22252422
NELE;KOBIETA;16;22252438
DRAGANA;KOBIETA;16;22252454
RAVIT;KOBIETA;16;22252470
IONA;KOBIETA;16;22252486
JE?ENA;KOBIETA;16;22252502
LOUIZA;KOBIETA;16;22252518
KERRY;KOBIETA;16;22252534
INETTA;KOBIETA;16;22252550
SHERIN;KOBIETA;16;22252566
NORIKO;KOBIETA;16;22252582
ANNA-SOFIIA;KOBIETA;16;22252598
TH? NG?C;KOBIETA;16;22252614
NESL?HAN;KOBIETA;16;22252630
WALDTRAUT;KOBIETA;16;22252646
XIAOWEI;KOBIETA;16;22252662
ASTRA;KOBIETA;16;22252678
ÁRKA;KOBIETA;16;22252694
MARHARETA;KOBIETA;16;22252710
BAIBA;KOBIETA;16;22252726
JIEUN;KOBIETA;16;22252742
SIEGLINDA;KOBIETA;16;22252758
YULLIA;KOBIETA;16;22252774
MATRONA;KOBIETA;16;22252790
GIENIA;KOBIETA;16;22252806
HIND;KOBIETA;16;22252822
SYLENA;KOBIETA;16;22252838
AURELIIA;KOBIETA;16;22252854
KALISTA;KOBIETA;16;22252870
GLAFIRA;KOBIETA;16;22252886
SABRINE;KOBIETA;16;22252902
GIANNA;KOBIETA;16;22252918
BETHANY;KOBIETA;16;22252934
JULETA;KOBIETA;16;22252950
THELMA;KOBIETA;16;22252966
JEANNINE;KOBIETA;16;22252982
LAN ANH;KOBIETA;16;22252998
BEATRYCZA;KOBIETA;16;22253014
IRYDA;KOBIETA;16;22253030
SEMIRA;KOBIETA;16;22253046
LENE;KOBIETA;16;22253062
ANASTASIIA-MARIIA;KOBIETA;16;22253078
LORNA;KOBIETA;16;22253094
REYHAN;KOBIETA;16;22253110
WILLOW;KOBIETA;16;22253126
SOBIES£AWA;KOBIETA;16;22253142
THI XUAN;KOBIETA;16;22253158
MAEVE;KOBIETA;16;22253174
MADHURI;KOBIETA;16;22253190
DOBROGNIEWA;KOBIETA;16;22253206
RUNA;KOBIETA;16;22253222
YUJIN;KOBIETA;16;22253238
LEANA;KOBIETA;16;22253254
CHRYSTIANA;KOBIETA;16;22253270
NEYLA;KOBIETA;16;22253286
IMANI;KOBIETA;16;22253302
DILFUZA;KOBIETA;16;22253318
KATAYNA;KOBIETA;16;22253334
GRZES£AWA;KOBIETA;16;22253350
DESPOINA;KOBIETA;16;22253366
ANHELIKA;KOBIETA;16;22253382
VLADYSLAV;KOBIETA;16;22253398
LINNEA;KOBIETA;16;22253414
ROZALINDA;KOBIETA;16;22253430
HAWA;KOBIETA;16;22253446
AGNIA;KOBIETA;16;22253462
HARUKA;KOBIETA;16;22253478
MISHA;KOBIETA;16;22253494
MANAR;KOBIETA;16;22253510
SARBINA;KOBIETA;16;22253526
NAJA;KOBIETA;16;22253542
KETI;KOBIETA;16;22253558
KAITLYN;KOBIETA;16;22253574
BICH;KOBIETA;16;22253590
S£AWOMI£A;KOBIETA;16;22253606
LISE;KOBIETA;16;22253622
AXELLE;KOBIETA;16;22253638
ZHENYA;KOBIETA;16;22253654
ALEWTINA;KOBIETA;16;22253670
SARANYA;KOBIETA;16;22253686
SHIKHA;KOBIETA;16;22253702
ALEV;KOBIETA;16;22253718
EMNA;KOBIETA;16;22253734
MIJAL;KOBIETA;16;22253750
MANIA;KOBIETA;16;22253766
BLUMA;KOBIETA;16;22253782
JELIZAVETA;KOBIETA;16;22253798
BASMA;KOBIETA;16;22253814
RUF;KOBIETA;16;22253830
THI TINH;KOBIETA;15;22253845
AUDE;KOBIETA;15;22253860
HEROMINA;KOBIETA;15;22253875
ZILAN;KOBIETA;15;22253890
TH? THÚY;KOBIETA;15;22253905
QIN;KOBIETA;15;22253920
ARYANA;KOBIETA;15;22253935
GRAZIELLA;KOBIETA;15;22253950
SENEM;KOBIETA;15;22253965
YUXIN;KOBIETA;15;22253980
MARGIE;KOBIETA;15;22253995
CHRISTIN;KOBIETA;15;22254010
MONIA;KOBIETA;15;22254025
HELIN;KOBIETA;15;22254040
GIA LINH;KOBIETA;15;22254055
MÃDÃLINA;KOBIETA;15;22254070
LETTY;KOBIETA;15;22254085
ARIADNI;KOBIETA;15;22254100
VALÉRIA;KOBIETA;15;22254115
JUDITA;KOBIETA;15;22254130
KADER;KOBIETA;15;22254145
ISA;KOBIETA;15;22254160
SMITA;KOBIETA;15;22254175
MICHAELLA;KOBIETA;15;22254190
HILARY;KOBIETA;15;22254205
MELIDA;KOBIETA;15;22254220
WENECJA;KOBIETA;15;22254235
KAMELA;KOBIETA;15;22254250
GULNORA;KOBIETA;15;22254265
AIGIUN;KOBIETA;15;22254280
MARCJA;KOBIETA;15;22254295
JIMIN;KOBIETA;15;22254310
MARIIA-KHRYSTYNA;KOBIETA;15;22254325
JOLETTA;KOBIETA;15;22254340
RAHMA;KOBIETA;15;22254355
HAN;KOBIETA;15;22254370
THI TRANG;KOBIETA;15;22254385
SNIZANA;KOBIETA;15;22254400
KAIRA;KOBIETA;15;22254415
JIAYI;KOBIETA;15;22254430
SAPNA;KOBIETA;15;22254445
CATHERINA;KOBIETA;15;22254460
DOUNIA;KOBIETA;15;22254475
HANELORE;KOBIETA;15;22254490
KAMELIIA;KOBIETA;15;22254505
GEETA;KOBIETA;15;22254520
MOTRONA;KOBIETA;15;22254535
OLIMPIADA;KOBIETA;15;22254550
ELIYA;KOBIETA;15;22254565
KENDRA;KOBIETA;15;22254580
RAWAN;KOBIETA;15;22254595
TH? HOA;KOBIETA;15;22254610
MELODIE;KOBIETA;15;22254625
VAIDA;KOBIETA;15;22254640
TH? LAN;KOBIETA;15;22254655
RAIA;KOBIETA;15;22254670
ALIMA;KOBIETA;15;22254685
TRAUTE;KOBIETA;15;22254700
ANGIELA;KOBIETA;15;22254715
SOFFIA;KOBIETA;15;22254730
NENA;KOBIETA;15;22254745
YAMILA;KOBIETA;15;22254760
WALERIANA;KOBIETA;15;22254775
JANNAT;KOBIETA;15;22254790
TOMOMI;KOBIETA;15;22254805
FOTINI;KOBIETA;15;22254820
GLENDA;KOBIETA;15;22254835
CLAVDIA;KOBIETA;15;22254850
XIAOHONG;KOBIETA;15;22254865
ZHULIETA;KOBIETA;15;22254880
ATHANASIA;KOBIETA;15;22254895
DANIT;KOBIETA;15;22254910
VALIDA;KOBIETA;15;22254925
BINA;KOBIETA;15;22254940
DONKA;KOBIETA;15;22254955
AYAZHAN;KOBIETA;15;22254970
YUTING;KOBIETA;15;22254985
JASLEEN;KOBIETA;15;22255000
AMBRE;KOBIETA;15;22255015
OPHELIA;KOBIETA;15;22255030
D¯EMILA;KOBIETA;15;22255045
MAYUMI;KOBIETA;15;22255060
JONATA;KOBIETA;15;22255075
NURCAN;KOBIETA;15;22255090
ZHIVKA;KOBIETA;15;22255105
LERA;KOBIETA;15;22255120
VAISHNAVI;KOBIETA;15;22255135
LUCILLE;KOBIETA;15;22255150
WALA;KOBIETA;15;22255165
DACE;KOBIETA;15;22255180
DIANNE;KOBIETA;15;22255195
RASHA;KOBIETA;15;22255210
VELENTYNA;KOBIETA;15;22255225
MAR;KOBIETA;15;22255240
TARJA;KOBIETA;15;22255255
XINXIN;KOBIETA;15;22255270
GRATSIELA;KOBIETA;15;22255285
JENNET;KOBIETA;15;22255300
BRIDGET;KOBIETA;15;22255315
PRISHA;KOBIETA;15;22255330
HANIYA;KOBIETA;15;22255345
TH? DUNG;KOBIETA;15;22255360
ANE;KOBIETA;15;22255375
YIFAN;KOBIETA;15;22255390
MERITA;KOBIETA;15;22255405
CHIPO;KOBIETA;15;22255420
WIWIEN;KOBIETA;15;22255435
JORDAN;KOBIETA;15;22255450
NURIIA;KOBIETA;15;22255465
EMMANUELLA;KOBIETA;15;22255480
AMILIA;KOBIETA;15;22255495
CINZIA;KOBIETA;15;22255510
ERINA;KOBIETA;15;22255525
THI THU HIEN;KOBIETA;15;22255540
MARLEEN;KOBIETA;15;22255555
ANNELIE;KOBIETA;15;22255570
KARDELEN;KOBIETA;15;22255585
INAS;KOBIETA;15;22255600
GRACIA;KOBIETA;15;22255615
NANDINI;KOBIETA;15;22255630
TULA;KOBIETA;15;22255645
OFRA;KOBIETA;15;22255660
MAMTA;KOBIETA;15;22255675
ANTONIDA;KOBIETA;15;22255690
BILGE;KOBIETA;15;22255705
TAHMINA;KOBIETA;15;22255720
MANSI;KOBIETA;15;22255735
CLARICE;KOBIETA;15;22255750
MA?A;KOBIETA;15;22255765
NELLYA;KOBIETA;15;22255780
LIDMYLA;KOBIETA;15;22255795
HIULNARA;KOBIETA;15;22255810
MARGRIT;KOBIETA;15;22255825
TH? H?NG;KOBIETA;15;22255840
MAINA;KOBIETA;15;22255855
MARIA DEL MAR;KOBIETA;15;22255870
ZINOVIA;KOBIETA;15;22255885
SYBILIA;KOBIETA;15;22255900
WASYLIKI;KOBIETA;15;22255915
DAVINA;KOBIETA;15;22255930
AYAKA;KOBIETA;15;22255945
KIANA;KOBIETA;15;22255960
AIYM;KOBIETA;15;22255975
VALERYA;KOBIETA;15;22255990
GAIL;KOBIETA;15;22256005
HELLEN;KOBIETA;15;22256020
DANIIA;KOBIETA;15;22256035
NASTASJA;KOBIETA;15;22256050
¯ENETA;KOBIETA;15;22256065
ªEVVAL;KOBIETA;15;22256080
SAFIJA;KOBIETA;15;22256095
JENIFFER;KOBIETA;15;22256110
XIAOXIAO;KOBIETA;15;22256125
?LKNUR;KOBIETA;15;22256140
AYAH;KOBIETA;15;22256155
ZIGRIDA;KOBIETA;15;22256170
HANDAN;KOBIETA;15;22256185
D¯ULIANA;KOBIETA;15;22256200
IWONIA;KOBIETA;15;22256215
HELIODORA;KOBIETA;15;22256230
NADE¯DA;KOBIETA;15;22256245
ZENAJDA;KOBIETA;15;22256260
YORDANKA;KOBIETA;15;22256275
HYGINA;KOBIETA;15;22256290
CEZARYNA;KOBIETA;15;22256305
BERF?N;KOBIETA;15;22256320
SISI;KOBIETA;15;22256335
ANGELINE;KOBIETA;15;22256350
MÉLISSA;KOBIETA;15;22256365
FILIPPA;KOBIETA;15;22256380
MOUNA;KOBIETA;15;22256395
ARTI;KOBIETA;15;22256410
HEIDRUN;KOBIETA;15;22256425
ÖZNUR;KOBIETA;15;22256440
XIMENA;KOBIETA;15;22256455
MIREIA;KOBIETA;15;22256470
LEEN;KOBIETA;15;22256485
USTINA;KOBIETA;15;22256500
BIERUTA;KOBIETA;14;22256514
LIEL;KOBIETA;14;22256528
YUI;KOBIETA;14;22256542
MEL?SA;KOBIETA;14;22256556
KALINKA;KOBIETA;14;22256570
CECILIE;KOBIETA;14;22256584
CHIEDZA;KOBIETA;14;22256598
YA?MUR;KOBIETA;14;22256612
TOMIS£AWA;KOBIETA;14;22256626
MARIOLANTA;KOBIETA;14;22256640
LIWIANA;KOBIETA;14;22256654
TEMIDA;KOBIETA;14;22256668
NICHOLE;KOBIETA;14;22256682
EMÍLIA;KOBIETA;14;22256696
SOO;KOBIETA;14;22256710
DAROS£AWA;KOBIETA;14;22256724
VESELINA;KOBIETA;14;22256738
TH? OANH;KOBIETA;14;22256752
ARNETA;KOBIETA;14;22256766
MAGDALYNA;KOBIETA;14;22256780
ARWA;KOBIETA;14;22256794
ZELIA;KOBIETA;14;22256808
DOROTTYA;KOBIETA;14;22256822
NEVIN;KOBIETA;14;22256836
FULYA;KOBIETA;14;22256850
USHA;KOBIETA;14;22256864
DIVINE;KOBIETA;14;22256878
MELODIA;KOBIETA;14;22256892
CHANNEL;KOBIETA;14;22256906
PATRICJA;KOBIETA;14;22256920
LULU;KOBIETA;14;22256934
CAPUCINE;KOBIETA;14;22256948
HIROMI;KOBIETA;14;22256962
ANARA;KOBIETA;14;22256976
GIULI;KOBIETA;14;22256990
MADHU;KOBIETA;14;22257004
XIANG;KOBIETA;14;22257018
ALDA;KOBIETA;14;22257032
LISA-MARIE;KOBIETA;14;22257046
AYTAJ;KOBIETA;14;22257060
NAOKO;KOBIETA;14;22257074
IALANTA;KOBIETA;14;22257088
CYCYLIA;KOBIETA;14;22257102
BLIMA;KOBIETA;14;22257116
AURORE;KOBIETA;14;22257130
YLIANA;KOBIETA;14;22257144
HARPREET;KOBIETA;14;22257158
AD?LE;KOBIETA;14;22257172
ANTOSIA;KOBIETA;14;22257186
DENITSA;KOBIETA;14;22257200
NURA;KOBIETA;14;22257214
MALANNIA;KOBIETA;14;22257228
YUKARI;KOBIETA;14;22257242
RUMEYSA;KOBIETA;14;22257256
SALIHA;KOBIETA;14;22257270
MARLIS;KOBIETA;14;22257284
SABIRA;KOBIETA;14;22257298
KSENA;KOBIETA;14;22257312
GULNUR;KOBIETA;14;22257326
RUSUDANI;KOBIETA;14;22257340
EMANUELLA;KOBIETA;14;22257354
ROS£AWA;KOBIETA;14;22257368
SEREN;KOBIETA;14;22257382
ªEYDA;KOBIETA;14;22257396
W£ODZIMIRA;KOBIETA;14;22257410
NIKOLET;KOBIETA;14;22257424
EUNJUNG;KOBIETA;14;22257438
NOORA;KOBIETA;14;22257452
SANDRINA;KOBIETA;14;22257466
SESILI;KOBIETA;14;22257480
ROSARIO;KOBIETA;14;22257494
SYMONA;KOBIETA;14;22257508
TAJA;KOBIETA;14;22257522
NOMI;KOBIETA;14;22257536
BUSHRA;KOBIETA;14;22257550
XIAOXIA;KOBIETA;14;22257564
QUYNH TRANG;KOBIETA;14;22257578
MARIOLETTA;KOBIETA;14;22257592
RITIKA;KOBIETA;14;22257606
KALERIIA;KOBIETA;14;22257620
EGANA;KOBIETA;14;22257634
SU;KOBIETA;14;22257648
ADELYA;KOBIETA;14;22257662
LIUTSIIA;KOBIETA;14;22257676
AKMARAL;KOBIETA;14;22257690
HYUN;KOBIETA;14;22257704
FRANÇOISE;KOBIETA;14;22257718
ANNALENA;KOBIETA;14;22257732
SEDEF;KOBIETA;14;22257746
ROKSOLYANA;KOBIETA;14;22257760
NIRIT;KOBIETA;14;22257774
ILKA;KOBIETA;14;22257788
SUMAJA;KOBIETA;14;22257802
THI DUYEN;KOBIETA;14;22257816
KELSEY;KOBIETA;14;22257830
EKATERYNA;KOBIETA;14;22257844
VASYL;KOBIETA;14;22257858
MAKSALINA;KOBIETA;14;22257872
STEFANY;KOBIETA;14;22257886
MARLIES;KOBIETA;14;22257900
CLÉMENTINE;KOBIETA;14;22257914
DIANA-MARIIA;KOBIETA;14;22257928
GRAZIA;KOBIETA;14;22257942
ALIJA;KOBIETA;14;22257956
CHARLINE;KOBIETA;14;22257970
GÜL;KOBIETA;14;22257984
DALMA;KOBIETA;14;22257998
NAWAL;KOBIETA;14;22258012
TH? HU?;KOBIETA;14;22258026
ASMIN;KOBIETA;14;22258040
JASNA;KOBIETA;14;22258054
DONIA;KOBIETA;14;22258068
LUZIA;KOBIETA;14;22258082
RAYNA;KOBIETA;14;22258096
MELITTA;KOBIETA;14;22258110
ONYSIIA;KOBIETA;14;22258124
LINOY;KOBIETA;14;22258138
MELANYA;KOBIETA;14;22258152
VENUS;KOBIETA;14;22258166
NATA;KOBIETA;14;22258180
TAMMY;KOBIETA;14;22258194
VÌRA;KOBIETA;14;22258208
TOITA;KOBIETA;14;22258222
RADYS£AWA;KOBIETA;14;22258236
AGN?;KOBIETA;14;22258250
CARMIT;KOBIETA;14;22258264
WEIWEI;KOBIETA;14;22258278
ROYA;KOBIETA;14;22258292
AGNIIA;KOBIETA;14;22258306
KALLIOPI;KOBIETA;14;22258320
KVITKA;KOBIETA;14;22258334
THI MINH;KOBIETA;14;22258348
SNEANA;KOBIETA;14;22258362
KRISHNA;KOBIETA;14;22258376
DIÁNA;KOBIETA;14;22258390
TU?ÇE;KOBIETA;14;22258404
LIOUDMILA;KOBIETA;14;22258418
THU HA;KOBIETA;14;22258432
LALE;KOBIETA;14;22258446
ANNICK;KOBIETA;14;22258460
ARWENA;KOBIETA;14;22258474
LIENE;KOBIETA;14;22258488
OYA;KOBIETA;14;22258502
RUSANA;KOBIETA;14;22258516
ADRIENN;KOBIETA;14;22258530
NORAH;KOBIETA;14;22258544
AURÉLIA;KOBIETA;14;22258558
ROZALIYA;KOBIETA;14;22258572
SIHAM;KOBIETA;14;22258586
ESENIYA;KOBIETA;14;22258600
RAINA;KOBIETA;14;22258614
VASILKA;KOBIETA;14;22258628
LILIIANA;KOBIETA;14;22258642
PATIMAT;KOBIETA;14;22258656
MAYAH;KOBIETA;14;22258670
KHULAN;KOBIETA;14;22258684
PRACHI;KOBIETA;14;22258698
KEVSER;KOBIETA;14;22258712
THI LY;KOBIETA;14;22258726
SILWIA;KOBIETA;14;22258740
SAFINA;KOBIETA;14;22258754
MICH?LE;KOBIETA;14;22258768
IZABELL;KOBIETA;14;22258782
DIKLA;KOBIETA;14;22258796
HEMA;KOBIETA;14;22258810
TH? Y?N;KOBIETA;14;22258824
PREETHI;KOBIETA;14;22258838
JUTRZENKA;KOBIETA;14;22258852
SWATHI;KOBIETA;14;22258866
NEONILLA;KOBIETA;14;22258880
KAMETA;KOBIETA;14;22258894
TSVITANA;KOBIETA;14;22258908
AURELIJA;KOBIETA;14;22258922
NASTJA;KOBIETA;14;22258936
GINTAR?;KOBIETA;14;22258950
SHUSHAN;KOBIETA;14;22258964
SAYAKA;KOBIETA;14;22258978
LETISJA;KOBIETA;14;22258992
KAVYA;KOBIETA;14;22259006
KATIERINA;KOBIETA;14;22259020
YAFFA;KOBIETA;14;22259034
FATYMA;KOBIETA;14;22259048
ZHANSAYA;KOBIETA;14;22259062
PHUONG THAO;KOBIETA;14;22259076
JEMIMA;KOBIETA;14;22259090
ALFIYA;KOBIETA;14;22259104
AMILA;KOBIETA;14;22259118
EMELIA;KOBIETA;14;22259132
HYEWON;KOBIETA;14;22259146
CONSTANZE;KOBIETA;14;22259160
HELGARD;KOBIETA;14;22259174
TUANA;KOBIETA;14;22259188
JEVA;KOBIETA;14;22259202
NNEKA;KOBIETA;14;22259216
JACGUELINE;KOBIETA;14;22259230
G£AFIRA;KOBIETA;14;22259244
WALTRAUTA;KOBIETA;14;22259258
LILIJANNA;KOBIETA;14;22259272
SIRIN;KOBIETA;14;22259286
EDELTRANDA;KOBIETA;14;22259300
KHALIMAT;KOBIETA;14;22259314
MYLA;KOBIETA;14;22259328
O£ESIA;KOBIETA;14;22259342
ALEWTYNA;KOBIETA;14;22259356
MEGHA;KOBIETA;14;22259370
MEDARDA;KOBIETA;14;22259384
JANIS£AWA;KOBIETA;14;22259398
SZEJNA;KOBIETA;14;22259412
KANA;KOBIETA;14;22259426
LIUDMI£A;KOBIETA;14;22259440
ARBEL;KOBIETA;14;22259454
¯ERMENA;KOBIETA;14;22259468
PERIZAT;KOBIETA;14;22259482
ALEKSJA;KOBIETA;14;22259496
LOVELY;KOBIETA;14;22259510
FATEMA;KOBIETA;14;22259524
BEATRYCA;KOBIETA;14;22259538
RENETA;KOBIETA;14;22259552
QINGQING;KOBIETA;14;22259566
MARAM;KOBIETA;14;22259580
DENISSE;KOBIETA;14;22259594
IªIL;KOBIETA;14;22259608
BREGIDA;KOBIETA;14;22259622
JACLYN;KOBIETA;14;22259636
SHAKIRA;KOBIETA;14;22259650
VITALIA;KOBIETA;14;22259664
LINDSAY;KOBIETA;14;22259678
KATALEIA;KOBIETA;13;22259691
NOEL;KOBIETA;13;22259704
DJAMILA;KOBIETA;13;22259717
TH? MAI;KOBIETA;13;22259730
JONALYN;KOBIETA;13;22259743
THU HUONG;KOBIETA;13;22259756
GULSHAN;KOBIETA;13;22259769
SILJE;KOBIETA;13;22259782
ELENKA;KOBIETA;13;22259795
AGNIEKA;KOBIETA;13;22259808
JENNYFER;KOBIETA;13;22259821
JERZYNA;KOBIETA;13;22259834
BEDA;KOBIETA;13;22259847
KARI;KOBIETA;13;22259860
¯ANA;KOBIETA;13;22259873
RONNIE;KOBIETA;13;22259886
WALLI;KOBIETA;13;22259899
LITOS£AWA;KOBIETA;13;22259912
SANIYA;KOBIETA;13;22259925
NIRA;KOBIETA;13;22259938
VLADYSLAWA;KOBIETA;13;22259951
ALEENA;KOBIETA;13;22259964
CAREN;KOBIETA;13;22259977
KRISTY;KOBIETA;13;22259990
SEVDE;KOBIETA;13;22260003
HIUNEL;KOBIETA;13;22260016
NIRMALA;KOBIETA;13;22260029
RIVA;KOBIETA;13;22260042
SHAN;KOBIETA;13;22260055
VIKTORIIA-MARIIA;KOBIETA;13;22260068
ABEER;KOBIETA;13;22260081
MAXI;KOBIETA;13;22260094
TH? TRANG;KOBIETA;13;22260107
NESTANI;KOBIETA;13;22260120
SAFIYE;KOBIETA;13;22260133
FRANCZESKA;KOBIETA;13;22260146
FADZAI;KOBIETA;13;22260159
TSIURI;KOBIETA;13;22260172
ZORIA;KOBIETA;13;22260185
YULDUZ;KOBIETA;13;22260198
VIOLETTE;KOBIETA;13;22260211
NICHOLA;KOBIETA;13;22260224
GWIDONA;KOBIETA;13;22260237
TAMILLA;KOBIETA;13;22260250
?PEK;KOBIETA;13;22260263
SZAJNDLA;KOBIETA;13;22260276
ROPAFADZO;KOBIETA;13;22260289
CLEOPATRA;KOBIETA;13;22260302
KYOKO;KOBIETA;13;22260315
DZHULIETA;KOBIETA;13;22260328
CLÉMENCE;KOBIETA;13;22260341
DODO;KOBIETA;13;22260354
SINEAD;KOBIETA;13;22260367
JINGYI;KOBIETA;13;22260380
ULVIYYA;KOBIETA;13;22260393
GRZYMIS£AWA;KOBIETA;13;22260406
KHANA;KOBIETA;13;22260419
ªULE;KOBIETA;13;22260432
ALFONSA;KOBIETA;13;22260445
LIBA;KOBIETA;13;22260458
MARIONETA;KOBIETA;13;22260471
DALIANA;KOBIETA;13;22260484
FRIEDERIKE;KOBIETA;13;22260497
ANNA-ANASTASIIA;KOBIETA;13;22260510
GINETTE;KOBIETA;13;22260523
MEDINE;KOBIETA;13;22260536
WIKTORYNA;KOBIETA;13;22260549
DI?NA;KOBIETA;13;22260562
ELICJA;KOBIETA;13;22260575
TSITSI;KOBIETA;13;22260588
GAYATRI;KOBIETA;13;22260601
MILEY;KOBIETA;13;22260614
PHILIPPA;KOBIETA;13;22260627
VICTOIRE;KOBIETA;13;22260640
JIHYE;KOBIETA;13;22260653
TABITA;KOBIETA;13;22260666
BRANISLAVA;KOBIETA;13;22260679
DERIA;KOBIETA;13;22260692
MARGARITTA;KOBIETA;13;22260705
GAUKHAR;KOBIETA;13;22260718
SIOBHAN;KOBIETA;13;22260731
E££A;KOBIETA;13;22260744
ELEFTERIA;KOBIETA;13;22260757
YIHAN;KOBIETA;13;22260770
HEND;KOBIETA;13;22260783
BOTAGOZ;KOBIETA;13;22260796
INDRA;KOBIETA;13;22260809
WESNA;KOBIETA;13;22260822
AURA;KOBIETA;13;22260835
RAN;KOBIETA;13;22260848
IRYS;KOBIETA;13;22260861
BETH;KOBIETA;13;22260874
GULZAT;KOBIETA;13;22260887
AUGUSTINA;KOBIETA;13;22260900
D?LAN;KOBIETA;13;22260913
MAREM;KOBIETA;13;22260926
MAGDALINA;KOBIETA;13;22260939
IVONNA;KOBIETA;13;22260952
EMILKA;KOBIETA;13;22260965
NOELLA;KOBIETA;13;22260978
MAE;KOBIETA;13;22260991
CHOLPON;KOBIETA;13;22261004
TAMRIKO;KOBIETA;13;22261017
MAITE;KOBIETA;13;22261030
ROMAN;KOBIETA;13;22261043
SIDRA;KOBIETA;13;22261056
DUNJA;KOBIETA;13;22261069
AN¯E£A;KOBIETA;13;22261082
FLORIDA;KOBIETA;13;22261095
GAJANA;KOBIETA;13;22261108
JIWOO;KOBIETA;13;22261121
SIEGLINDE;KOBIETA;13;22261134
ÇA?LA;KOBIETA;13;22261147
ANAMIKA;KOBIETA;13;22261160
XINYU;KOBIETA;13;22261173
ALVA;KOBIETA;13;22261186
HUA;KOBIETA;13;22261199
THI ANH;KOBIETA;13;22261212
DOMNICA;KOBIETA;13;22261225
MARII;KOBIETA;13;22261238
WANGELIA;KOBIETA;13;22261251
YINGYING;KOBIETA;13;22261264
SZCZÊSNA;KOBIETA;13;22261277
CASSIE;KOBIETA;13;22261290
MARY GRACE;KOBIETA;13;22261303
ISOBEL;KOBIETA;13;22261316
ANANO;KOBIETA;13;22261329
CATTLEYA;KOBIETA;13;22261342
DEVI;KOBIETA;13;22261355
IOLANDA;KOBIETA;13;22261368
TAIS;KOBIETA;13;22261381
MARELA;KOBIETA;13;22261394
SHELBY;KOBIETA;13;22261407
ZANNA;KOBIETA;13;22261420
WIATOS£AWA;KOBIETA;13;22261433
ORIANNA;KOBIETA;13;22261446
RONIA;KOBIETA;13;22261459
HONG NHUNG;KOBIETA;13;22261472
WIEROS£AWA;KOBIETA;13;22261485
ANISHA;KOBIETA;13;22261498
ILDIKO;KOBIETA;13;22261511
LILU;KOBIETA;13;22261524
ZHARADAT;KOBIETA;13;22261537
MARCELLE;KOBIETA;13;22261550
MEL?S;KOBIETA;13;22261563
AKERKE;KOBIETA;13;22261576
BOGUCHWA£A;KOBIETA;13;22261589
DZHEMMA;KOBIETA;13;22261602
SELDA;KOBIETA;13;22261615
AYSHAN;KOBIETA;13;22261628
YEKATSIARYNA;KOBIETA;13;22261641
ARIN;KOBIETA;13;22261654
MITRA;KOBIETA;13;22261667
LEANNA;KOBIETA;13;22261680
ARISHA;KOBIETA;13;22261693
H?;KOBIETA;13;22261706
LIRA;KOBIETA;13;22261719
GALIYA;KOBIETA;13;22261732
KHATIRA;KOBIETA;13;22261745
DARIN;KOBIETA;13;22261758
D¯ANETA;KOBIETA;13;22261771
PRASKOVIA;KOBIETA;13;22261784
ZHUZHUNA;KOBIETA;13;22261797
MARJAM;KOBIETA;13;22261810
LJILJANA;KOBIETA;13;22261823
KHUSHBOO;KOBIETA;13;22261836
LETICJA;KOBIETA;13;22261849
FEVEN;KOBIETA;13;22261862
NAFISA;KOBIETA;13;22261875
RACHELE;KOBIETA;13;22261888
CLOTILDE;KOBIETA;13;22261901
NURAN;KOBIETA;13;22261914
TACJANNA;KOBIETA;13;22261927
YANAN;KOBIETA;13;22261940
TH? HI?N;KOBIETA;13;22261953
BEVERLY;KOBIETA;13;22261966
PINELOPI;KOBIETA;13;22261979
AIKO;KOBIETA;13;22261992
VETA;KOBIETA;13;22262005
EMELI;KOBIETA;13;22262018
GEORGETA;KOBIETA;13;22262031
JULIENNE;KOBIETA;13;22262044
LEELA;KOBIETA;13;22262057
YAROSLAV;KOBIETA;13;22262070
ZHYLDYZ;KOBIETA;13;22262083
KATAINA;KOBIETA;13;22262096
DANAIA;KOBIETA;13;22262109
ARMELA;KOBIETA;13;22262122
BERENICE;KOBIETA;13;22262135
MARIIANA;KOBIETA;13;22262148
ERZSÉBET;KOBIETA;13;22262161
ENOLA;KOBIETA;13;22262174
LEILI;KOBIETA;13;22262187
MAKSYMILIA;KOBIETA;13;22262200
THI VINH;KOBIETA;13;22262213
MOIRA;KOBIETA;13;22262226
PANDORA;KOBIETA;13;22262239
AYFER;KOBIETA;13;22262252
HA MY;KOBIETA;13;22262265
FAIZA;KOBIETA;13;22262278
MAISA;KOBIETA;13;22262291
SÜMEYRA;KOBIETA;13;22262304
SAKURA;KOBIETA;13;22262317
BRACHA;KOBIETA;13;22262330
THANH HA;KOBIETA;13;22262343
THU HIEN;KOBIETA;13;22262356
MYLENE;KOBIETA;13;22262369
ILIANNA;KOBIETA;13;22262382
RÉKA;KOBIETA;13;22262395
RUMI;KOBIETA;13;22262408
TURKAN;KOBIETA;13;22262421
PATRICIJA;KOBIETA;13;22262434
SULIKA;KOBIETA;13;22262447
VESLAVA;KOBIETA;13;22262460
JILLIAN;KOBIETA;13;22262473
DENIS;KOBIETA;13;22262486
KITTI;KOBIETA;13;22262499
HAJNALKA;KOBIETA;13;22262512
ARITA;KOBIETA;13;22262525
SHARMILA;KOBIETA;13;22262538
LAMIS;KOBIETA;13;22262551
VAISHALI;KOBIETA;13;22262564
SZANEL;KOBIETA;13;22262577
RAPHAELA;KOBIETA;13;22262590
GULDANA;KOBIETA;13;22262603
KRYSTIANNA;KOBIETA;13;22262616
LJUBOW;KOBIETA;13;22262629
TH? PH??NG;KOBIETA;13;22262642
GOLDA;KOBIETA;13;22262655
VEENA;KOBIETA;13;22262668
HANIFA;KOBIETA;13;22262681
MALVA;KOBIETA;13;22262694
YUHAN;KOBIETA;13;22262707
SUSANN;KOBIETA;13;22262720
EVHENIA;KOBIETA;13;22262733
SHAMS;KOBIETA;13;22262746
SILENA;KOBIETA;13;22262759
DARIKO;KOBIETA;13;22262772
GA£YNA;KOBIETA;13;22262785
TAKAKO;KOBIETA;13;22262798
ANAHI;KOBIETA;13;22262811
JACINTA;KOBIETA;13;22262824
COCO;KOBIETA;13;22262837
STALINA;KOBIETA;13;22262850
KREMENA;KOBIETA;13;22262863
UNIS£AWA;KOBIETA;13;22262876
HELGARDA;KOBIETA;13;22262889
CHAVA;KOBIETA;13;22262902
LYRA;KOBIETA;12;22262914
NICA;KOBIETA;12;22262926
LAURETA;KOBIETA;12;22262938
MARCELINE;KOBIETA;12;22262950
YUQING;KOBIETA;12;22262962
NODIRA;KOBIETA;12;22262974
SANDA;KOBIETA;12;22262986
TÜNDE;KOBIETA;12;22262998
HANAA;KOBIETA;12;22263010
FANGFANG;KOBIETA;12;22263022
CLARISA;KOBIETA;12;22263034
MINH TRANG;KOBIETA;12;22263046
LUBOMYRA;KOBIETA;12;22263058
SANJANA;KOBIETA;12;22263070
HITOMI;KOBIETA;12;22263082
ALBÌTA;KOBIETA;12;22263094
XIAOHUA;KOBIETA;12;22263106
THI THAM;KOBIETA;12;22263118
URSEL;KOBIETA;12;22263130
J?RAT?;KOBIETA;12;22263142
MEGUMI;KOBIETA;12;22263154
PARASKEVI;KOBIETA;12;22263166
VIDYA;KOBIETA;12;22263178
GA?A;KOBIETA;12;22263190
JEONG;KOBIETA;12;22263202
ODETTE;KOBIETA;12;22263214
THI THU TRANG;KOBIETA;12;22263226
PETRONELLA;KOBIETA;12;22263238
LAMAR;KOBIETA;12;22263250
FATIME;KOBIETA;12;22263262
YIXUAN;KOBIETA;12;22263274
CHESLAVA;KOBIETA;12;22263286
KAMILIIA;KOBIETA;12;22263298
YULIIA-MARIIA;KOBIETA;12;22263310
BORZYS£AWA;KOBIETA;12;22263322
SEVARA;KOBIETA;12;22263334
TEREZIIA;KOBIETA;12;22263346
LINDSEY;KOBIETA;12;22263358
EVIN;KOBIETA;12;22263370
FOTIMA;KOBIETA;12;22263382
SNE¯ANA;KOBIETA;12;22263394
SURI;KOBIETA;12;22263406
SHIMRIT;KOBIETA;12;22263418
KLAVDIA;KOBIETA;12;22263430
SOMAYEH;KOBIETA;12;22263442
LIUDA;KOBIETA;12;22263454
EDANUR;KOBIETA;12;22263466
ZLATASLAVA;KOBIETA;12;22263478
LILJANNA;KOBIETA;12;22263490
LAËTITIA;KOBIETA;12;22263502
IULIANNA;KOBIETA;12;22263514
NAZMIE;KOBIETA;12;22263526
ZLATA-MARIIA;KOBIETA;12;22263538
VAIVA;KOBIETA;12;22263550
SHIVANGI;KOBIETA;12;22263562
JUNKO;KOBIETA;12;22263574
DURU;KOBIETA;12;22263586
SHILA;KOBIETA;12;22263598
CASSIDY;KOBIETA;12;22263610
CHANELL;KOBIETA;12;22263622
TÜLAY;KOBIETA;12;22263634
PATRINA;KOBIETA;12;22263646
LUBOS£AWA;KOBIETA;12;22263658
EMIKO;KOBIETA;12;22263670
CHAIMA;KOBIETA;12;22263682
HANI;KOBIETA;12;22263694
FANY;KOBIETA;12;22263706
HONGYAN;KOBIETA;12;22263718
LYUBOW;KOBIETA;12;22263730
SYMBAT;KOBIETA;12;22263742
ZUMRUD;KOBIETA;12;22263754
SUDE;KOBIETA;12;22263766
VENEZIA;KOBIETA;12;22263778
KEYLA;KOBIETA;12;22263790
MALA;KOBIETA;12;22263802
JOANN;KOBIETA;12;22263814
LAUREL;KOBIETA;12;22263826
SOFJA;KOBIETA;12;22263838
WALAA;KOBIETA;12;22263850
AOI;KOBIETA;12;22263862
MAKI;KOBIETA;12;22263874
W£ADA;KOBIETA;12;22263886
ADILE;KOBIETA;12;22263898
NIKO;KOBIETA;12;22263910
EMELINA;KOBIETA;12;22263922
TEODOZIIA;KOBIETA;12;22263934
JIAN;KOBIETA;12;22263946
GYULDZHAN;KOBIETA;12;22263958
SZLOMA;KOBIETA;12;22263970
LISELOTTE;KOBIETA;12;22263982
KASYLDA;KOBIETA;12;22263994
NIHARIKA;KOBIETA;12;22264006
MICHAELLE;KOBIETA;12;22264018
URANIA;KOBIETA;12;22264030
BÉNÉDICTE;KOBIETA;12;22264042
IEVDOKIIA;KOBIETA;12;22264054
CRINA;KOBIETA;12;22264066
YUFEI;KOBIETA;12;22264078
HONEY;KOBIETA;12;22264090
LIOUBOV;KOBIETA;12;22264102
HEDVA;KOBIETA;12;22264114
BETUL;KOBIETA;12;22264126
JEWGIENIA;KOBIETA;12;22264138
LUSIK;KOBIETA;12;22264150
WALLY;KOBIETA;12;22264162
MILI;KOBIETA;12;22264174
ONA;KOBIETA;12;22264186
RICARDA;KOBIETA;12;22264198
PRINCESSA;KOBIETA;12;22264210
DEVORA;KOBIETA;12;22264222
EMILJA;KOBIETA;12;22264234
LIMEI;KOBIETA;12;22264246
MORGANA;KOBIETA;12;22264258
VIOLIETTA;KOBIETA;12;22264270
ANDRZELA;KOBIETA;12;22264282
EL?NA;KOBIETA;12;22264294
GIULIETTA;KOBIETA;12;22264306
YUKIKO;KOBIETA;12;22264318
SONAL;KOBIETA;12;22264330
NHI;KOBIETA;12;22264342
JULI;KOBIETA;12;22264354
JEWDOKIA;KOBIETA;12;22264366
YUYING;KOBIETA;12;22264378
OZGE;KOBIETA;12;22264390
LONIA;KOBIETA;12;22264402
DENYS;KOBIETA;12;22264414
YANET;KOBIETA;12;22264426
SAIMA;KOBIETA;12;22264438
MELIKA;KOBIETA;12;22264450
SIYA;KOBIETA;12;22264462
ZORIKA;KOBIETA;12;22264474
SOLEDAD;KOBIETA;12;22264486
INCI;KOBIETA;12;22264498
AYBÜKE;KOBIETA;12;22264510
ENIKÕ;KOBIETA;12;22264522
NIE¯ANA;KOBIETA;12;22264534
TH? LI?N;KOBIETA;12;22264546
ZEHAVA;KOBIETA;12;22264558
TH? LÝ;KOBIETA;12;22264570
MARIAH;KOBIETA;12;22264582
AKARI;KOBIETA;12;22264594
SEVDZHAN;KOBIETA;12;22264606
BISTRA;KOBIETA;12;22264618
KATI;KOBIETA;12;22264630
LUCIANE;KOBIETA;12;22264642
HUYEN TRANG;KOBIETA;12;22264654
OPHIR;KOBIETA;12;22264666
SVIT£ANA;KOBIETA;12;22264678
KARYNE;KOBIETA;12;22264690
TRAUDA;KOBIETA;12;22264702
EUGENIIA;KOBIETA;12;22264714
ALIDIA;KOBIETA;12;22264726
THI HUYEN TRANG;KOBIETA;12;22264738
MOLLIE;KOBIETA;12;22264750
MARSELA;KOBIETA;12;22264762
¼UBICA;KOBIETA;12;22264774
FEJGA;KOBIETA;12;22264786
XIAOQING;KOBIETA;12;22264798
YEHUDIT;KOBIETA;12;22264810
LUTOMI£A;KOBIETA;12;22264822
BLANCHE;KOBIETA;12;22264834
ROMANINA;KOBIETA;12;22264846
BRYGITA;KOBIETA;12;22264858
JIAXIN;KOBIETA;12;22264870
LENNY;KOBIETA;12;22264882
MAYAR;KOBIETA;12;22264894
YANYNA;KOBIETA;12;22264906
GONI;KOBIETA;12;22264918
JELYZAVETA;KOBIETA;12;22264930
FAN;KOBIETA;12;22264942
EYLEM;KOBIETA;12;22264954
CHAYENNE;KOBIETA;12;22264966
MILANNA;KOBIETA;12;22264978
SARIKA;KOBIETA;12;22264990
KADRIYE;KOBIETA;12;22265002
VELINA;KOBIETA;12;22265014
TAMI;KOBIETA;12;22265026
TRUDA;KOBIETA;12;22265038
VIOLINA;KOBIETA;12;22265050
BETELHEM;KOBIETA;12;22265062
ANATALIA;KOBIETA;12;22265074
YAKHITA;KOBIETA;12;22265086
EUNYOUNG;KOBIETA;12;22265098
MICHAEL;KOBIETA;12;22265110
SWETHA;KOBIETA;12;22265122
CECÍLIA;KOBIETA;12;22265134
WANG;KOBIETA;12;22265146
INGELORE;KOBIETA;12;22265158
ASEEL;KOBIETA;12;22265170
GÜLSÜM;KOBIETA;12;22265182
ELMAS;KOBIETA;12;22265194
SEVILIA;KOBIETA;12;22265206
AYAN;KOBIETA;12;22265218
FATEN;KOBIETA;12;22265230
AVISHAG;KOBIETA;12;22265242
SONALI;KOBIETA;12;22265254
NAMUUN;KOBIETA;12;22265266
WESTYNA;KOBIETA;12;22265278
WIESLAWA;KOBIETA;12;22265290
SANNE;KOBIETA;12;22265302
VENETA;KOBIETA;12;22265314
MARIA DEL ROSARIO;KOBIETA;12;22265326
BRANKA;KOBIETA;12;22265338
ASIIE;KOBIETA;12;22265350
POLONIA;KOBIETA;12;22265362
SIBYLLE;KOBIETA;12;22265374
LEILANI;KOBIETA;12;22265386
ATALIA;KOBIETA;12;22265398
NGOC DIEP;KOBIETA;12;22265410
MARIOLETA;KOBIETA;12;22265422
KATIANA;KOBIETA;12;22265434
EMELINE;KOBIETA;12;22265446
TH? NGUY?T;KOBIETA;12;22265458
HARPER;KOBIETA;12;22265470
IBOLYA;KOBIETA;12;22265482
MAREIKE;KOBIETA;12;22265494
HE;KOBIETA;12;22265506
OLYA;KOBIETA;12;22265518
KATA;KOBIETA;12;22265530
THI THANH HUYEN;KOBIETA;12;22265542
CATHRINE;KOBIETA;12;22265554
AGOSTINA;KOBIETA;12;22265566
SOLONGO;KOBIETA;12;22265578
HRETA;KOBIETA;12;22265590
PORTIA;KOBIETA;12;22265602
HAJNAL;KOBIETA;12;22265614
FATMANUR;KOBIETA;12;22265626
MARIT;KOBIETA;12;22265638
JESENIA;KOBIETA;12;22265650
YULYIA;KOBIETA;12;22265662
NURANA;KOBIETA;12;22265674
SANIE;KOBIETA;12;22265686
OZANNA;KOBIETA;12;22265698
ALEUTYNA;KOBIETA;12;22265710
MAISIE;KOBIETA;12;22265722
MARJA;KOBIETA;12;22265734
FANNI;KOBIETA;12;22265746
SHEELA;KOBIETA;12;22265758
NIEONI£A;KOBIETA;12;22265770
DUNIA;KOBIETA;12;22265782
EWANGELIA;KOBIETA;12;22265794
MAIKA;KOBIETA;12;22265806
ADRYIANA;KOBIETA;12;22265818
YEN NHI;KOBIETA;12;22265830
LAVANYA;KOBIETA;12;22265842
THAÍS;KOBIETA;12;22265854
ANISJA;KOBIETA;12;22265866
LIAH;KOBIETA;12;22265878
TIAN;KOBIETA;12;22265890
GAURI;KOBIETA;12;22265902
KE;KOBIETA;12;22265914
SLAVKA;KOBIETA;12;22265926
ARIANNE;KOBIETA;12;22265938
SAANVI;KOBIETA;12;22265950
JEANINE;KOBIETA;12;22265962
ROSANE;KOBIETA;12;22265974
PAULETTE;KOBIETA;12;22265986
THI LAN ANH;KOBIETA;12;22265998
NEELAM;KOBIETA;12;22266010
KHAIALA;KOBIETA;12;22266022
DIKSHA;KOBIETA;12;22266034
DWOJRA;KOBIETA;12;22266046
MEHTAP;KOBIETA;12;22266058
ASMINA;KOBIETA;12;22266070
MAHLET;KOBIETA;12;22266082
ROMANE;KOBIETA;12;22266094
JESICCA;KOBIETA;12;22266106
RAIDA;KOBIETA;12;22266118
LINH CHI;KOBIETA;12;22266130
KANCHAN;KOBIETA;12;22266142
YELDA;KOBIETA;12;22266154
GRISELDA;KOBIETA;12;22266166
JOLIE;KOBIETA;12;22266178
JULA;KOBIETA;12;22266190
D¯ENIFER;KOBIETA;12;22266202
LJUDMILA;KOBIETA;12;22266214
AMBAR;KOBIETA;12;22266226
£UCJANNA;KOBIETA;12;22266238
LAMA;KOBIETA;12;22266250
ARETI;KOBIETA;12;22266262
VILIJA;KOBIETA;11;22266273
¯ENIA;KOBIETA;11;22266284
MINJI;KOBIETA;11;22266295
MEERIM;KOBIETA;11;22266306
ESCADA;KOBIETA;11;22266317
WALTRANDA;KOBIETA;11;22266328
ADRIIANA;KOBIETA;11;22266339
ZLATOSLAWA;KOBIETA;11;22266350
NEHAMA;KOBIETA;11;22266361
ADRIJANA;KOBIETA;11;22266372
GÉRALDINE;KOBIETA;11;22266383
GÖNÜL;KOBIETA;11;22266394
AKSINIIA;KOBIETA;11;22266405
AHLAYA;KOBIETA;11;22266416
VAN ANH;KOBIETA;11;22266427
MANUSHAK;KOBIETA;11;22266438
EBRAR;KOBIETA;11;22266449
LUSI;KOBIETA;11;22266460
ZILA;KOBIETA;11;22266471
SUNA;KOBIETA;11;22266482
VAFA;KOBIETA;11;22266493
TH? H??NG;KOBIETA;11;22266504
HUY?N;KOBIETA;11;22266515
NURDAN;KOBIETA;11;22266526
ZARUHI;KOBIETA;11;22266537
JINA;KOBIETA;11;22266548
TH? LOAN;KOBIETA;11;22266559
LILEIA;KOBIETA;11;22266570
RIE;KOBIETA;11;22266581
MAENA;KOBIETA;11;22266592
QUEEN;KOBIETA;11;22266603
NIJOL?;KOBIETA;11;22266614
ZUHAL;KOBIETA;11;22266625
M?NE;KOBIETA;11;22266636
PRITI;KOBIETA;11;22266647
MANONI;KOBIETA;11;22266658
NAWEL;KOBIETA;11;22266669
MARIYKA;KOBIETA;11;22266680
SALOMÉ;KOBIETA;11;22266691
ANELINA;KOBIETA;11;22266702
YUXUAN;KOBIETA;11;22266713
D?DEM;KOBIETA;11;22266724
DEBBIE;KOBIETA;11;22266735
¯ULIANA;KOBIETA;11;22266746
KARMELIA;KOBIETA;11;22266757
TEYA;KOBIETA;11;22266768
MISZA;KOBIETA;11;22266779
STANKA;KOBIETA;11;22266790
SAGA;KOBIETA;11;22266801
MIRIAMA;KOBIETA;11;22266812
MILANIYA;KOBIETA;11;22266823
ADELHEIDA;KOBIETA;11;22266834
AIZADA;KOBIETA;11;22266845
GIANG;KOBIETA;11;22266856
GRETTA;KOBIETA;11;22266867
DZHULIIA;KOBIETA;11;22266878
NIL;KOBIETA;11;22266889
SHANICE;KOBIETA;11;22266900
CALISTA;KOBIETA;11;22266911
DAFNI;KOBIETA;11;22266922
F?L?Z;KOBIETA;11;22266933
NELIDA;KOBIETA;11;22266944
GE;KOBIETA;11;22266955
TIARA;KOBIETA;11;22266966
BIANA;KOBIETA;11;22266977
GEORGINIA;KOBIETA;11;22266988
VITALII;KOBIETA;11;22266999
RUPALI;KOBIETA;11;22267010
RIDA;KOBIETA;11;22267021
ANIZJA;KOBIETA;11;22267032
MICHALDA;KOBIETA;11;22267043
AALIA;KOBIETA;11;22267054
STEFANIDA;KOBIETA;11;22267065
ALESHA;KOBIETA;11;22267076
RON;KOBIETA;11;22267087
MALI;KOBIETA;11;22267098
SAKSHI;KOBIETA;11;22267109
GOHARIK;KOBIETA;11;22267120
KRYSIA;KOBIETA;11;22267131
VICKI;KOBIETA;11;22267142
ANVI;KOBIETA;11;22267153
ANA;KOBIETA;11;22267164
CHRYSULA;KOBIETA;11;22267175
DZHAMILA;KOBIETA;11;22267186
BELITA;KOBIETA;11;22267197
JIYOON;KOBIETA;11;22267208
SUSMITA;KOBIETA;11;22267219
GRETCHEN;KOBIETA;11;22267230
ANZHELLA;KOBIETA;11;22267241
NARA;KOBIETA;11;22267252
MARGERITTA;KOBIETA;11;22267263
SHADIA;KOBIETA;11;22267274
SEMANUR;KOBIETA;11;22267285
SUYEON;KOBIETA;11;22267296
BRATUMI£A;KOBIETA;11;22267307
LESLEY;KOBIETA;11;22267318
SAMJHANA;KOBIETA;11;22267329
ZHALA;KOBIETA;11;22267340
NOREEN;KOBIETA;11;22267351
TABEA;KOBIETA;11;22267362
TAGUHI;KOBIETA;11;22267373
LUDMILLA;KOBIETA;11;22267384
VANJA;KOBIETA;11;22267395
RAKSANA;KOBIETA;11;22267406
ZARAH;KOBIETA;11;22267417
HAYDEE;KOBIETA;11;22267428
SHU;KOBIETA;11;22267439
NARGIS;KOBIETA;11;22267450
NURIYA;KOBIETA;11;22267461
DILAFRUZ;KOBIETA;11;22267472
THI NGOC;KOBIETA;11;22267483
ADALINA;KOBIETA;11;22267494
THUY DUONG;KOBIETA;11;22267505
ANTONIIA;KOBIETA;11;22267516
AIYA;KOBIETA;11;22267527
BAJLA;KOBIETA;11;22267538
ZIHAN;KOBIETA;11;22267549
HEIDEMARIE;KOBIETA;11;22267560
SYMEONA;KOBIETA;11;22267571
LIYING;KOBIETA;11;22267582
OLESIIA;KOBIETA;11;22267593
OLINA;KOBIETA;11;22267604
IZABELLE;KOBIETA;11;22267615
ALICYA;KOBIETA;11;22267626
FAY;KOBIETA;11;22267637
ESMIRALDA;KOBIETA;11;22267648
JIØINA;KOBIETA;11;22267659
GULAR;KOBIETA;11;22267670
MELDA;KOBIETA;11;22267681
SADAF;KOBIETA;11;22267692
SOUMIA;KOBIETA;11;22267703
OMINA;KOBIETA;11;22267714
TANAKA;KOBIETA;11;22267725
MARGARIDA;KOBIETA;11;22267736
SIAN;KOBIETA;11;22267747
YEEUN;KOBIETA;11;22267758
ZORNITSA;KOBIETA;11;22267769
EWARYSTA;KOBIETA;11;22267780
NAZILA;KOBIETA;11;22267791
LUCHIIA;KOBIETA;11;22267802
MEIRA;KOBIETA;11;22267813
EUGENIYA;KOBIETA;11;22267824
?NC?;KOBIETA;11;22267835
CHIE;KOBIETA;11;22267846
AIIA;KOBIETA;11;22267857
PAYAL;KOBIETA;11;22267868
ANDRA;KOBIETA;11;22267879
ES?N;KOBIETA;11;22267890
RIWA;KOBIETA;11;22267901
GANGA;KOBIETA;11;22267912
EVA-MARIA;KOBIETA;11;22267923
RUXANDRA;KOBIETA;11;22267934
HRANUSH;KOBIETA;11;22267945
JIYEON;KOBIETA;11;22267956
IHOR;KOBIETA;11;22267967
GUZAL;KOBIETA;11;22267978
FAVOUR;KOBIETA;11;22267989
ORLENA;KOBIETA;11;22268000
KEILA;KOBIETA;11;22268011
DANAE;KOBIETA;11;22268022
LYDIE;KOBIETA;11;22268033
TAYISA;KOBIETA;11;22268044
IRWINA;KOBIETA;11;22268055
NARHIZA;KOBIETA;11;22268066
SHELY;KOBIETA;11;22268077
ROSINE;KOBIETA;11;22268088
SHERRY;KOBIETA;11;22268099
WAFA;KOBIETA;11;22268110
ADELLE;KOBIETA;11;22268121
DONGMEI;KOBIETA;11;22268132
BATYA;KOBIETA;11;22268143
MARIYAM;KOBIETA;11;22268154
SWET£ANA;KOBIETA;11;22268165
FLORIA;KOBIETA;11;22268176
JUNGEUN;KOBIETA;11;22268187
HA PHUONG;KOBIETA;11;22268198
SHARONA;KOBIETA;11;22268209
JOVELYN;KOBIETA;11;22268220
KADRIE;KOBIETA;11;22268231
LYN;KOBIETA;11;22268242
LEYLI;KOBIETA;11;22268253
JADRANKA;KOBIETA;11;22268264
AYZA;KOBIETA;11;22268275
LOIS;KOBIETA;11;22268286
IULIANIIA;KOBIETA;11;22268297
DANIILA;KOBIETA;11;22268308
ARUSYAK;KOBIETA;11;22268319
LULA;KOBIETA;11;22268330
MADELAINE;KOBIETA;11;22268341
SERRA;KOBIETA;11;22268352
THI THUAN;KOBIETA;11;22268363
BILYANA;KOBIETA;11;22268374
YU-TING;KOBIETA;11;22268385
RUVARASHE;KOBIETA;11;22268396
AFRA;KOBIETA;11;22268407
NEETU;KOBIETA;11;22268418
NAMI;KOBIETA;11;22268429
MIRTHA;KOBIETA;11;22268440
AITEN;KOBIETA;11;22268451
TIIA;KOBIETA;11;22268462
SACHIKO;KOBIETA;11;22268473
NECHAMA;KOBIETA;11;22268484
XIAOYING;KOBIETA;11;22268495
SIYANA;KOBIETA;11;22268506
DOBA;KOBIETA;11;22268517
SEOYOON;KOBIETA;11;22268528
ENAS;KOBIETA;11;22268539
KORNELLA;KOBIETA;11;22268550
SIGITA;KOBIETA;11;22268561
ALARA;KOBIETA;11;22268572
IWANA;KOBIETA;11;22268583
ILARIYA;KOBIETA;11;22268594
GIUSEPPINA;KOBIETA;11;22268605
TIINA;KOBIETA;11;22268616
GAËLLE;KOBIETA;11;22268627
TUNZALA;KOBIETA;11;22268638
PENKA;KOBIETA;11;22268649
SAADET;KOBIETA;11;22268660
SABRIE;KOBIETA;11;22268671
EDIIE;KOBIETA;11;22268682
SEFORA;KOBIETA;11;22268693
THI THANH THUY;KOBIETA;11;22268704
TH? THANH;KOBIETA;11;22268715
ALDANA;KOBIETA;11;22268726
CHANDRA;KOBIETA;11;22268737
XIAOYU;KOBIETA;11;22268748
KÄTHE;KOBIETA;11;22268759
MAURYCJA;KOBIETA;11;22268770
CHANTALLE;KOBIETA;11;22268781
NEVADA;KOBIETA;11;22268792
NAHLA;KOBIETA;11;22268803
KAMELIYA;KOBIETA;11;22268814
BIN;KOBIETA;11;22268825
TAMI£A;KOBIETA;11;22268836
YUXI;KOBIETA;11;22268847
MA¯ENA;KOBIETA;11;22268858
PAZIT;KOBIETA;11;22268869
JAYNE;KOBIETA;11;22268880
LOLIA;KOBIETA;11;22268891
EMILLIA;KOBIETA;11;22268902
HALKA;KOBIETA;11;22268913
ARDIANA;KOBIETA;11;22268924
FEBRONIA;KOBIETA;11;22268935
ZANETA;KOBIETA;11;22268946
LAN HUONG;KOBIETA;11;22268957
SKY;KOBIETA;11;22268968
SIRI;KOBIETA;11;22268979
OLIANA;KOBIETA;11;22268990
DALINA;KOBIETA;11;22269001
LAUREEN;KOBIETA;11;22269012
DAWN;KOBIETA;11;22269023
MARIETTE;KOBIETA;11;22269034
DUMITRI?A;KOBIETA;11;22269045
NVARD;KOBIETA;11;22269056
SOLANA;KOBIETA;11;22269067
SUMAIA;KOBIETA;11;22269078
DIYORA;KOBIETA;11;22269089
YOLA;KOBIETA;11;22269100
VLADYMYRA;KOBIETA;11;22269111
NADIRA;KOBIETA;11;22269122
YAROSLAWA;KOBIETA;11;22269133
HALEY;KOBIETA;11;22269144
THI MEN;KOBIETA;11;22269155
KERSTINA;KOBIETA;11;22269166
ZAMINA;KOBIETA;11;22269177
MAHRI;KOBIETA;11;22269188
EMY;KOBIETA;11;22269199
DAR;KOBIETA;11;22269210
ZINAJDA;KOBIETA;11;22269221
TANATSWA;KOBIETA;11;22269232
ABIGAJL;KOBIETA;11;22269243
MA;KOBIETA;11;22269254
MONTSERRAT;KOBIETA;11;22269265
BOHDAN;KOBIETA;11;22269276
ALEKSANDRYNA;KOBIETA;11;22269287
CHUNG;KOBIETA;11;22269298
GABY;KOBIETA;11;22269309
KETUT;KOBIETA;11;22269320
ELIONORA;KOBIETA;11;22269331
ELDA;KOBIETA;11;22269342
ATANASKA;KOBIETA;11;22269353
NIIARA;KOBIETA;11;22269364
ZOFIYA;KOBIETA;11;22269375
JODIE;KOBIETA;11;22269386
ANJELIKA;KOBIETA;11;22269397
TRINITY;KOBIETA;11;22269408
LOIDA;KOBIETA;11;22269419
JENNILYN;KOBIETA;11;22269430
ANNA-MARIYA;KOBIETA;11;22269441
SAADAT;KOBIETA;11;22269452
AITANA;KOBIETA;11;22269463
TH? THU TRANG;KOBIETA;11;22269474
LÚCIA;KOBIETA;11;22269485
NAM;KOBIETA;11;22269496
SVETA;KOBIETA;11;22269507
LEIDY;KOBIETA;11;22269518
YUSRA;KOBIETA;11;22269529
AYAULYM;KOBIETA;11;22269540
LEIRE;KOBIETA;11;22269551
ENKHTUYA;KOBIETA;11;22269562
PATMANI;KOBIETA;11;22269573
ADAR;KOBIETA;11;22269584
ªÜKRAN;KOBIETA;11;22269595
KRISTA;KOBIETA;11;22269606
DROGOS£AWA;KOBIETA;11;22269617
LISSA;KOBIETA;11;22269628
SALI;KOBIETA;11;22269639
AVIYA;KOBIETA;11;22269650
ZHIBEK;KOBIETA;11;22269661
ROZETTA;KOBIETA;11;22269672
RAMILIA;KOBIETA;11;22269683
AKSINIA;KOBIETA;11;22269694
CATHLEEN;KOBIETA;11;22269705
LUTSIIA;KOBIETA;11;22269716
JACKLYN;KOBIETA;11;22269727
INGER;KOBIETA;11;22269738
MILDRED;KOBIETA;11;22269749
HYEJIN;KOBIETA;11;22269760
ULADLENA;KOBIETA;11;22269771
ALEKSANDRINA;KOBIETA;11;22269782
ANANDA;KOBIETA;11;22269793
PHUONG LINH;KOBIETA;11;22269804
JENNI;KOBIETA;11;22269815
ARLINDA;KOBIETA;11;22269826
MARIEKE;KOBIETA;11;22269837
PRISCA;KOBIETA;11;22269848
IKRAM;KOBIETA;11;22269859
NAMRATA;KOBIETA;11;22269870
LUCIENNE;KOBIETA;11;22269881
LEO;KOBIETA;11;22269892
UYANGA;KOBIETA;11;22269903
AGÁTA;KOBIETA;11;22269914
BISHNU;KOBIETA;11;22269925
MAËLLE;KOBIETA;11;22269936
MEENAKSHI;KOBIETA;11;22269947
ZEFIRA;KOBIETA;11;22269958
WISENNA;KOBIETA;11;22269969
MANA;KOBIETA;11;22269980
ALIS;KOBIETA;11;22269991
KATHERIN;KOBIETA;11;22270002
MALAKHAT;KOBIETA;11;22270013
RADOMIRA;KOBIETA;11;22270024
AVERY;KOBIETA;11;22270035
FRANKIE;KOBIETA;11;22270046
JEWGENIJA;KOBIETA;11;22270057
MARIE-CHRISTINE;KOBIETA;11;22270068
HANEEN;KOBIETA;11;22270079
GHADA;KOBIETA;11;22270090
ALUA;KOBIETA;11;22270101
SAPANA;KOBIETA;11;22270112
MIMI;KOBIETA;11;22270123
LUCICA;KOBIETA;11;22270134
KALIOPI;KOBIETA;11;22270145
ANICA;KOBIETA;11;22270156
AIUNA;KOBIETA;11;22270167
MARIIA-SOFIIA;KOBIETA;11;22270178
TEUTA;KOBIETA;10;22270188
MAA;KOBIETA;10;22270198
MAYU;KOBIETA;10;22270208
RAUSHAN;KOBIETA;10;22270218
GULSAH;KOBIETA;10;22270228
AVRIL;KOBIETA;10;22270238
BRUNHILDE;KOBIETA;10;22270248
NAZANIN;KOBIETA;10;22270258
BEATRYSA;KOBIETA;10;22270268
FARYDA;KOBIETA;10;22270278
AGNIESHKA;KOBIETA;10;22270288
ASAL;KOBIETA;10;22270298
GAYATHRI;KOBIETA;10;22270308
MA¯ENNA;KOBIETA;10;22270318
PRIMROSE;KOBIETA;10;22270328
LAÍS;KOBIETA;10;22270338
PH??NG ANH;KOBIETA;10;22270348
IWET;KOBIETA;10;22270358
SHIRLI;KOBIETA;10;22270368
CHRISULA;KOBIETA;10;22270378
VIOLLETA;KOBIETA;10;22270388
ENRIKA;KOBIETA;10;22270398
ZURI;KOBIETA;10;22270408
DONIKA;KOBIETA;10;22270418
ANTHEA;KOBIETA;10;22270428
KIRSTY;KOBIETA;10;22270438
ALYNA;KOBIETA;10;22270448
UIYANA;KOBIETA;10;22270458
IOVA;KOBIETA;10;22270468
B?O ANH;KOBIETA;10;22270478
ANNA-LIZA;KOBIETA;10;22270488
PAWLINA;KOBIETA;10;22270498
OLEKSANDRINA;KOBIETA;10;22270508
ANH DUONG;KOBIETA;10;22270518
HALIIA;KOBIETA;10;22270528
ZHANARA;KOBIETA;10;22270538
BAYARMAA;KOBIETA;10;22270548
XIAOHUI;KOBIETA;10;22270558
OLEKSA;KOBIETA;10;22270568
YILDIZ;KOBIETA;10;22270578
MASAKO;KOBIETA;10;22270588
ZHULDYZ;KOBIETA;10;22270598
RUFARO;KOBIETA;10;22270608
DOROTHÉE;KOBIETA;10;22270618
SAOIRSE;KOBIETA;10;22270628
INTA;KOBIETA;10;22270638
SHIHO;KOBIETA;10;22270648
ANAËLLE;KOBIETA;10;22270658
SADIE;KOBIETA;10;22270668
RAJZLA;KOBIETA;10;22270678
WENWEN;KOBIETA;10;22270688
JASMEEN;KOBIETA;10;22270698
DARINKA;KOBIETA;10;22270708
TAO;KOBIETA;10;22270718
KARISHMA;KOBIETA;10;22270728
LILIJANA;KOBIETA;10;22270738
REGHINA;KOBIETA;10;22270748
POLIKSENI;KOBIETA;10;22270758
NARHIZ;KOBIETA;10;22270768
ENI;KOBIETA;10;22270778
ZEYNAB;KOBIETA;10;22270788
FRANIA;KOBIETA;10;22270798
SUSHMITA;KOBIETA;10;22270808
YURII;KOBIETA;10;22270818
NADIEZHDA;KOBIETA;10;22270828
MAKAYLA;KOBIETA;10;22270838
OLEH;KOBIETA;10;22270848
MARIELLE;KOBIETA;10;22270858
DI;KOBIETA;10;22270868
MIYUKI;KOBIETA;10;22270878
GUGULETHU;KOBIETA;10;22270888
DÉSIRÉE;KOBIETA;10;22270898
MAGDALEN;KOBIETA;10;22270908
YESFIR;KOBIETA;10;22270918
MADALENA;KOBIETA;10;22270928
YAGODA;KOBIETA;10;22270938
LIONA;KOBIETA;10;22270948
DIVINA;KOBIETA;10;22270958
LUDIVINE;KOBIETA;10;22270968
AZZURRA;KOBIETA;10;22270978
VIMBAI;KOBIETA;10;22270988
MAGULI;KOBIETA;10;22270998
LINE;KOBIETA;10;22271008
DALYA;KOBIETA;10;22271018
ZHENIA;KOBIETA;10;22271028
MARTHE;KOBIETA;10;22271038
MIMOZA;KOBIETA;10;22271048
GYULNARA;KOBIETA;10;22271058
DEVIKA;KOBIETA;10;22271068
TEO;KOBIETA;10;22271078
ANNETT;KOBIETA;10;22271088
FRANCISKA;KOBIETA;10;22271098
WIOSNA;KOBIETA;10;22271108
DESIS£AWA;KOBIETA;10;22271118
YIFEI;KOBIETA;10;22271128
ALFRYDA;KOBIETA;10;22271138
SWAPNA;KOBIETA;10;22271148
MYRNA;KOBIETA;10;22271158
JONNA;KOBIETA;10;22271168
KAWTHAR;KOBIETA;10;22271178
ASI;KOBIETA;10;22271188
AYISHA;KOBIETA;10;22271198
MARLI;KOBIETA;10;22271208
SWETA;KOBIETA;10;22271218
LIZELOTTA;KOBIETA;10;22271228
SÍLVIA;KOBIETA;10;22271238
AYU;KOBIETA;10;22271248
NESRIN;KOBIETA;10;22271258
YUSTINA;KOBIETA;10;22271268
NEJLA;KOBIETA;10;22271278
MINJU;KOBIETA;10;22271288
NURAIYM;KOBIETA;10;22271298
FRUMA;KOBIETA;10;22271308
LIZHEN;KOBIETA;10;22271318
DANDAN;KOBIETA;10;22271328
YASSMINE;KOBIETA;10;22271338
YLIA;KOBIETA;10;22271348
FATOUMATA;KOBIETA;10;22271358
CORALINE;KOBIETA;10;22271368
SHANTEL;KOBIETA;10;22271378
SANELA;KOBIETA;10;22271388
ORYS£AWA;KOBIETA;10;22271398
MINH THU;KOBIETA;10;22271408
LATINA;KOBIETA;10;22271418
THI QUYEN;KOBIETA;10;22271428
AMINE;KOBIETA;10;22271438
OTTILIE;KOBIETA;10;22271448
THU THUY;KOBIETA;10;22271458
HALE;KOBIETA;10;22271468
NAZIBROLA;KOBIETA;10;22271478
EMILYA;KOBIETA;10;22271488
MAIKO;KOBIETA;10;22271498
XIUYING;KOBIETA;10;22271508
SINTIA;KOBIETA;10;22271518
ZEL?HA;KOBIETA;10;22271528
SOPHIIA;KOBIETA;10;22271538
MARGALIT;KOBIETA;10;22271548
MALWA;KOBIETA;10;22271558
LORELEI;KOBIETA;10;22271568
BENEDYKTYNA;KOBIETA;10;22271578
XIULI;KOBIETA;10;22271588
CARRIE;KOBIETA;10;22271598
LILLY-ANN;KOBIETA;10;22271608
TADEJA;KOBIETA;10;22271618
BUDZIS£AWA;KOBIETA;10;22271628
ANYUTA;KOBIETA;10;22271638
WENANCJA;KOBIETA;10;22271648
TOMER;KOBIETA;10;22271658
OUMAIMA;KOBIETA;10;22271668
YUHONG;KOBIETA;10;22271678
BENTE;KOBIETA;10;22271688
CHANG;KOBIETA;10;22271698
YAMINA;KOBIETA;10;22271708
GABRIEL;KOBIETA;10;22271718
MEDEIA;KOBIETA;10;22271728
YINING;KOBIETA;10;22271738
CEMILE;KOBIETA;10;22271748
WITALISA;KOBIETA;10;22271758
MERAL;KOBIETA;10;22271768
TELESFORA;KOBIETA;10;22271778
BORIANA;KOBIETA;10;22271788
TALIANA;KOBIETA;10;22271798
TAIRA;KOBIETA;10;22271808
SABAH;KOBIETA;10;22271818
NGUYEN;KOBIETA;10;22271828
HLORYIA;KOBIETA;10;22271838
LYDMYLA;KOBIETA;10;22271848
MEMORY;KOBIETA;10;22271858
FREDYS£AWA;KOBIETA;10;22271868
JI YOUNG;KOBIETA;10;22271878
RADIKA;KOBIETA;10;22271888
MARY-ANN;KOBIETA;10;22271898
HOAR;KOBIETA;10;22271908
ANZELA;KOBIETA;10;22271918
ILINCA;KOBIETA;10;22271928
PAVLO;KOBIETA;10;22271938
WALTRAND;KOBIETA;10;22271948
HANNA-MARIIA;KOBIETA;10;22271958
MARIANGELA;KOBIETA;10;22271968
THUY TIEN;KOBIETA;10;22271978
SHOKO;KOBIETA;10;22271988
THI HAI;KOBIETA;10;22271998
LAI;KOBIETA;10;22272008
KARNI;KOBIETA;10;22272018
HONG ANH;KOBIETA;10;22272028
ROZANA;KOBIETA;10;22272038
MEHAK;KOBIETA;10;22272048
RAZIA;KOBIETA;10;22272058
OLÍVIA;KOBIETA;10;22272068
SAVINA;KOBIETA;10;22272078
SONIYA;KOBIETA;10;22272088
LENINA;KOBIETA;10;22272098
AIMAN;KOBIETA;10;22272108
ASHLEE;KOBIETA;10;22272118
ESHAAL;KOBIETA;10;22272128
KRISTIANA;KOBIETA;10;22272138
GIUNEL;KOBIETA;10;22272148
VLADIMÍRA;KOBIETA;10;22272158
BEDRIE;KOBIETA;10;22272168
SIGALIT;KOBIETA;10;22272178
KIMA;KOBIETA;10;22272188
DONIS£AWA;KOBIETA;10;22272198
DULCE;KOBIETA;10;22272208
YELZAVETA;KOBIETA;10;22272218
YULIANIIA;KOBIETA;10;22272228
ALANNA;KOBIETA;10;22272238
MURIEL;KOBIETA;10;22272248
XENA;KOBIETA;10;22272258
HAFIIA;KOBIETA;10;22272268
MIRAL;KOBIETA;10;22272278
KUMIKO;KOBIETA;10;22272288
ANDZHELIKA;KOBIETA;10;22272298
SUZIE;KOBIETA;10;22272308
MEDNA;KOBIETA;10;22272318
KHÁNH LINH;KOBIETA;10;22272328
FEMKE;KOBIETA;10;22272338
CLEMENCE;KOBIETA;10;22272348
LIISA;KOBIETA;10;22272358
ILHAM;KOBIETA;10;22272368
RYWANA;KOBIETA;10;22272378
SZLAMA;KOBIETA;10;22272388
LELIA;KOBIETA;10;22272398
NAILYA;KOBIETA;10;22272408
HAYKANUSH;KOBIETA;10;22272418
ZSANETT;KOBIETA;10;22272428
DEEKSHA;KOBIETA;10;22272438
JINGWEN;KOBIETA;10;22272448
TUGCE;KOBIETA;10;22272458
ANN-MARIE;KOBIETA;10;22272468
MARIIA-DIANA;KOBIETA;10;22272478
FIGEN;KOBIETA;10;22272488
AINARA;KOBIETA;10;22272498
JENNIE;KOBIETA;10;22272508
AARYA;KOBIETA;10;22272518
ZHADYRA;KOBIETA;10;22272528
ROSALINE;KOBIETA;10;22272538
ARTA;KOBIETA;10;22272548
AYUMI;KOBIETA;10;22272558
SEOYOUNG;KOBIETA;10;22272568
HANIFE;KOBIETA;10;22272578
SHANA;KOBIETA;10;22272588
ALIEVTINA;KOBIETA;10;22272598
KAUR;KOBIETA;10;22272608
RAGSANA;KOBIETA;10;22272618
ERZHENA;KOBIETA;10;22272628
PIROSKA;KOBIETA;10;22272638
SHRUTHI;KOBIETA;10;22272648
HONGMEI;KOBIETA;10;22272658
TIANTIAN;KOBIETA;10;22272668
TOMA;KOBIETA;10;22272678
DANUTE;KOBIETA;10;22272688
SARASWATI;KOBIETA;10;22272698
LIYAN;KOBIETA;10;22272708
ESMEE;KOBIETA;10;22272718
CARIN;KOBIETA;10;22272728
WIOLLETA;KOBIETA;10;22272738
OTILIA;KOBIETA;10;22272748
DILETTA;KOBIETA;10;22272758
EVIELINA;KOBIETA;10;22272768
MIKELA;KOBIETA;10;22272778
JIALI;KOBIETA;10;22272788
SATI;KOBIETA;10;22272798
ZARIFA;KOBIETA;10;22272808
ANASTSIIA;KOBIETA;10;22272818
YILIN;KOBIETA;10;22272828
TH? LAN ANH;KOBIETA;10;22272838
MARGARETH;KOBIETA;10;22272848
GHAZAL;KOBIETA;10;22272858
KANAKO;KOBIETA;10;22272868
MALLIKA;KOBIETA;10;22272878
ZANA;KOBIETA;10;22272888
INDR?;KOBIETA;10;22272898
AMALA;KOBIETA;10;22272908
DYONIZJA;KOBIETA;10;22272918
MATEJA;KOBIETA;10;22272928
PRASKOVIIA;KOBIETA;10;22272938
ANDREINA;KOBIETA;10;22272948
M?RAY;KOBIETA;10;22272958
GETA;KOBIETA;10;22272968
RAYAN;KOBIETA;10;22272978
RYOKO;KOBIETA;10;22272988
STEFANYDA;KOBIETA;10;22272998
SHALALA;KOBIETA;10;22273008
BOLORMAA;KOBIETA;10;22273018
ARSENIA;KOBIETA;10;22273028
ANASTASIY;KOBIETA;10;22273038
£ADYS£AWA;KOBIETA;10;22273048
REEMA;KOBIETA;10;22273058
NADZIA;KOBIETA;10;22273068
GRACIE;KOBIETA;10;22273078
IDIL;KOBIETA;10;22273088
ANASTASYIA;KOBIETA;10;22273098
MANPREET;KOBIETA;10;22273108
FATME;KOBIETA;10;22273118
AYAT;KOBIETA;10;22273128
ELVYRA;KOBIETA;10;22273138
BO¯YDARA;KOBIETA;10;22273148
SEMILIANA;KOBIETA;10;22273158
NOVA;KOBIETA;10;22273168
MELANII;KOBIETA;10;22273178
AYUSHI;KOBIETA;10;22273188
AILI;KOBIETA;10;22273198
JANIS;KOBIETA;10;22273208
LILIBETH;KOBIETA;10;22273218
JENELYN;KOBIETA;10;22273228
MARIIAM;KOBIETA;10;22273238
THOA;KOBIETA;10;22273248
JILDA;KOBIETA;10;22273258
AISLING;KOBIETA;10;22273268
SAFIIE;KOBIETA;10;22273278
ANNA-LENA;KOBIETA;10;22273288
TIFFANI;KOBIETA;10;22273298
TETYNA;KOBIETA;10;22273308
LIRAZ;KOBIETA;10;22273318
BERLANT;KOBIETA;10;22273328
TAVITA;KOBIETA;10;22273338
ULIIA;KOBIETA;10;22273348
REDA;KOBIETA;10;22273358
MIDORI;KOBIETA;10;22273368
ELO?SE;KOBIETA;10;22273378
KULA;KOBIETA;10;22273388
ANNAMÁRIA;KOBIETA;10;22273398
ELEONORE;KOBIETA;10;22273408
TELMA;KOBIETA;10;22273418
XIAOLING;KOBIETA;10;22273428
DURDANA;KOBIETA;10;22273438
FLOR;KOBIETA;10;22273448
GESSICA;KOBIETA;10;22273458
ANITHA;KOBIETA;10;22273468
ZHANIYA;KOBIETA;10;22273478
FATIHA;KOBIETA;10;22273488
LEZINA;KOBIETA;10;22273498
ALEKSIIA;KOBIETA;10;22273508
HALIME;KOBIETA;10;22273518
MILÉNA;KOBIETA;10;22273528
RIENATA;KOBIETA;10;22273538
MTVARISA;KOBIETA;10;22273548
DANIYA;KOBIETA;10;22273558
KLEA;KOBIETA;10;22273568
YIRAN;KOBIETA;10;22273578
ARIYA;KOBIETA;10;22273588
ANGELLA;KOBIETA;10;22273598
TOMASZA;KOBIETA;10;22273608
AJA;KOBIETA;10;22273618
AYELEN;KOBIETA;10;22273628
OIUNA;KOBIETA;10;22273638
ELYZABETA;KOBIETA;10;22273648
NATALÍ;KOBIETA;10;22273658
CHAEWON;KOBIETA;10;22273668
MAKSYMILIANNA;KOBIETA;10;22273678
ORLI;KOBIETA;10;22273688
IRIA;KOBIETA;10;22273698
VARDUI;KOBIETA;10;22273708
RIKI;KOBIETA;10;22273718
ASIIAT;KOBIETA;10;22273728
DAPHNÉ;KOBIETA;10;22273738
NALAN;KOBIETA;10;22273748
D?LEK;KOBIETA;10;22273758
TEREZIA;KOBIETA;10;22273768
ZAYNAP;KOBIETA;10;22273778
MELANIJA;KOBIETA;10;22273788
SENDI;KOBIETA;10;22273798
MAGALIE;KOBIETA;10;22273808
ARIUNA;KOBIETA;10;22273818
WIARA;KOBIETA;10;22273828
SITORA;KOBIETA;10;22273838
HEIDE;KOBIETA;10;22273848
KARIOKA;KOBIETA;10;22273858
BEATRIS;KOBIETA;10;22273868
NIR;KOBIETA;10;22273878
GORETTA;KOBIETA;10;22273888
BAO AN;KOBIETA;10;22273898
THI KIM OANH;KOBIETA;10;22273908
JANETT;KOBIETA;10;22273918
ULIA;KOBIETA;10;22273928
ESENIA;KOBIETA;10;22273938
ANELIKA;KOBIETA;10;22273948
ªER?FE;KOBIETA;10;22273958
ELOISA;KOBIETA;10;22273968
MARYANN;KOBIETA;10;22273978
ANASTAZYA;KOBIETA;10;22273988
GAMUCHIRAI;KOBIETA;10;22273998
ANETE;KOBIETA;10;22274008
YAGMUR;KOBIETA;10;22274018
GIULNARA;KOBIETA;10;22274028
ANNET;KOBIETA;10;22274038
ZIATA;KOBIETA;10;22274048
SADAGAT;KOBIETA;10;22274058
JIAJIA;KOBIETA;10;22274068
KRYSTAL;KOBIETA;10;22274078
AMNAT;KOBIETA;10;22274088
ALBERTINA;KOBIETA;10;22274098
TANVI;KOBIETA;10;22274108
TONG;KOBIETA;10;22274118
GWEN;KOBIETA;10;22274128
HELLE;KOBIETA;10;22274138
TH? BÍCH;KOBIETA;9;22274147
SOLENE;KOBIETA;9;22274156
MAKIKO;KOBIETA;9;22274165
KAJAL;KOBIETA;9;22274174
RENE;KOBIETA;9;22274183
SHADI;KOBIETA;9;22274192
RIDDHI;KOBIETA;9;22274201
SORA;KOBIETA;9;22274210
ZEINEB;KOBIETA;9;22274219
ADELIYA;KOBIETA;9;22274228
MIAH;KOBIETA;9;22274237
ILSA;KOBIETA;9;22274246
LAURITA;KOBIETA;9;22274255
ORIN;KOBIETA;9;22274264
ALTANTSETSEG;KOBIETA;9;22274273
SVYATOSLAVA;KOBIETA;9;22274282
YOUNGMI;KOBIETA;9;22274291
ISIDORA;KOBIETA;9;22274300
AYZAN;KOBIETA;9;22274309
TAKHIRA;KOBIETA;9;22274318
TAMIKA;KOBIETA;9;22274327
BAZYLIA;KOBIETA;9;22274336
DZHAMILYA;KOBIETA;9;22274345
SUMIN;KOBIETA;9;22274354
OVSANNA;KOBIETA;9;22274363
TYMUR;KOBIETA;9;22274372
LAM;KOBIETA;9;22274381
BO¯ES£AWA;KOBIETA;9;22274390
THI TU;KOBIETA;9;22274399
CANSEL;KOBIETA;9;22274408
ELISABED;KOBIETA;9;22274417
AMENA;KOBIETA;9;22274426
CORINE;KOBIETA;9;22274435
URMILA;KOBIETA;9;22274444
CHENG;KOBIETA;9;22274453
DGANIT;KOBIETA;9;22274462
VLADIMIRA;KOBIETA;9;22274471
ARPENIK;KOBIETA;9;22274480
VÂN;KOBIETA;9;22274489
GUADALUPE;KOBIETA;9;22274498
GEETHA;KOBIETA;9;22274507
STEPANIDA;KOBIETA;9;22274516
BERENIKE;KOBIETA;9;22274525
D¯ESSIKA;KOBIETA;9;22274534
SUZANNAH;KOBIETA;9;22274543
KHUSHI;KOBIETA;9;22274552
ULRIKA;KOBIETA;9;22274561
PRAGYA;KOBIETA;9;22274570
ROMEA;KOBIETA;9;22274579
RIZZA;KOBIETA;9;22274588
LISELOTTA;KOBIETA;9;22274597
MEYTAL;KOBIETA;9;22274606
IEVHENIIA;KOBIETA;9;22274615
ANGELITA;KOBIETA;9;22274624
DROGOMIRA;KOBIETA;9;22274633
NAZAN;KOBIETA;9;22274642
YOSYFA;KOBIETA;9;22274651
CAMILIA;KOBIETA;9;22274660
DALIIA;KOBIETA;9;22274669
SUJIN;KOBIETA;9;22274678
ETSUKO;KOBIETA;9;22274687
ZERA;KOBIETA;9;22274696
ALENKA;KOBIETA;9;22274705
EUNHEE;KOBIETA;9;22274714
REGINE;KOBIETA;9;22274723
XU;KOBIETA;9;22274732
ADRIANNE;KOBIETA;9;22274741
ALI;KOBIETA;9;22274750
LIERA;KOBIETA;9;22274759
MADDISON;KOBIETA;9;22274768
FELISA;KOBIETA;9;22274777
COSTANZA;KOBIETA;9;22274786
TRAM ANH;KOBIETA;9;22274795
JASEMIN;KOBIETA;9;22274804
MIJIN;KOBIETA;9;22274813
SHAKHZODA;KOBIETA;9;22274822
HADASA;KOBIETA;9;22274831
HAVANA;KOBIETA;9;22274840
OLESSYA;KOBIETA;9;22274849
UN HYANG;KOBIETA;9;22274858
DAIANE;KOBIETA;9;22274867
CHASIA;KOBIETA;9;22274876
TÂNIA;KOBIETA;9;22274885
RAPHAËLLE;KOBIETA;9;22274894
DOLOROSA;KOBIETA;9;22274903
KHADIDJA;KOBIETA;9;22274912
AISSATOU;KOBIETA;9;22274921
WAJA;KOBIETA;9;22274930
JOHANNE;KOBIETA;9;22274939
ILEKTRA;KOBIETA;9;22274948
NAZELI;KOBIETA;9;22274957
JOELA;KOBIETA;9;22274966
INDIANA;KOBIETA;9;22274975
CHANTALE;KOBIETA;9;22274984
LUJZA;KOBIETA;9;22274993
RUDOLFINA;KOBIETA;9;22275002
FELICITA;KOBIETA;9;22275011
ANATOLIIA;KOBIETA;9;22275020
SHYNAR;KOBIETA;9;22275029
ATIDZHE;KOBIETA;9;22275038
DZVINKA;KOBIETA;9;22275047
MINKA;KOBIETA;9;22275056
AMITA;KOBIETA;9;22275065
PEARL;KOBIETA;9;22275074
S?BEL;KOBIETA;9;22275083
IRISH;KOBIETA;9;22275092
CYRLA;KOBIETA;9;22275101
TAUS;KOBIETA;9;22275110
YI-TING;KOBIETA;9;22275119
RÓ¯ANNA;KOBIETA;9;22275128
MYLENA;KOBIETA;9;22275137
SOPIA;KOBIETA;9;22275146
DANELIA;KOBIETA;9;22275155
HARSHITHA;KOBIETA;9;22275164
AMATA;KOBIETA;9;22275173
LIRAN;KOBIETA;9;22275182
GULZADA;KOBIETA;9;22275191
MAFALDA;KOBIETA;9;22275200
LILITA;KOBIETA;9;22275209
OLEKSANDRYNA;KOBIETA;9;22275218
MINH CHAU;KOBIETA;9;22275227
NAZAKAT;KOBIETA;9;22275236
ULZHAN;KOBIETA;9;22275245
KHANUM;KOBIETA;9;22275254
YUCHEN;KOBIETA;9;22275263
CHICHAK;KOBIETA;9;22275272
VASYLINA;KOBIETA;9;22275281
NELLE;KOBIETA;9;22275290
AHNESSA;KOBIETA;9;22275299
SHUANG;KOBIETA;9;22275308
PARVINA;KOBIETA;9;22275317
ROHINI;KOBIETA;9;22275326
HELENKA;KOBIETA;9;22275335
IVONE;KOBIETA;9;22275344
XIAOQIN;KOBIETA;9;22275353
DESIRÉE;KOBIETA;9;22275362
BHAKTI;KOBIETA;9;22275371
GUILLERMINA;KOBIETA;9;22275380
PALAK;KOBIETA;9;22275389
ELIEONORA;KOBIETA;9;22275398
WIECES£AWA;KOBIETA;9;22275407
AIHIUN;KOBIETA;9;22275416
TSOVINAR;KOBIETA;9;22275425
ETAR;KOBIETA;9;22275434
YONCA;KOBIETA;9;22275443
ANDREJA;KOBIETA;9;22275452
ZENOWEFA;KOBIETA;9;22275461
LILLIANE;KOBIETA;9;22275470
LAYANA;KOBIETA;9;22275479
OLUWADAMILOLA;KOBIETA;9;22275488
MARLEY;KOBIETA;9;22275497
NEETA;KOBIETA;9;22275506
HÉLO?SE;KOBIETA;9;22275515
GURANDA;KOBIETA;9;22275524
AKI;KOBIETA;9;22275533
VITORIA;KOBIETA;9;22275542
MARIE-LOUISE;KOBIETA;9;22275551
LUCINDA;KOBIETA;9;22275560
YANHONG;KOBIETA;9;22275569
BORBÁLA;KOBIETA;9;22275578
EWDOKIA;KOBIETA;9;22275587
SUMIRE;KOBIETA;9;22275596
NEHIR;KOBIETA;9;22275605
¯ASMIN;KOBIETA;9;22275614
ADELIN;KOBIETA;9;22275623
SANTIANA;KOBIETA;9;22275632
RILEY;KOBIETA;9;22275641
XIAOPING;KOBIETA;9;22275650
KATERINE;KOBIETA;9;22275659
¯ULIETA;KOBIETA;9;22275668
AMRIT;KOBIETA;9;22275677
ALIEKSANDRA;KOBIETA;9;22275686
SUNNY;KOBIETA;9;22275695
ROSSELLA;KOBIETA;9;22275704
SIRVARD;KOBIETA;9;22275713
YANITA;KOBIETA;9;22275722
OLEÑKA;KOBIETA;9;22275731
JOLENE;KOBIETA;9;22275740
STEPANIA;KOBIETA;9;22275749
IRMAK;KOBIETA;9;22275758
ILARYIA;KOBIETA;9;22275767
MEGHNA;KOBIETA;9;22275776
ATSUKO;KOBIETA;9;22275785
TOSKA;KOBIETA;9;22275794
MADE;KOBIETA;9;22275803
YEFRASINNIA;KOBIETA;9;22275812
STOJANKA;KOBIETA;9;22275821
SAMRAWIT;KOBIETA;9;22275830
TASHA;KOBIETA;9;22275839
TAUBA;KOBIETA;9;22275848
NATAVAN;KOBIETA;9;22275857
WEIFEN;KOBIETA;9;22275866
PUIA;KOBIETA;9;22275875
GEFFEN;KOBIETA;9;22275884
LOU;KOBIETA;9;22275893
SKYLER;KOBIETA;9;22275902
LUTGARDA;KOBIETA;9;22275911
DANILA;KOBIETA;9;22275920
SHARMIN;KOBIETA;9;22275929
MERLE;KOBIETA;9;22275938
TH? H?NG NHUNG;KOBIETA;9;22275947
MA.;KOBIETA;9;22275956
YESICA;KOBIETA;9;22275965
SHANTAL;KOBIETA;9;22275974
LOTTI;KOBIETA;9;22275983
COLINE;KOBIETA;9;22275992
SUMI;KOBIETA;9;22276001
NEDZHIBE;KOBIETA;9;22276010
¯YWILLA;KOBIETA;9;22276019
ARACELI;KOBIETA;9;22276028
HAVIN;KOBIETA;9;22276037
AUREA;KOBIETA;9;22276046
JULE;KOBIETA;9;22276055
HOLLIE;KOBIETA;9;22276064
GENEVA;KOBIETA;9;22276073
STEFANA;KOBIETA;9;22276082
DOMINICELA;KOBIETA;9;22276091
GALENA;KOBIETA;9;22276100
LEORA;KOBIETA;9;22276109
LISETTE;KOBIETA;9;22276118
MINJEONG;KOBIETA;9;22276127
MIAO;KOBIETA;9;22276136
ARANTXA;KOBIETA;9;22276145
ROSALIND;KOBIETA;9;22276154
ASSUNTA;KOBIETA;9;22276163
DÉBORAH;KOBIETA;9;22276172
PATRYTSIIA;KOBIETA;9;22276181
IR?NE;KOBIETA;9;22276190
MARIA DE LOS ANGELES;KOBIETA;9;22276199
YADVYHA;KOBIETA;9;22276208
HENEFA;KOBIETA;9;22276217
AUTUMN;KOBIETA;9;22276226
MARICRIS;KOBIETA;9;22276235
RÜMEYSA;KOBIETA;9;22276244
EUFALIA;KOBIETA;9;22276253
MUNASHE;KOBIETA;9;22276262
ANATASIIA;KOBIETA;9;22276271
RAFFAELA;KOBIETA;9;22276280
RUMIANA;KOBIETA;9;22276289
SERAPHINA;KOBIETA;9;22276298
BIRLANT;KOBIETA;9;22276307
CLEMENTINA;KOBIETA;9;22276316
SHIRAZ;KOBIETA;9;22276325
NAIME;KOBIETA;9;22276334
SAHANA;KOBIETA;9;22276343
RAJISA;KOBIETA;9;22276352
LAETICIA;KOBIETA;9;22276361
ROCÍO;KOBIETA;9;22276370
DARINE;KOBIETA;9;22276379
TUTA;KOBIETA;9;22276388
ASIYAT;KOBIETA;9;22276397
ZULAY;KOBIETA;9;22276406
FAYE;KOBIETA;9;22276415
JANIKA;KOBIETA;9;22276424
RUZAN;KOBIETA;9;22276433
MAKHABBAT;KOBIETA;9;22276442
THI THANH HA;KOBIETA;9;22276451
ARAKSIA;KOBIETA;9;22276460
HILIT;KOBIETA;9;22276469
THANH HUYEN;KOBIETA;9;22276478
FELICJANA;KOBIETA;9;22276487
JURANDA;KOBIETA;9;22276496
BARNO;KOBIETA;9;22276505
SANGMI;KOBIETA;9;22276514
PH??NG;KOBIETA;9;22276523
ANOUSHKA;KOBIETA;9;22276532
AIGANYM;KOBIETA;9;22276541
ZHANG;KOBIETA;9;22276550
DONATYLIA;KOBIETA;9;22276559
SENADA;KOBIETA;9;22276568
YINA;KOBIETA;9;22276577
ZINOIDA;KOBIETA;9;22276586
GONCA;KOBIETA;9;22276595
DALA;KOBIETA;9;22276604
NGAN;KOBIETA;9;22276613
DZIER¯YS£AWA;KOBIETA;9;22276622
WASYLYNA;KOBIETA;9;22276631
GOTFRYDA;KOBIETA;9;22276640
H?NH;KOBIETA;9;22276649
THI LINH;KOBIETA;9;22276658
KATRYNA;KOBIETA;9;22276667
SEVCAN;KOBIETA;9;22276676
YU-HSUAN;KOBIETA;9;22276685
NAOMIE;KOBIETA;9;22276694
AWELINA;KOBIETA;9;22276703
JAKUBINA;KOBIETA;9;22276712
BO¯ENKA;KOBIETA;9;22276721
THI HOAN;KOBIETA;9;22276730
LOLLA;KOBIETA;9;22276739
NEªE;KOBIETA;9;22276748
RYBANA;KOBIETA;9;22276757
SHAKHLO;KOBIETA;9;22276766
SOUKAINA;KOBIETA;9;22276775
MILASLAVA;KOBIETA;9;22276784
PLACYDA;KOBIETA;9;22276793
RAVID;KOBIETA;9;22276802
ANDRADA;KOBIETA;9;22276811
RENUKA;KOBIETA;9;22276820
SAORI;KOBIETA;9;22276829
DEANNA;KOBIETA;9;22276838
JULY;KOBIETA;9;22276847
XIAOLAN;KOBIETA;9;22276856
AFIZE;KOBIETA;9;22276865
MAMI;KOBIETA;9;22276874
DAYEON;KOBIETA;9;22276883
FRANCESKA;KOBIETA;9;22276892
ZOLZAYA;KOBIETA;9;22276901
RIO;KOBIETA;9;22276910
EUNSEO;KOBIETA;9;22276919
ILIYANA;KOBIETA;9;22276928
LACEY;KOBIETA;9;22276937
MAHSA;KOBIETA;9;22276946
VERIKO;KOBIETA;9;22276955
ZHAZIRA;KOBIETA;9;22276964
NANETTE;KOBIETA;9;22276973
VENESA;KOBIETA;9;22276982
MELLISA;KOBIETA;9;22276991
SUNSHINE;KOBIETA;9;22277000
WENEDA;KOBIETA;9;22277009
MUNISA;KOBIETA;9;22277018
RAHAF;KOBIETA;9;22277027
TH? THU H?;KOBIETA;9;22277036
CILA;KOBIETA;9;22277045
GRÉTA;KOBIETA;9;22277054
GÜLER;KOBIETA;9;22277063
KORNELIJA;KOBIETA;9;22277072
SIEUN;KOBIETA;9;22277081
LUKIIA;KOBIETA;9;22277090
RADOSTINA;KOBIETA;9;22277099
IZUMI;KOBIETA;9;22277108
MÜZEYYEN;KOBIETA;9;22277117
AMBIKA;KOBIETA;9;22277126
ADRIÁNA;KOBIETA;9;22277135
RANYA;KOBIETA;9;22277144
SERAY;KOBIETA;9;22277153
DOVIL?;KOBIETA;9;22277162
BRONISLAWA;KOBIETA;9;22277171
NAGA;KOBIETA;9;22277180
ANHIELINA;KOBIETA;9;22277189
ALEA;KOBIETA;9;22277198
TAMIA;KOBIETA;9;22277207
ÜMRAN;KOBIETA;9;22277216
OLEKSIIA;KOBIETA;9;22277225
FRANCA;KOBIETA;9;22277234
KUBRA;KOBIETA;9;22277243
DINAH;KOBIETA;9;22277252
£AJA;KOBIETA;9;22277261
ALJONA;KOBIETA;9;22277270
FENG;KOBIETA;9;22277279
WLADA;KOBIETA;9;22277288
LIUSIENA;KOBIETA;9;22277297
YOLANDE;KOBIETA;9;22277306
NARGES;KOBIETA;9;22277315
IRODA;KOBIETA;9;22277324
ELYSE;KOBIETA;9;22277333
RHONA;KOBIETA;9;22277342
HINA;KOBIETA;9;22277351
SHIFRA;KOBIETA;9;22277360
ELPIDA;KOBIETA;9;22277369
HELOISA;KOBIETA;9;22277378
DENIZA;KOBIETA;9;22277387
TSISANA;KOBIETA;9;22277396
H? ANH;KOBIETA;9;22277405
LESLY;KOBIETA;9;22277414
RASMA;KOBIETA;9;22277423
LONDA;KOBIETA;9;22277432
KHADIDZHA;KOBIETA;9;22277441
KARUNA;KOBIETA;9;22277450
VANYA;KOBIETA;9;22277459
SATOMI;KOBIETA;9;22277468
HELI;KOBIETA;9;22277477
SIYING;KOBIETA;9;22277486
NIMFA;KOBIETA;9;22277495
ANIKO;KOBIETA;9;22277504
PEACE;KOBIETA;9;22277513
MARGALITA;KOBIETA;9;22277522
ZENFIRA;KOBIETA;9;22277531
JAYA;KOBIETA;9;22277540
ANEKA;KOBIETA;9;22277549
ALBANA;KOBIETA;9;22277558
THI LE;KOBIETA;9;22277567
MADARA;KOBIETA;9;22277576
TH? VÂN;KOBIETA;9;22277585
LUCILE;KOBIETA;9;22277594
SURABHI;KOBIETA;9;22277603
MARIIA-MARTA;KOBIETA;9;22277612
CLELIA;KOBIETA;9;22277621
SATU;KOBIETA;9;22277630
ZALIKHAN;KOBIETA;9;22277639
LILYANNA;KOBIETA;9;22277648
BAYA;KOBIETA;9;22277657
SOOMIN;KOBIETA;9;22277666
NASIMA;KOBIETA;9;22277675
OLSZYNA;KOBIETA;9;22277684
GÜLªEN;KOBIETA;9;22277693
TATEV;KOBIETA;9;22277702
THI QUY;KOBIETA;9;22277711
NIV;KOBIETA;9;22277720
LYUSYA;KOBIETA;9;22277729
NITHYA;KOBIETA;9;22277738
HADASSA;KOBIETA;9;22277747
MAN;KOBIETA;9;22277756
VENKATA;KOBIETA;9;22277765
KILIANA;KOBIETA;9;22277774
TH? QU?NH;KOBIETA;9;22277783
KRESTINA;KOBIETA;9;22277792
THI NGUYET;KOBIETA;9;22277801
ASIYE;KOBIETA;9;22277810
K£AWDIA;KOBIETA;9;22277819
HONG NGOC;KOBIETA;9;22277828
PAVLÍNA;KOBIETA;9;22277837
VINCENZA;KOBIETA;9;22277846
PATMAN;KOBIETA;9;22277855
CHIDO;KOBIETA;9;22277864
ELISAVET;KOBIETA;9;22277873
TETANA;KOBIETA;9;22277882
OSYPA;KOBIETA;9;22277891
ZHEN;KOBIETA;9;22277900
KLEMENSA;KOBIETA;9;22277909
ANHELINA-MARIIA;KOBIETA;9;22277918
LUBOMIERA;KOBIETA;9;22277927
DANATA;KOBIETA;9;22277936
HARUNA;KOBIETA;9;22277945
XIUMEI;KOBIETA;9;22277954
NHU;KOBIETA;9;22277963
FLORICA;KOBIETA;9;22277972
TSVETANKA;KOBIETA;9;22277981
HEENA;KOBIETA;9;22277990
JEVGENIJA;KOBIETA;9;22277999
IRSANA;KOBIETA;9;22278008
TUIANA;KOBIETA;9;22278017
ZEKIYE;KOBIETA;9;22278026
LJUBOV;KOBIETA;9;22278035
ATCHE;KOBIETA;9;22278044
BRONIA;KOBIETA;9;22278053
KSEMENA;KOBIETA;9;22278062
KHAYALA;KOBIETA;9;22278071
BHUMIKA;KOBIETA;9;22278080
SEOHYUN;KOBIETA;9;22278089
AGNESSA;KOBIETA;9;22278098
AKNUR;KOBIETA;9;22278107
EWALDA;KOBIETA;9;22278116
MAXIME;KOBIETA;9;22278125
KAMALIIA;KOBIETA;9;22278134
JAMELIA;KOBIETA;9;22278143
BABITA;KOBIETA;9;22278152
POLIKSENA;KOBIETA;9;22278161
FREYJA;KOBIETA;9;22278170
FRYMETA;KOBIETA;9;22278179
YANHUA;KOBIETA;9;22278188
KYARA;KOBIETA;9;22278197
KANIKA;KOBIETA;9;22278206
MILENTYNA;KOBIETA;9;22278215
BING;KOBIETA;9;22278224
KRITI;KOBIETA;9;22278233
ZARGAN;KOBIETA;9;22278242
AMIE;KOBIETA;9;22278251
JOACHIMA;KOBIETA;9;22278260
YICHEN;KOBIETA;9;22278269
LIUDMULA;KOBIETA;9;22278278
ISIS;KOBIETA;9;22278287
BIMALA;KOBIETA;9;22278296
MARIATERESA;KOBIETA;9;22278305
TODORKA;KOBIETA;9;22278314
KATRIONA;KOBIETA;9;22278323
LIANNE;KOBIETA;9;22278332
IBOLIA;KOBIETA;9;22278341
CIESZYS£AWA;KOBIETA;9;22278350
SHAYEN;KOBIETA;9;22278359
ADAEZE;KOBIETA;9;22278368
MERON;KOBIETA;9;22278377
RIEHINA;KOBIETA;9;22278386
YAO;KOBIETA;9;22278395
PRINCESA;KOBIETA;9;22278404
SUNMI;KOBIETA;9;22278413
INAAYA;KOBIETA;9;22278422
MAYURI;KOBIETA;9;22278431
GERTRUDE;KOBIETA;9;22278440
YULIJA;KOBIETA;9;22278449
IQRA;KOBIETA;9;22278458
MINSEO;KOBIETA;9;22278467
MICHIKO;KOBIETA;9;22278476
NEENA;KOBIETA;8;22278484
DIJANA;KOBIETA;8;22278492
NOMIN;KOBIETA;8;22278500
LUCRECIA;KOBIETA;8;22278508
NATASJA;KOBIETA;8;22278516
IULIYA;KOBIETA;8;22278524
MAYLA;KOBIETA;8;22278532
APOLINARIIA;KOBIETA;8;22278540
JIANI;KOBIETA;8;22278548
ERIKO;KOBIETA;8;22278556
TH?Y;KOBIETA;8;22278564
WILCHELMINA;KOBIETA;8;22278572
HEL?N;KOBIETA;8;22278580
EWGENIJA;KOBIETA;8;22278588
ELANUR;KOBIETA;8;22278596
DOMENIKA;KOBIETA;8;22278604
SHILPI;KOBIETA;8;22278612
JOSETTE;KOBIETA;8;22278620
ANNE-LAURE;KOBIETA;8;22278628
HILARA;KOBIETA;8;22278636
MARILENE;KOBIETA;8;22278644
HONG HANH;KOBIETA;8;22278652
SHEENA;KOBIETA;8;22278660
DAA;KOBIETA;8;22278668
REI;KOBIETA;8;22278676
DUAA;KOBIETA;8;22278684
BEGUM;KOBIETA;8;22278692
RAMUN?;KOBIETA;8;22278700
ERMA;KOBIETA;8;22278708
FATHIMA;KOBIETA;8;22278716
STINA;KOBIETA;8;22278724
SUDHA;KOBIETA;8;22278732
KARISSA;KOBIETA;8;22278740
SUHYUN;KOBIETA;8;22278748
CONSUELO;KOBIETA;8;22278756
SIGRUN;KOBIETA;8;22278764
KAZUKO;KOBIETA;8;22278772
RAIKHAN;KOBIETA;8;22278780
PATRITSIIA;KOBIETA;8;22278788
HIPOLITA;KOBIETA;8;22278796
RONNI;KOBIETA;8;22278804
LIXIA;KOBIETA;8;22278812
LIS;KOBIETA;8;22278820
AARTI;KOBIETA;8;22278828
HOI;KOBIETA;8;22278836
SUMITRA;KOBIETA;8;22278844
KARLOTTA;KOBIETA;8;22278852
FRANTSISHKA;KOBIETA;8;22278860
YA;KOBIETA;8;22278868
AS?YE;KOBIETA;8;22278876
CHAU ANH;KOBIETA;8;22278884
APOLINARIA;KOBIETA;8;22278892
BIRSEN;KOBIETA;8;22278900
TH? NGÂN;KOBIETA;8;22278908
XIUHUA;KOBIETA;8;22278916
FLORINE;KOBIETA;8;22278924
LORDES;KOBIETA;8;22278932
NATHALY;KOBIETA;8;22278940
QU?NH;KOBIETA;8;22278948
PRIYADARSHINI;KOBIETA;8;22278956
CHIKA;KOBIETA;8;22278964
TETIENA;KOBIETA;8;22278972
MISCHEL;KOBIETA;8;22278980
MILLICENT;KOBIETA;8;22278988
MEILING;KOBIETA;8;22278996
PIETRA;KOBIETA;8;22279004
TAISSA;KOBIETA;8;22279012
WENJING;KOBIETA;8;22279020
YONIT;KOBIETA;8;22279028
YOSYPA;KOBIETA;8;22279036
MAYARA;KOBIETA;8;22279044
THUY NGA;KOBIETA;8;22279052
SEMIHA;KOBIETA;8;22279060
JE£YZAWETA;KOBIETA;8;22279068
YANLI;KOBIETA;8;22279076
ZINOWIJA;KOBIETA;8;22279084
LORAINE;KOBIETA;8;22279092
MAZVITA;KOBIETA;8;22279100
ONYINYE;KOBIETA;8;22279108
HARIKA;KOBIETA;8;22279116
JIYUN;KOBIETA;8;22279124
KIMIKO;KOBIETA;8;22279132
DIEP;KOBIETA;8;22279140
SURYA;KOBIETA;8;22279148
GOZDE;KOBIETA;8;22279156
DILAY;KOBIETA;8;22279164
MARISHA;KOBIETA;8;22279172
DALAL;KOBIETA;8;22279180
JIANYING;KOBIETA;8;22279188
ODILE;KOBIETA;8;22279196
ARDITA;KOBIETA;8;22279204
BERNICE;KOBIETA;8;22279212
ALEKSANDRIA;KOBIETA;8;22279220
JAE;KOBIETA;8;22279228
JAQUELINA;KOBIETA;8;22279236
MICHELINE;KOBIETA;8;22279244
TH? TUY?T;KOBIETA;8;22279252
YUQI;KOBIETA;8;22279260
MAMERTA;KOBIETA;8;22279268
TH? LINH;KOBIETA;8;22279276
BRONWYN;KOBIETA;8;22279284
NANAMI;KOBIETA;8;22279292
ÇA?LA;KOBIETA;8;22279300
PESIA;KOBIETA;8;22279308
XIAONA;KOBIETA;8;22279316
NIKOLIETA;KOBIETA;8;22279324
KHANIFA;KOBIETA;8;22279332
YI-CHING;KOBIETA;8;22279340
MAIS;KOBIETA;8;22279348
ULVIA;KOBIETA;8;22279356
JOSEPHINA;KOBIETA;8;22279364
MARIA JOSE;KOBIETA;8;22279372
ASWATHY;KOBIETA;8;22279380
TOHAR;KOBIETA;8;22279388
SIQI;KOBIETA;8;22279396
KIRTI;KOBIETA;8;22279404
ERZHEIBET;KOBIETA;8;22279412
SIEVDA;KOBIETA;8;22279420
ARMELLE;KOBIETA;8;22279428
LUKIANA;KOBIETA;8;22279436
STEPHANY;KOBIETA;8;22279444
APOLLINARIA;KOBIETA;8;22279452
LJUBICA;KOBIETA;8;22279460
SAMAH;KOBIETA;8;22279468
OYUN;KOBIETA;8;22279476
MILENE;KOBIETA;8;22279484
CHRISTY;KOBIETA;8;22279492
THI THUY LINH;KOBIETA;8;22279500
SARON;KOBIETA;8;22279508
FATUMA;KOBIETA;8;22279516
ELIKO;KOBIETA;8;22279524
SUSIE;KOBIETA;8;22279532
NASTURCJA;KOBIETA;8;22279540
JANELLE;KOBIETA;8;22279548
MARIA DEL PILAR;KOBIETA;8;22279556
JADVYGA;KOBIETA;8;22279564
RENÉE;KOBIETA;8;22279572
LUBNA;KOBIETA;8;22279580
BÉRÉNICE;KOBIETA;8;22279588
YASAMIN;KOBIETA;8;22279596
LEYRE;KOBIETA;8;22279604
KSENYA;KOBIETA;8;22279612
VARDIT;KOBIETA;8;22279620
KARLYGASH;KOBIETA;8;22279628
MARYNE;KOBIETA;8;22279636
IKUKO;KOBIETA;8;22279644
PARUL;KOBIETA;8;22279652
OCÉANE;KOBIETA;8;22279660
THI THOA;KOBIETA;8;22279668
LAURENA;KOBIETA;8;22279676
IVETT;KOBIETA;8;22279684
IMIS£AWA;KOBIETA;8;22279692
ELAINA;KOBIETA;8;22279700
ROSALYN;KOBIETA;8;22279708
NADZEZHDA;KOBIETA;8;22279716
SEVERYNA;KOBIETA;8;22279724
ROSYNA;KOBIETA;8;22279732
SANAZ;KOBIETA;8;22279740
JAZMÍN;KOBIETA;8;22279748
KHADIJAH;KOBIETA;8;22279756
MARSHA;KOBIETA;8;22279764
ANNA;KOBIETA;8;22279772
RAYSA;KOBIETA;8;22279780
TEKLE;KOBIETA;8;22279788
BERNADYTA;KOBIETA;8;22279796
HYUNJUNG;KOBIETA;8;22279804
GINKA;KOBIETA;8;22279812
AZALIA;KOBIETA;8;22279820
RACHANA;KOBIETA;8;22279828
GÜLÇ?N;KOBIETA;8;22279836
MINARA;KOBIETA;8;22279844
FOTEINI;KOBIETA;8;22279852
SESIL;KOBIETA;8;22279860
KYUNG;KOBIETA;8;22279868
SILJA;KOBIETA;8;22279876
KESHET;KOBIETA;8;22279884
MINAIA;KOBIETA;8;22279892
KALYANI;KOBIETA;8;22279900
SHEETAL;KOBIETA;8;22279908
AZIME;KOBIETA;8;22279916
SAKHIBA;KOBIETA;8;22279924
SHIMA;KOBIETA;8;22279932
ANUTA;KOBIETA;8;22279940
KORALINA;KOBIETA;8;22279948
SHILOH;KOBIETA;8;22279956
RANJANA;KOBIETA;8;22279964
NAVYA;KOBIETA;8;22279972
LIBUE;KOBIETA;8;22279980
LILAH;KOBIETA;8;22279988
BAT;KOBIETA;8;22279996
ESILA;KOBIETA;8;22280004
TEJA;KOBIETA;8;22280012
LIFANG;KOBIETA;8;22280020
YUTONG;KOBIETA;8;22280028
MEA;KOBIETA;8;22280036
SLAVINA;KOBIETA;8;22280044
MELIA;KOBIETA;8;22280052
BOGUMILA;KOBIETA;8;22280060
CRISTINE;KOBIETA;8;22280068
MANILYN;KOBIETA;8;22280076
FITRI;KOBIETA;8;22280084
SHIVA;KOBIETA;8;22280092
TEODORIA;KOBIETA;8;22280100
YIWEN;KOBIETA;8;22280108
WASY£YNA;KOBIETA;8;22280116
CATHARINE;KOBIETA;8;22280124
SOFKA;KOBIETA;8;22280132
HUAN;KOBIETA;8;22280140
JIAHUI;KOBIETA;8;22280148
HADIA;KOBIETA;8;22280156
CHRYSOULA;KOBIETA;8;22280164
ROSI;KOBIETA;8;22280172
KAYMET;KOBIETA;8;22280180
HODA;KOBIETA;8;22280188
SUKANYA;KOBIETA;8;22280196
N?LÜFER;KOBIETA;8;22280204
LILLYANA;KOBIETA;8;22280212
HULMIRA;KOBIETA;8;22280220
AZUL;KOBIETA;8;22280228
ELITSA;KOBIETA;8;22280236
ATARA;KOBIETA;8;22280244
LEIGH;KOBIETA;8;22280252
BEATRICA;KOBIETA;8;22280260
ARTUR;KOBIETA;8;22280268
AKANE;KOBIETA;8;22280276
ANAGHA;KOBIETA;8;22280284
VALENCIA;KOBIETA;8;22280292
ANASTAZIJA;KOBIETA;8;22280300
MILISA;KOBIETA;8;22280308
BAO CHAU;KOBIETA;8;22280316
IZAS£AWA;KOBIETA;8;22280324
DIMPLE;KOBIETA;8;22280332
ELGA;KOBIETA;8;22280340
MUSKAN;KOBIETA;8;22280348
BHARTI;KOBIETA;8;22280356
PAIGE;KOBIETA;8;22280364
ELIZABETTA;KOBIETA;8;22280372
FADIA;KOBIETA;8;22280380
GAYE;KOBIETA;8;22280388
NYAH;KOBIETA;8;22280396
HYUNJIN;KOBIETA;8;22280404
CAITLYN;KOBIETA;8;22280412
AHSEN;KOBIETA;8;22280420
MARIIA-ALINA;KOBIETA;8;22280428
MANAMI;KOBIETA;8;22280436
KADR?YE;KOBIETA;8;22280444
JELIZAWETA;KOBIETA;8;22280452
VALESKA;KOBIETA;8;22280460
SHOVAL;KOBIETA;8;22280468
XIAOJIE;KOBIETA;8;22280476
VIET;KOBIETA;8;22280484
ROSARIA;KOBIETA;8;22280492
LEANARDA;KOBIETA;8;22280500
JONETA;KOBIETA;8;22280508
NESSA;KOBIETA;8;22280516
WOJCIECHA;KOBIETA;8;22280524
GITANA;KOBIETA;8;22280532
BUªRA;KOBIETA;8;22280540
CONCETTA;KOBIETA;8;22280548
NOMIN-ERDENE;KOBIETA;8;22280556
JAHAN;KOBIETA;8;22280564
MERYAM;KOBIETA;8;22280572
PEI;KOBIETA;8;22280580
KEERTHI;KOBIETA;8;22280588
PARASKIEWA;KOBIETA;8;22280596
KHALIMA;KOBIETA;8;22280604
AGAPI;KOBIETA;8;22280612
KARYN;KOBIETA;8;22280620
ALIZÉE;KOBIETA;8;22280628
FARANGIZ;KOBIETA;8;22280636
FLAVIE;KOBIETA;8;22280644
BORYSLAVA;KOBIETA;8;22280652
HANUTA;KOBIETA;8;22280660
MADLIN;KOBIETA;8;22280668
NECLA;KOBIETA;8;22280676
ERVA;KOBIETA;8;22280684
KHADISHAT;KOBIETA;8;22280692
TH? H?I Y?N;KOBIETA;8;22280700
ZSUZSA;KOBIETA;8;22280708
QIANQIAN;KOBIETA;8;22280716
YENNY;KOBIETA;8;22280724
VIAN;KOBIETA;8;22280732
ERAZMA;KOBIETA;8;22280740
DANI;KOBIETA;8;22280748
JOZEFINA;KOBIETA;8;22280756
FRUZSINA;KOBIETA;8;22280764
HADI¯AT;KOBIETA;8;22280772
PRAGATI;KOBIETA;8;22280780
ALISSIA;KOBIETA;8;22280788
TOGZHAN;KOBIETA;8;22280796
JI EUN;KOBIETA;8;22280804
DAWIDA;KOBIETA;8;22280812
ALKA;KOBIETA;8;22280820
LINNA;KOBIETA;8;22280828
JEMAL;KOBIETA;8;22280836
LENURA;KOBIETA;8;22280844
JUNIA;KOBIETA;8;22280852
MITCHEL;KOBIETA;8;22280860
LINGLI;KOBIETA;8;22280868
BURÇIN;KOBIETA;8;22280876
ANZELIKA;KOBIETA;8;22280884
M?RA;KOBIETA;8;22280892
AN NHIEN;KOBIETA;8;22280900
ABIDA;KOBIETA;8;22280908
EDZIA;KOBIETA;8;22280916
NI LUH PUTU;KOBIETA;8;22280924
OLUCHI;KOBIETA;8;22280932
MARLYN;KOBIETA;8;22280940
SOYOUNG;KOBIETA;8;22280948
YELISAVETA;KOBIETA;8;22280956
CHUNYAN;KOBIETA;8;22280964
SUBIN;KOBIETA;8;22280972
ELORA;KOBIETA;8;22280980
MARIIA-MAHDALYNA;KOBIETA;8;22280988
ZAHAVA;KOBIETA;8;22280996
ROSALINA;KOBIETA;8;22281004
AMANY;KOBIETA;8;22281012
ZHE;KOBIETA;8;22281020
EK?N;KOBIETA;8;22281028
FÁTIMA;KOBIETA;8;22281036
MÍA;KOBIETA;8;22281044
YAFIT;KOBIETA;8;22281052
MARJAN;KOBIETA;8;22281060
MACKENZIE;KOBIETA;8;22281068
AISWARYA;KOBIETA;8;22281076
WARDA;KOBIETA;8;22281084
VALETYNA;KOBIETA;8;22281092
SEOJIN;KOBIETA;8;22281100
ARIIANA;KOBIETA;8;22281108
ERNESTINA;KOBIETA;8;22281116
NAZLICAN;KOBIETA;8;22281124
MADALINA;KOBIETA;8;22281132
SUAD;KOBIETA;8;22281140
KRZYSZTOFIA;KOBIETA;8;22281148
ROISIN;KOBIETA;8;22281156
ZENITA;KOBIETA;8;22281164
TATEWIK;KOBIETA;8;22281172
KALKIDAN;KOBIETA;8;22281180
CHINARA;KOBIETA;8;22281188
ZARIA;KOBIETA;8;22281196
LUKERIIA;KOBIETA;8;22281204
JANETH;KOBIETA;8;22281212
DEONIZJA;KOBIETA;8;22281220
EKIN;KOBIETA;8;22281228
ELÉONORE;KOBIETA;8;22281236
MEIKE;KOBIETA;8;22281244
JEYLA;KOBIETA;8;22281252
S?MAY;KOBIETA;8;22281260
JEMINA;KOBIETA;8;22281268
BAZYLA;KOBIETA;8;22281276
GENESIS;KOBIETA;8;22281284
HILTRUD;KOBIETA;8;22281292
ANTULA;KOBIETA;8;22281300
WLADISLAWA;KOBIETA;8;22281308
MAVIS;KOBIETA;8;22281316
DORIN;KOBIETA;8;22281324
SAMAIA;KOBIETA;8;22281332
XIAOJING;KOBIETA;8;22281340
EDERA;KOBIETA;8;22281348
MAYADA;KOBIETA;8;22281356
YUNSEO;KOBIETA;8;22281364
SHIZUKA;KOBIETA;8;22281372
SIDNEY;KOBIETA;8;22281380
ORNELA;KOBIETA;8;22281388
AGNIYA;KOBIETA;8;22281396
ILLIANA;KOBIETA;8;22281404
CATHRIN;KOBIETA;8;22281412
WERONICA;KOBIETA;8;22281420
BÛªRA;KOBIETA;8;22281428
LORENZA;KOBIETA;8;22281436
OZLEM;KOBIETA;8;22281444
HUY?N TRANG;KOBIETA;8;22281452
¯YWILA;KOBIETA;8;22281460
LETITIA;KOBIETA;8;22281468
LIBUSZA;KOBIETA;8;22281476
KAHINA;KOBIETA;8;22281484
DIANA-ANNA;KOBIETA;8;22281492
YOANA;KOBIETA;8;22281500
JORDANKA;KOBIETA;8;22281508
LILLIE;KOBIETA;8;22281516
MARIIA-MARIANA;KOBIETA;8;22281524
ALENTYNA;KOBIETA;8;22281532
SALOMIYA;KOBIETA;8;22281540
YAHLI;KOBIETA;8;22281548
GÜNEª;KOBIETA;8;22281556
ÇI?DEM;KOBIETA;8;22281564
GHITA;KOBIETA;8;22281572
ZHAMILYA;KOBIETA;8;22281580
SIANA;KOBIETA;8;22281588
COLETT;KOBIETA;8;22281596
GOAR;KOBIETA;8;22281604
SEO;KOBIETA;8;22281612
OREN;KOBIETA;8;22281620
EGANE;KOBIETA;8;22281628
AIPERI;KOBIETA;8;22281636
BENEDICTE;KOBIETA;8;22281644
VIJAYA;KOBIETA;8;22281652
¯EGOTA;KOBIETA;8;22281660
MARYKA;KOBIETA;8;22281668
GLORY;KOBIETA;8;22281676
SUFEN;KOBIETA;8;22281684
YUJEONG;KOBIETA;8;22281692
ELLIANA;KOBIETA;8;22281700
YUHUA;KOBIETA;8;22281708
SOLVEIG;KOBIETA;8;22281716
XIAOLIN;KOBIETA;8;22281724
ORIETTA;KOBIETA;8;22281732
GIERTRUDA;KOBIETA;8;22281740
RAMUALDA;KOBIETA;8;22281748
AHNETA;KOBIETA;8;22281756
THI THANH NGA;KOBIETA;8;22281764
THANH THUY;KOBIETA;8;22281772
HÉLÉNA;KOBIETA;8;22281780
ANUSZKA;KOBIETA;8;22281788
MAREKH;KOBIETA;8;22281796
SETAREH;KOBIETA;8;22281804
AGLAYA;KOBIETA;8;22281812
KINDA;KOBIETA;8;22281820
CHENXI;KOBIETA;8;22281828
DAIGA;KOBIETA;8;22281836
ANELA;KOBIETA;8;22281844
CHARLIZE;KOBIETA;8;22281852
KATRIEN;KOBIETA;8;22281860
FAHIMA;KOBIETA;8;22281868
ANESU;KOBIETA;8;22281876
SO;KOBIETA;8;22281884
CHIHIRO;KOBIETA;8;22281892
LIUDMY£A;KOBIETA;8;22281900
ADANNA;KOBIETA;8;22281908
CATRIN;KOBIETA;8;22281916
CONSUELA;KOBIETA;8;22281924
RUKIYE;KOBIETA;8;22281932
DEJANA;KOBIETA;8;22281940
JESSA;KOBIETA;8;22281948
MADHAVI;KOBIETA;8;22281956
BER?L;KOBIETA;8;22281964
AZADA;KOBIETA;8;22281972
ARLYN;KOBIETA;8;22281980
TORI;KOBIETA;8;22281988
D¯ENETA;KOBIETA;8;22281996
NGOC LINH;KOBIETA;8;22282004
AKSENIA;KOBIETA;8;22282012
ORIIANA;KOBIETA;8;22282020
NANDA;KOBIETA;8;22282028
BORYANA;KOBIETA;8;22282036
KUDAKWASHE;KOBIETA;8;22282044
LUA;KOBIETA;8;22282052
AN¯ELINA;KOBIETA;8;22282060
ALYSON;KOBIETA;8;22282068
CHANDNI;KOBIETA;8;22282076
SANIIE;KOBIETA;8;22282084
INGETRAUT;KOBIETA;8;22282092
SUELY;KOBIETA;8;22282100
TAHIRA;KOBIETA;8;22282108
IFEOMA;KOBIETA;8;22282116
MIWA;KOBIETA;8;22282124
SUSHILA;KOBIETA;8;22282132
LINN;KOBIETA;8;22282140
EDZITA;KOBIETA;8;22282148
TEGAN;KOBIETA;8;22282156
KIERA;KOBIETA;8;22282164
SHOGHIK;KOBIETA;8;22282172
KYLYNA;KOBIETA;8;22282180
DARIGA;KOBIETA;8;22282188
ªEBNEM;KOBIETA;8;22282196
MARIIA-ANASTASIIA;KOBIETA;8;22282204
GERTRAUD;KOBIETA;8;22282212
LUBINA;KOBIETA;8;22282220
AULALIA;KOBIETA;8;22282228
JACQUELYN;KOBIETA;8;22282236
ARWEN;KOBIETA;8;22282244
EDITHA;KOBIETA;8;22282252
YERKEZHAN;KOBIETA;8;22282260
MARO;KOBIETA;8;22282268
PARI;KOBIETA;8;22282276
LÝDIA;KOBIETA;8;22282284
YAQIN;KOBIETA;8;22282292
MELANO;KOBIETA;8;22282300
MAJIA;KOBIETA;8;22282308
PARANDZEM;KOBIETA;8;22282316
SOLMAZ;KOBIETA;8;22282324
ANALÍA;KOBIETA;8;22282332
FREDERIQUE;KOBIETA;8;22282340
LETISIA;KOBIETA;8;22282348
LEDI;KOBIETA;8;22282356
MAEVA;KOBIETA;8;22282364
JO;KOBIETA;8;22282372
ALMAS;KOBIETA;8;22282380
AIRA;KOBIETA;8;22282388
THI THU THUY;KOBIETA;8;22282396
HO?NG;KOBIETA;8;22282404
AJNA;KOBIETA;8;22282412
MAÍRA;KOBIETA;8;22282420
EVHENIYA;KOBIETA;8;22282428
VICKTORIA;KOBIETA;8;22282436
SIYU;KOBIETA;8;22282444
PARASKEVIIA;KOBIETA;8;22282452
GÜLBAHAR;KOBIETA;8;22282460
HA ANH;KOBIETA;8;22282468
VIVI;KOBIETA;8;22282476
KETO;KOBIETA;8;22282484
JAMUNA;KOBIETA;8;22282492
RUZALIIA;KOBIETA;8;22282500
EIMEAR;KOBIETA;8;22282508
BIRUTE;KOBIETA;8;22282516
MELODI;KOBIETA;8;22282524
TABITHA;KOBIETA;8;22282532
THI NGAN;KOBIETA;8;22282540
RENESMEE;KOBIETA;8;22282548
ANOUCHKA;KOBIETA;8;22282556
BOGLÁRKA;KOBIETA;8;22282564
VENECIA;KOBIETA;8;22282572
ADELTRAUT;KOBIETA;8;22282580
DEEPALI;KOBIETA;8;22282588
YUZHEN;KOBIETA;8;22282596
CANDELARIA;KOBIETA;8;22282604
ADELINDA;KOBIETA;8;22282612
NATSUKI;KOBIETA;8;22282620
DARLENE;KOBIETA;8;22282628
TSIPORA;KOBIETA;8;22282636
DULGUUN;KOBIETA;8;22282644
FLORENTINE;KOBIETA;8;22282652
ZOZAN;KOBIETA;8;22282660
TATIANE;KOBIETA;8;22282668
MIE;KOBIETA;8;22282676
TAMINA;KOBIETA;8;22282684
DIYA;KOBIETA;8;22282692
MAI LINH;KOBIETA;8;22282700
AARADHYA;KOBIETA;8;22282708
ARENIKA;KOBIETA;8;22282716
KYRIAKI;KOBIETA;8;22282724
KESO;KOBIETA;8;22282732
ETA;KOBIETA;8;22282740
NERIMAN;KOBIETA;8;22282748
THI VAN ANH;KOBIETA;8;22282756
SARAY;KOBIETA;8;22282764
ALTYN;KOBIETA;8;22282772
MONALISA;KOBIETA;8;22282780
SAARA;KOBIETA;8;22282788
DOROTEJA;KOBIETA;8;22282796
ALMINA;KOBIETA;8;22282804
EDYTTA;KOBIETA;8;22282812
KHANNA;KOBIETA;8;22282820
ZHAKLIN;KOBIETA;8;22282828
LYNNE;KOBIETA;8;22282836
LOTTIE;KOBIETA;8;22282844
FEI;KOBIETA;8;22282852
DARCY;KOBIETA;8;22282860
ISOLDE;KOBIETA;8;22282868
WENTING;KOBIETA;8;22282876
VILDAN;KOBIETA;8;22282884
TH? TH?O;KOBIETA;8;22282892
HAMIDA;KOBIETA;8;22282900
EUNJEONG;KOBIETA;8;22282908
FRANCHESKA;KOBIETA;8;22282916
YIN;KOBIETA;8;22282924
TRIPTI;KOBIETA;8;22282932
LORELAI;KOBIETA;8;22282940
DANELA;KOBIETA;8;22282948
GYULER;KOBIETA;8;22282956
MARYANNA;KOBIETA;8;22282964
PRASCOVIA;KOBIETA;7;22282971
VICTORYA;KOBIETA;7;22282978
JINKY;KOBIETA;7;22282985
FADIME;KOBIETA;7;22282992
THI HOAI;KOBIETA;7;22282999
ASRA;KOBIETA;7;22283006
TZLIL;KOBIETA;7;22283013
NAYEON;KOBIETA;7;22283020
MIRABEL;KOBIETA;7;22283027
ELIKA;KOBIETA;7;22283034
MALGOATA;KOBIETA;7;22283041
EYA;KOBIETA;7;22283048
YIMING;KOBIETA;7;22283055
DILOROM;KOBIETA;7;22283062
DURGA;KOBIETA;7;22283069
IVIETTA;KOBIETA;7;22283076
ANDILE;KOBIETA;7;22283083
DIORA;KOBIETA;7;22283090
SHIREL;KOBIETA;7;22283097
NERISSA;KOBIETA;7;22283104
RINI;KOBIETA;7;22283111
SELENAY;KOBIETA;7;22283118
MINODORA;KOBIETA;7;22283125
TETIIANA;KOBIETA;7;22283132
HYEYOUNG;KOBIETA;7;22283139
TENA;KOBIETA;7;22283146
PRATIMA;KOBIETA;7;22283153
SHUBHANGI;KOBIETA;7;22283160
LEISAN;KOBIETA;7;22283167
DARUNA;KOBIETA;7;22283174
SAVITA;KOBIETA;7;22283181
AISCHA;KOBIETA;7;22283188
RENI;KOBIETA;7;22283195
YUMEI;KOBIETA;7;22283202
SEUNG;KOBIETA;7;22283209
LIDOR;KOBIETA;7;22283216
ALIÉNOR;KOBIETA;7;22283223
KALI;KOBIETA;7;22283230
KLARITA;KOBIETA;7;22283237
MARIIA-MAHDALENA;KOBIETA;7;22283244
LEAL;KOBIETA;7;22283251
MAKHBUBA;KOBIETA;7;22283258
SEZEN;KOBIETA;7;22283265
THI HONG NHUNG;KOBIETA;7;22283272
ENA;KOBIETA;7;22283279
LUDA;KOBIETA;7;22283286
BECKY;KOBIETA;7;22283293
SZCZÊS£AWA;KOBIETA;7;22283300
MIZUKI;KOBIETA;7;22283307
ASPAZJA;KOBIETA;7;22283314
SUE;KOBIETA;7;22283321
ZIRKA;KOBIETA;7;22283328
INNES;KOBIETA;7;22283335
DELAL;KOBIETA;7;22283342
ZAIDA;KOBIETA;7;22283349
DOMINYKA;KOBIETA;7;22283356
VIKI;KOBIETA;7;22283363
SAWERA;KOBIETA;7;22283370
SVITOZARA;KOBIETA;7;22283377
LYALYA;KOBIETA;7;22283384
PUNAM;KOBIETA;7;22283391
HENRIKE;KOBIETA;7;22283398
RIDHI;KOBIETA;7;22283405
YEJI;KOBIETA;7;22283412
DORITA;KOBIETA;7;22283419
MESHI;KOBIETA;7;22283426
LIQIN;KOBIETA;7;22283433
ANSHIKA;KOBIETA;7;22283440
XUEMEI;KOBIETA;7;22283447
S£AWENTYNA;KOBIETA;7;22283454
ILUMINATA;KOBIETA;7;22283461
MAXIMILIANA;KOBIETA;7;22283468
TH? TÂM;KOBIETA;7;22283475
LAURENTYNA;KOBIETA;7;22283482
ROXY;KOBIETA;7;22283489
SHALOM;KOBIETA;7;22283496
WIENCZYS£AWA;KOBIETA;7;22283503
XIAOYUN;KOBIETA;7;22283510
TANISHA;KOBIETA;7;22283517
KIMI;KOBIETA;7;22283524
ALAIA;KOBIETA;7;22283531
PINA;KOBIETA;7;22283538
SZANDRA;KOBIETA;7;22283545
THANH HOA;KOBIETA;7;22283552
PYATIMAT;KOBIETA;7;22283559
JENNELYN;KOBIETA;7;22283566
KRZES£AWA;KOBIETA;7;22283573
SHAHNOZA;KOBIETA;7;22283580
AYCAN;KOBIETA;7;22283587
HUONG GIANG;KOBIETA;7;22283594
KRESTYNA;KOBIETA;7;22283601
ROSALBA;KOBIETA;7;22283608
PÄIVI;KOBIETA;7;22283615
ARPITA;KOBIETA;7;22283622
TACHMINA;KOBIETA;7;22283629
TILDA;KOBIETA;7;22283636
SEVAL;KOBIETA;7;22283643
WASILISA;KOBIETA;7;22283650
ANILA;KOBIETA;7;22283657
RAFA£A;KOBIETA;7;22283664
VEGA;KOBIETA;7;22283671
PINKY;KOBIETA;7;22283678
MARHO;KOBIETA;7;22283685
YIHUI;KOBIETA;7;22283692
MALHOZHATA;KOBIETA;7;22283699
DORCAS;KOBIETA;7;22283706
ADDISON;KOBIETA;7;22283713
MINAKSHI;KOBIETA;7;22283720
DOMINA;KOBIETA;7;22283727
SIA;KOBIETA;7;22283734
GILENA;KOBIETA;7;22283741
ELFI;KOBIETA;7;22283748
AIMÉE;KOBIETA;7;22283755
ANGÉLICA;KOBIETA;7;22283762
TH? HUY?N;KOBIETA;7;22283769
DAO;KOBIETA;7;22283776
BEYA;KOBIETA;7;22283783
ELISHA;KOBIETA;7;22283790
TAHEL;KOBIETA;7;22283797
ZAYNAB;KOBIETA;7;22283804
JULIKA;KOBIETA;7;22283811
TRISHA;KOBIETA;7;22283818
HELLA;KOBIETA;7;22283825
KIRIIA;KOBIETA;7;22283832
SAMYA;KOBIETA;7;22283839
JOANITA;KOBIETA;7;22283846
LIFEN;KOBIETA;7;22283853
LIUMYLA;KOBIETA;7;22283860
ASAKO;KOBIETA;7;22283867
DZHESIKA;KOBIETA;7;22283874
BEGIMAI;KOBIETA;7;22283881
SZANELA;KOBIETA;7;22283888
MILIJANA;KOBIETA;7;22283895
SOTERA;KOBIETA;7;22283902
JULETTA;KOBIETA;7;22283909
DENICE;KOBIETA;7;22283916
YOOJIN;KOBIETA;7;22283923
UNDRAKH;KOBIETA;7;22283930
SUMAIYA;KOBIETA;7;22283937
BOGUSLAWA;KOBIETA;7;22283944
TH? ANH;KOBIETA;7;22283951
TH? H?I;KOBIETA;7;22283958
NITSAN;KOBIETA;7;22283965
SHANVI;KOBIETA;7;22283972
MUZA;KOBIETA;7;22283979
SZYMONA;KOBIETA;7;22283986
HUIHUI;KOBIETA;7;22283993
MARIA CRISTINA;KOBIETA;7;22284000
NAGIHAN;KOBIETA;7;22284007
TAVIFA;KOBIETA;7;22284014
ZEHAVIT;KOBIETA;7;22284021
EVI;KOBIETA;7;22284028
GULJAHAN;KOBIETA;7;22284035
MAILA;KOBIETA;7;22284042
JIAWEN;KOBIETA;7;22284049
EMMIE;KOBIETA;7;22284056
ANNA-DIANA;KOBIETA;7;22284063
ELVAN;KOBIETA;7;22284070
LIMA;KOBIETA;7;22284077
YOHANNA;KOBIETA;7;22284084
ANNE-CHARLOTTE;KOBIETA;7;22284091
DOMAS£AWA;KOBIETA;7;22284098
PERPETUA;KOBIETA;7;22284105
EKTA;KOBIETA;7;22284112
ZORJANA;KOBIETA;7;22284119
MICAH;KOBIETA;7;22284126
BERRA;KOBIETA;7;22284133
JULYA;KOBIETA;7;22284140
SOUAD;KOBIETA;7;22284147
OFER;KOBIETA;7;22284154
RUSHANA;KOBIETA;7;22284161
ENKHJIN;KOBIETA;7;22284168
KORIN;KOBIETA;7;22284175
ERNESTINE;KOBIETA;7;22284182
EDWIGE;KOBIETA;7;22284189
KAITLIN;KOBIETA;7;22284196
NIZAN;KOBIETA;7;22284203
THI QUYNH;KOBIETA;7;22284210
SUMEYA;KOBIETA;7;22284217
WIKTORIYA;KOBIETA;7;22284224
HAO;KOBIETA;7;22284231
PATRYNA;KOBIETA;7;22284238
TEHILA;KOBIETA;7;22284245
FENNA;KOBIETA;7;22284252
THI THUY HANG;KOBIETA;7;22284259
ANDELA;KOBIETA;7;22284266
KEZBAN;KOBIETA;7;22284273
CLOÉ;KOBIETA;7;22284280
DANGOLA;KOBIETA;7;22284287
THÚY;KOBIETA;7;22284294
ANNY;KOBIETA;7;22284301
VELERIIA;KOBIETA;7;22284308
ELIMA;KOBIETA;7;22284315
ROXSANA;KOBIETA;7;22284322
YOSHIKO;KOBIETA;7;22284329
MILO;KOBIETA;7;22284336
KAZUMI;KOBIETA;7;22284343
NILAM;KOBIETA;7;22284350
JI HYUN;KOBIETA;7;22284357
AGLAJA;KOBIETA;7;22284364
MÎNDRA;KOBIETA;7;22284371
BERIL;KOBIETA;7;22284378
NANNA;KOBIETA;7;22284385
ROCIS£AWA;KOBIETA;7;22284392
THÉR?SE;KOBIETA;7;22284399
OLVIIA;KOBIETA;7;22284406
LEA-MARIE;KOBIETA;7;22284413
WIRGILIA;KOBIETA;7;22284420
MARYIANA;KOBIETA;7;22284427
LÃCRÃMIOARA;KOBIETA;7;22284434
VARDO;KOBIETA;7;22284441
RYNATA;KOBIETA;7;22284448
M?R?TE;KOBIETA;7;22284455
ARDAK;KOBIETA;7;22284462
YINUO;KOBIETA;7;22284469
IMENE;KOBIETA;7;22284476
RÓZA;KOBIETA;7;22284483
ELISHEVA;KOBIETA;7;22284490
AMIRAH;KOBIETA;7;22284497
LAZZAT;KOBIETA;7;22284504
DILSHAD;KOBIETA;7;22284511
ILA;KOBIETA;7;22284518
RITAL;KOBIETA;7;22284525
NDEYE;KOBIETA;7;22284532
JOLENTYNA;KOBIETA;7;22284539
EDEL;KOBIETA;7;22284546
PAIDAMOYO;KOBIETA;7;22284553
GODA;KOBIETA;7;22284560
GAELLE;KOBIETA;7;22284567
ORYAN;KOBIETA;7;22284574
DZHESSIKA;KOBIETA;7;22284581
ALMAGUL;KOBIETA;7;22284588
SUJITHA;KOBIETA;7;22284595
XUEPING;KOBIETA;7;22284602
?D?L;KOBIETA;7;22284609
GIUSY;KOBIETA;7;22284616
REIKO;KOBIETA;7;22284623
OLIVIJA;KOBIETA;7;22284630
PELEG;KOBIETA;7;22284637
LIAD;KOBIETA;7;22284644
ASTRIT;KOBIETA;7;22284651
NALINI;KOBIETA;7;22284658
TADZIA;KOBIETA;7;22284665
SEÇIL;KOBIETA;7;22284672
MILIA;KOBIETA;7;22284679
ANDRZEJKA;KOBIETA;7;22284686
D¯ENNET;KOBIETA;7;22284693
AIDAN;KOBIETA;7;22284700
DORON;KOBIETA;7;22284707
MAGDOLNA;KOBIETA;7;22284714
TH?Y;KOBIETA;7;22284721
NGOC LAN;KOBIETA;7;22284728
ABIMBOLA;KOBIETA;7;22284735
SAWSAN;KOBIETA;7;22284742
SHAMISO;KOBIETA;7;22284749
HIMANI;KOBIETA;7;22284756
SHAHANA;KOBIETA;7;22284763
ANUPAMA;KOBIETA;7;22284770
CÁTIA;KOBIETA;7;22284777
SOLOMIIA-MARIIA;KOBIETA;7;22284784
PUSHPA;KOBIETA;7;22284791
AYLAR;KOBIETA;7;22284798
THI KIM;KOBIETA;7;22284805
BINH;KOBIETA;7;22284812
HILLY;KOBIETA;7;22284819
KIAMALE;KOBIETA;7;22284826
DESIRE;KOBIETA;7;22284833
RADYSLAVA;KOBIETA;7;22284840
DILA;KOBIETA;7;22284847
MAHIRA;KOBIETA;7;22284854
TYRA;KOBIETA;7;22284861
EMILLA;KOBIETA;7;22284868
THI KIM DUNG;KOBIETA;7;22284875
STAMATIA;KOBIETA;7;22284882
MIRABELLE;KOBIETA;7;22284889
LUONG;KOBIETA;7;22284896
RADOSLAVA;KOBIETA;7;22284903
EIKO;KOBIETA;7;22284910
DUONG;KOBIETA;7;22284917
JAN;KOBIETA;7;22284924
PASCHALINA;KOBIETA;7;22284931
ANTONIJA;KOBIETA;7;22284938
HANYU;KOBIETA;7;22284945
GIEDR?;KOBIETA;7;22284952
NESRINE;KOBIETA;7;22284959
KALERIA;KOBIETA;7;22284966
MANIZHA;KOBIETA;7;22284973
DEJZI;KOBIETA;7;22284980
JOLETA;KOBIETA;7;22284987
SHAIMA;KOBIETA;7;22284994
LUKA;KOBIETA;7;22285001
MISCHA;KOBIETA;7;22285008
ROMELLA;KOBIETA;7;22285015
PARASKEWI;KOBIETA;7;22285022
FENIA;KOBIETA;7;22285029
MASCHA;KOBIETA;7;22285036
APOLINA;KOBIETA;7;22285043
HUGUETTE;KOBIETA;7;22285050
YASAMAN;KOBIETA;7;22285057
THI PHUC;KOBIETA;7;22285064
ABIGAEL;KOBIETA;7;22285071
NURGÜL;KOBIETA;7;22285078
FIKRIE;KOBIETA;7;22285085
TERESE;KOBIETA;7;22285092
RUPA;KOBIETA;7;22285099
LIGITA;KOBIETA;7;22285106
WALERIANNA;KOBIETA;7;22285113
SITONG;KOBIETA;7;22285120
Ç??DEM;KOBIETA;7;22285127
CHONA;KOBIETA;7;22285134
YUFENG;KOBIETA;7;22285141
NOËLLE;KOBIETA;7;22285148
TEFÁNIA;KOBIETA;7;22285155
ZHAINA;KOBIETA;7;22285162
NATASA;KOBIETA;7;22285169
SIMINA;KOBIETA;7;22285176
ADEOLA;KOBIETA;7;22285183
TSAGHIK;KOBIETA;7;22285190
ADÉL;KOBIETA;7;22285197
VERSAVIIA;KOBIETA;7;22285204
NERGIS;KOBIETA;7;22285211
PERI;KOBIETA;7;22285218
ROZYTA;KOBIETA;7;22285225
LYANA;KOBIETA;7;22285232
CZESLAWA;KOBIETA;7;22285239
ANNELORE;KOBIETA;7;22285246
NESIBE;KOBIETA;7;22285253
DIMITRINA;KOBIETA;7;22285260
NIE¯YNA;KOBIETA;7;22285267
MIRIT;KOBIETA;7;22285274
RAVEN;KOBIETA;7;22285281
VIRSAVIYA;KOBIETA;7;22285288
ANDRIYANA;KOBIETA;7;22285295
EVILINA;KOBIETA;7;22285302
DYNA;KOBIETA;7;22285309
KÛBRA;KOBIETA;7;22285316
MIRANA;KOBIETA;7;22285323
TERESITA;KOBIETA;7;22285330
VÉRONIKA;KOBIETA;7;22285337
SIGNE;KOBIETA;7;22285344
ANDROMEDA;KOBIETA;7;22285351
JACKLINE;KOBIETA;7;22285358
NEGIN;KOBIETA;7;22285365
BRITNEY;KOBIETA;7;22285372
VIJAYALAKSHMI;KOBIETA;7;22285379
DUNYA;KOBIETA;7;22285386
BEIBEI;KOBIETA;7;22285393
AGNÉS;KOBIETA;7;22285400
CORDELIA;KOBIETA;7;22285407
ADALIA;KOBIETA;7;22285414
AZADEH;KOBIETA;7;22285421
MARL?NE;KOBIETA;7;22285428
WASYLINA;KOBIETA;7;22285435
MIYOUNG;KOBIETA;7;22285442
MANYA;KOBIETA;7;22285449
JENI;KOBIETA;7;22285456
VIKTOR;KOBIETA;7;22285463
BEATRICZE;KOBIETA;7;22285470
STASIA;KOBIETA;7;22285477
CHIRA;KOBIETA;7;22285484
OKSANNA;KOBIETA;7;22285491
CRISTY;KOBIETA;7;22285498
PERNILLE;KOBIETA;7;22285505
CAMELLIA;KOBIETA;7;22285512
TEMITOPE;KOBIETA;7;22285519
RÓ¯ENA;KOBIETA;7;22285526
YULAN;KOBIETA;7;22285533
TERÉZIA;KOBIETA;7;22285540
TAHANI;KOBIETA;7;22285547
USTSINNIA;KOBIETA;7;22285554
KELLI;KOBIETA;7;22285561
ANJELICA;KOBIETA;7;22285568
VANSHIKA;KOBIETA;7;22285575
BISERKA;KOBIETA;7;22285582
AVIHEIA;KOBIETA;7;22285589
MA£GORZTA;KOBIETA;7;22285596
KURALAY;KOBIETA;7;22285603
ABI;KOBIETA;7;22285610
TÌPÁNKA;KOBIETA;7;22285617
SANGEETA;KOBIETA;7;22285624
GIGI;KOBIETA;7;22285631
VELICHKA;KOBIETA;7;22285638
ANAISHA;KOBIETA;7;22285645
ARPI;KOBIETA;7;22285652
DARIMA;KOBIETA;7;22285659
ENRICA;KOBIETA;7;22285666
LIUSIIA;KOBIETA;7;22285673
ASJA;KOBIETA;7;22285680
ANGELES;KOBIETA;7;22285687
ZULFIYYA;KOBIETA;7;22285694
IEVGENIA;KOBIETA;7;22285701
SISSY;KOBIETA;7;22285708
ANNELIESA;KOBIETA;7;22285715
XIUPING;KOBIETA;7;22285722
SIIANA;KOBIETA;7;22285729
PETIA;KOBIETA;7;22285736
YEªIM;KOBIETA;7;22285743
NATLIIA;KOBIETA;7;22285750
YANMEI;KOBIETA;7;22285757
HELOISE;KOBIETA;7;22285764
EFTHYMIA;KOBIETA;7;22285771
VIKTORIIA-ANNA;KOBIETA;7;22285778
ANINA;KOBIETA;7;22285785
LEFTERIA;KOBIETA;7;22285792
SZAKIRA;KOBIETA;7;22285799
IRUNA;KOBIETA;7;22285806
KANISHKA;KOBIETA;7;22285813
CHAIMAA;KOBIETA;7;22285820
MIYU;KOBIETA;7;22285827
FIRDAUS;KOBIETA;7;22285834
VLADANA;KOBIETA;7;22285841
PARASKOVIA;KOBIETA;7;22285848
BOGDANKA;KOBIETA;7;22285855
WIENIS£AWA;KOBIETA;7;22285862
SABITA;KOBIETA;7;22285869
SIDDHI;KOBIETA;7;22285876
STEPHANI;KOBIETA;7;22285883
LINDITA;KOBIETA;7;22285890
ESTRELLA;KOBIETA;7;22285897
ARJETA;KOBIETA;7;22285904
ALIPIIA;KOBIETA;7;22285911
SOWJANYA;KOBIETA;7;22285918
RIBANA;KOBIETA;7;22285925
PH??NG TH?O;KOBIETA;7;22285932
GRETE;KOBIETA;7;22285939
FABIANE;KOBIETA;7;22285946
ANDRIJANA;KOBIETA;7;22285953
SIMONETTA;KOBIETA;7;22285960
CHISOM;KOBIETA;7;22285967
EVERLY;KOBIETA;7;22285974
THU HANG;KOBIETA;7;22285981
REZEDA;KOBIETA;7;22285988
SOFIO;KOBIETA;7;22285995
MUKADDAS;KOBIETA;7;22286002
NAZMIYE;KOBIETA;7;22286009
MAILIN;KOBIETA;7;22286016
HOAN;KOBIETA;7;22286023
AANYA;KOBIETA;7;22286030
VENDULA;KOBIETA;7;22286037
SUPARNA;KOBIETA;7;22286044
JIAYU;KOBIETA;7;22286051
DAYA;KOBIETA;7;22286058
IDZIA;KOBIETA;7;22286065
ANH TH?;KOBIETA;7;22286072
BENEDICTA;KOBIETA;7;22286079
OLHA-MARIIA;KOBIETA;7;22286086
TAMAM;KOBIETA;7;22286093
IANNA;KOBIETA;7;22286100
MARIOLLA;KOBIETA;7;22286107
THI THANH HUONG;KOBIETA;7;22286114
AWIETA;KOBIETA;7;22286121
HARLEEN;KOBIETA;7;22286128
ETIENNETTE;KOBIETA;7;22286135
TUNGALAG;KOBIETA;7;22286142
HOAI AN;KOBIETA;7;22286149
NANDHINI;KOBIETA;7;22286156
KETRIN;KOBIETA;7;22286163
NATHALI;KOBIETA;7;22286170
AIANA;KOBIETA;7;22286177
ªTEFANIA;KOBIETA;7;22286184
YLENIA;KOBIETA;7;22286191
CHITRA;KOBIETA;7;22286198
ANTONYNA;KOBIETA;7;22286205
THI PHUONG ANH;KOBIETA;7;22286212
YIRU;KOBIETA;7;22286219
SUNYOUNG;KOBIETA;7;22286226
MARINELLA;KOBIETA;7;22286233
RAJSA;KOBIETA;7;22286240
OTTILIA;KOBIETA;7;22286247
MINDLA;KOBIETA;7;22286254
SUNHEE;KOBIETA;7;22286261
DIANITA;KOBIETA;7;22286268
Y?N;KOBIETA;7;22286275
BEYZANUR;KOBIETA;7;22286282
MAHDALINA;KOBIETA;7;22286289
ASTEYA;KOBIETA;7;22286296
ERDENECHIMEG;KOBIETA;7;22286303
SATOKO;KOBIETA;7;22286310
ANNASTASIA;KOBIETA;7;22286317
SAFAE;KOBIETA;7;22286324
BHAWNA;KOBIETA;7;22286331
AGNI;KOBIETA;7;22286338
ERICKA;KOBIETA;7;22286345
YEJIN;KOBIETA;7;22286352
AYMANI;KOBIETA;7;22286359
LAIS;KOBIETA;7;22286366
SANOBAR;KOBIETA;7;22286373
TAYLA;KOBIETA;7;22286380
QU?NH ANH;KOBIETA;7;22286387
TH? H?A;KOBIETA;7;22286394
HANANE;KOBIETA;7;22286401
GULSHAT;KOBIETA;7;22286408
MAKBULE;KOBIETA;7;22286415
MANITA;KOBIETA;7;22286422
WELIKA;KOBIETA;7;22286429
RUMIIA;KOBIETA;7;22286436
HANEN;KOBIETA;7;22286443
SYLWERIA;KOBIETA;7;22286450
KAPITALINA;KOBIETA;7;22286457
PABITRA;KOBIETA;7;22286464
NINON;KOBIETA;7;22286471
BAO HAN;KOBIETA;7;22286478
FATOU;KOBIETA;7;22286485
ISRA;KOBIETA;7;22286492
AKNIYET;KOBIETA;7;22286499
JAZMINE;KOBIETA;7;22286506
KARINA-MARIIA;KOBIETA;7;22286513
IRMTRAUT;KOBIETA;7;22286520
CARISSA;KOBIETA;7;22286527
INEZJA;KOBIETA;7;22286534
TAYISIIA;KOBIETA;7;22286541
ZHU;KOBIETA;7;22286548
MARIIA-ANHELINA;KOBIETA;7;22286555
AURELLA;KOBIETA;7;22286562
ANA CATARINA;KOBIETA;7;22286569
ETLA;KOBIETA;7;22286576
HEDVIG;KOBIETA;7;22286583
ELIZABETE;KOBIETA;7;22286590
ARNELA;KOBIETA;7;22286597
KYONG HUI;KOBIETA;7;22286604
YUDITH;KOBIETA;7;22286611
MUBARIK;KOBIETA;7;22286618
CHERUBINA;KOBIETA;7;22286625
AIVA;KOBIETA;7;22286632
ELYA;KOBIETA;7;22286639
TEOFANIA;KOBIETA;7;22286646
RIN;KOBIETA;7;22286653
TH? BÍCH NG?C;KOBIETA;7;22286660
TZIPORA;KOBIETA;7;22286667
SNEHAL;KOBIETA;7;22286674
EVGENIJA;KOBIETA;7;22286681
THI THUONG;KOBIETA;7;22286688
YAELI;KOBIETA;7;22286695
NEVYANA;KOBIETA;7;22286702
PRUDENCE;KOBIETA;7;22286709
RIPSIME;KOBIETA;7;22286716
MAKSYMA;KOBIETA;7;22286723
GABRIJELA;KOBIETA;7;22286730
AYOMIDE;KOBIETA;7;22286737
THI NGOAN;KOBIETA;7;22286744
ILYANA;KOBIETA;7;22286751
ROSELI;KOBIETA;7;22286758
AMRUTA;KOBIETA;7;22286765
SIERAFIMA;KOBIETA;7;22286772
MEAGAN;KOBIETA;7;22286779
NASREEN;KOBIETA;7;22286786
ZANE;KOBIETA;7;22286793
KHONGORZUL;KOBIETA;7;22286800
JANNET;KOBIETA;7;22286807
MARIANTHI;KOBIETA;7;22286814
L?SMA;KOBIETA;7;22286821
WU;KOBIETA;7;22286828
TOLGANAY;KOBIETA;7;22286835
SHAHNAZ;KOBIETA;7;22286842
VICTÓRIA;KOBIETA;7;22286849
JIHANE;KOBIETA;7;22286856
NURLANA;KOBIETA;7;22286863
LUMI;KOBIETA;7;22286870
MAKSIMA;KOBIETA;7;22286877
GUNJAN;KOBIETA;7;22286884
MADIHA;KOBIETA;7;22286891
KHANH VY;KOBIETA;7;22286898
CUC;KOBIETA;7;22286905
ROSY;KOBIETA;7;22286912
HEDDA;KOBIETA;7;22286919
SAKI;KOBIETA;7;22286926
SHUYAN;KOBIETA;7;22286933
AMINAH;KOBIETA;7;22286940
YELIZABETA;KOBIETA;7;22286947
ELVIE;KOBIETA;7;22286954
ESMANUR;KOBIETA;7;22286961
NADIEZDA;KOBIETA;7;22286968
JAYOUNG;KOBIETA;7;22286975
SUNG;KOBIETA;7;22286982
ÉLISE;KOBIETA;7;22286989
EVANTHIA;KOBIETA;7;22286996
REINHILDA;KOBIETA;7;22287003
ROZYNA;KOBIETA;7;22287010
ZAKIA;KOBIETA;7;22287017
APSANA;KOBIETA;7;22287024
ALTANTUYA;KOBIETA;7;22287031
JOËLLE;KOBIETA;7;22287038
VARDANUSH;KOBIETA;7;22287045
BIEATA;KOBIETA;7;22287052
NOZOMI;KOBIETA;7;22287059
LESIIA;KOBIETA;7;22287066
ALLYSON;KOBIETA;7;22287073
MIKAELLA;KOBIETA;7;22287080
MARICAR;KOBIETA;7;22287087
GABRYSIA;KOBIETA;7;22287094
EILIDH;KOBIETA;7;22287101
KRITIKA;KOBIETA;7;22287108
CHINYERE;KOBIETA;7;22287115
VALYA;KOBIETA;7;22287122
RAIISA;KOBIETA;7;22287129
NIDIA;KOBIETA;7;22287136
ORIANE;KOBIETA;7;22287143
DAMILOLA;KOBIETA;7;22287150
ANHELA;KOBIETA;7;22287157
TSVETELINA;KOBIETA;7;22287164
SAFIYAH;KOBIETA;7;22287171
NUSRAT;KOBIETA;7;22287178
DARIANNA;KOBIETA;7;22287185
ERISA;KOBIETA;7;22287192
LEONCJA;KOBIETA;7;22287199
RHIANNA;KOBIETA;7;22287206
ZAHIDE;KOBIETA;7;22287213
LIUDVIHA;KOBIETA;7;22287220
HA VY;KOBIETA;7;22287227
MAGDALINI;KOBIETA;7;22287234
KARMA;KOBIETA;7;22287241
GURPREET;KOBIETA;7;22287248
PH??NG LINH;KOBIETA;7;22287255
JINGYUAN;KOBIETA;7;22287262
ASIE;KOBIETA;7;22287269
MA£GOSIA;KOBIETA;7;22287276
ANUSHREE;KOBIETA;7;22287283
ANUKI;KOBIETA;7;22287290
TH? VÂN ANH;KOBIETA;7;22287297
GULCHEKHRA;KOBIETA;7;22287304
THU H?;KOBIETA;7;22287311
HUBERTA;KOBIETA;7;22287318
KAROL;KOBIETA;7;22287325
WASILINA;KOBIETA;7;22287332
ILHAMA;KOBIETA;7;22287339
JASMEET;KOBIETA;7;22287346
MINERVA;KOBIETA;7;22287353
RHONDA;KOBIETA;7;22287360
EDELTRUD;KOBIETA;7;22287367
WOJS£AWA;KOBIETA;7;22287374
ALLY;KOBIETA;7;22287381
PELAGEIA;KOBIETA;7;22287388
AYANO;KOBIETA;7;22287395
TULASI;KOBIETA;7;22287402
ZORANA;KOBIETA;7;22287409
TERRY;KOBIETA;7;22287416
KATO;KOBIETA;7;22287423
SHUKRONA;KOBIETA;7;22287430
RAVINA;KOBIETA;7;22287437
XIAOFEN;KOBIETA;7;22287444
TAN;KOBIETA;7;22287451
SAUL?;KOBIETA;7;22287458
GILAT;KOBIETA;7;22287465
THI THOM;KOBIETA;7;22287472
INMACULADA;KOBIETA;7;22287479
KUDZAISHE;KOBIETA;7;22287486
BINITA;KOBIETA;7;22287493
BINDU;KOBIETA;7;22287500
LIUTSYIA;KOBIETA;7;22287507
JOLITTA;KOBIETA;7;22287514
JARINA;KOBIETA;7;22287521
SAGE;KOBIETA;7;22287528
VUSALE;KOBIETA;7;22287535
DANGUOL?;KOBIETA;7;22287542
SEVERINE;KOBIETA;7;22287549
RACHELI;KOBIETA;7;22287556
RELA;KOBIETA;7;22287563
WEILI;KOBIETA;7;22287570
KAMOLA;KOBIETA;7;22287577
OTGONJARGAL;KOBIETA;7;22287584
HOAI;KOBIETA;7;22287591
NIONILA;KOBIETA;7;22287598
NICOLI;KOBIETA;7;22287605
SOPHIKO;KOBIETA;7;22287612
SANDI;KOBIETA;7;22287619
SARMILA;KOBIETA;7;22287626
THUY TRANG;KOBIETA;7;22287633
HO;KOBIETA;7;22287640
ERITA;KOBIETA;7;22287647
ARI;KOBIETA;7;22287654
MARIIA-SOLOMIIA;KOBIETA;7;22287661
TH? THU H??NG;KOBIETA;7;22287668
SHIYU;KOBIETA;7;22287675
KETERYNA;KOBIETA;7;22287682
YEUDAKIYA;KOBIETA;7;22287689
YANISLAVA;KOBIETA;7;22287696
XIAOTONG;KOBIETA;7;22287703
RACHEAL;KOBIETA;7;22287710
AMRUTHA;KOBIETA;7;22287717
LEDA;KOBIETA;7;22287724
THI LAM;KOBIETA;7;22287731
BOUCHRA;KOBIETA;7;22287738
KEISHA;KOBIETA;7;22287745
BERNADETH;KOBIETA;7;22287752
YAHEL;KOBIETA;7;22287759
ROM;KOBIETA;7;22287766
EFROSINIA;KOBIETA;7;22287773
AYNURA;KOBIETA;7;22287780
BEYZA NUR;KOBIETA;7;22287787
SENAY;KOBIETA;7;22287794
JOSIE;KOBIETA;7;22287801
HENDRIKA;KOBIETA;7;22287808
HIRA;KOBIETA;7;22287815
VIENNA;KOBIETA;7;22287822
NAD?GE;KOBIETA;7;22287829
DOLGOR;KOBIETA;7;22287836
REBECKA;KOBIETA;7;22287843
LUCYLLIA;KOBIETA;7;22287850
¯ENATA;KOBIETA;7;22287857
CECELIA;KOBIETA;7;22287864
ILENA;KOBIETA;7;22287871
PRERNA;KOBIETA;7;22287878
LIGA;KOBIETA;7;22287885
TIETIANA;KOBIETA;7;22287892
SAM;KOBIETA;7;22287899
SANAE;KOBIETA;7;22287906
EZECHIELA;KOBIETA;7;22287913
CAMERON;KOBIETA;7;22287920
ALANNAH;KOBIETA;7;22287927
ESTEL;KOBIETA;7;22287934
LÍA;KOBIETA;7;22287941
ARJA;KOBIETA;7;22287948
KHAOULA;KOBIETA;7;22287955
BIRUT?;KOBIETA;7;22287962
LIZETTE;KOBIETA;7;22287969
KYMBAT;KOBIETA;7;22287976
LUITGARDA;KOBIETA;7;22287983
DOLLY;KOBIETA;7;22287990
LILIIA-MARIIA;KOBIETA;7;22287997
AIN;KOBIETA;7;22288004
KAJRA;KOBIETA;7;22288011
KASHA;KOBIETA;7;22288018
LIBERATA;KOBIETA;7;22288025
BIBIJANNA;KOBIETA;7;22288032
JANETE;KOBIETA;7;22288039
JU;KOBIETA;7;22288046
MARKETA;KOBIETA;7;22288053
MILLENIA;KOBIETA;7;22288060
DILBAR;KOBIETA;7;22288067
ROSEANNA;KOBIETA;7;22288074
AFRODITA;KOBIETA;7;22288081
EYNAT;KOBIETA;7;22288088
ANISIYA;KOBIETA;6;22288094
SAIANA;KOBIETA;6;22288100
KAMIL?;KOBIETA;6;22288106
SACHA;KOBIETA;6;22288112
ORNIT;KOBIETA;6;22288118
LOI;KOBIETA;6;22288124
KHURAMAN;KOBIETA;6;22288130
MEKHRIBAN;KOBIETA;6;22288136
ROJDA;KOBIETA;6;22288142
DAEUN;KOBIETA;6;22288148
AVHUSTINA;KOBIETA;6;22288154
WENLI;KOBIETA;6;22288160
BERIT;KOBIETA;6;22288166
DISHA;KOBIETA;6;22288172
NECHA;KOBIETA;6;22288178
FANA;KOBIETA;6;22288184
MARETTA;KOBIETA;6;22288190
MICHÉLE;KOBIETA;6;22288196
ZHIHAN;KOBIETA;6;22288202
JIAYING;KOBIETA;6;22288208
NUFAR;KOBIETA;6;22288214
TRISH;KOBIETA;6;22288220
SANDEEP;KOBIETA;6;22288226
SHOLPAN;KOBIETA;6;22288232
ZELAL;KOBIETA;6;22288238
BENITHA;KOBIETA;6;22288244
ZEINEP;KOBIETA;6;22288250
ZAHRAA;KOBIETA;6;22288256
RAIMONDA;KOBIETA;6;22288262
KHANIM;KOBIETA;6;22288268
CLODAGH;KOBIETA;6;22288274
AKHILA;KOBIETA;6;22288280
SEVG?;KOBIETA;6;22288286
PHUONG LAN;KOBIETA;6;22288292
UGOCHI;KOBIETA;6;22288298
SHAHAD;KOBIETA;6;22288304
DALENA;KOBIETA;6;22288310
BÍCH;KOBIETA;6;22288316
VALIA;KOBIETA;6;22288322
IVIL?;KOBIETA;6;22288328
MOMOKA;KOBIETA;6;22288334
NERI;KOBIETA;6;22288340
ERDENETSETSEG;KOBIETA;6;22288346
IRYNA-MARIIA;KOBIETA;6;22288352
IAROSLAVNA;KOBIETA;6;22288358
ZVENYSLAVA;KOBIETA;6;22288364
DAIN;KOBIETA;6;22288370
SABREEN;KOBIETA;6;22288376
MARIDA;KOBIETA;6;22288382
TUUL;KOBIETA;6;22288388
DORTHE;KOBIETA;6;22288394
TH? CHUNG;KOBIETA;6;22288400
JACQUELIN;KOBIETA;6;22288406
IDAN;KOBIETA;6;22288412
SABIHA;KOBIETA;6;22288418
LUSY;KOBIETA;6;22288424
ITALIA;KOBIETA;6;22288430
THI THANH VAN;KOBIETA;6;22288436
ASIL;KOBIETA;6;22288442
PIRJO;KOBIETA;6;22288448
AMARIS;KOBIETA;6;22288454
SHOVA;KOBIETA;6;22288460
SHENAY;KOBIETA;6;22288466
JENA;KOBIETA;6;22288472
SHANELL;KOBIETA;6;22288478
NIKOLLA;KOBIETA;6;22288484
ZILIA;KOBIETA;6;22288490
BINGBING;KOBIETA;6;22288496
MILITA;KOBIETA;6;22288502
LILY-ROSE;KOBIETA;6;22288508
PRATIBHA;KOBIETA;6;22288514
LÉONIE;KOBIETA;6;22288520
HADIJA;KOBIETA;6;22288526
ZENOIDA;KOBIETA;6;22288532
EUN JUNG;KOBIETA;6;22288538
LYUBAVA;KOBIETA;6;22288544
SHARI;KOBIETA;6;22288550
BEVERLEY;KOBIETA;6;22288556
FADILA;KOBIETA;6;22288562
KANYKEI;KOBIETA;6;22288568
PATRICIE;KOBIETA;6;22288574
MARGOTT;KOBIETA;6;22288580
BALA;KOBIETA;6;22288586
DOMKA;KOBIETA;6;22288592
GERARDINA;KOBIETA;6;22288598
MUNKHTSETSEG;KOBIETA;6;22288604
RANITA;KOBIETA;6;22288610
JAIME;KOBIETA;6;22288616
ANELA;KOBIETA;6;22288622
GEREL;KOBIETA;6;22288628
DELILA;KOBIETA;6;22288634
MARIGONA;KOBIETA;6;22288640
L?GA;KOBIETA;6;22288646
ROMKA;KOBIETA;6;22288652
NELJA;KOBIETA;6;22288658
NHAT LINH;KOBIETA;6;22288664
SHRIYA;KOBIETA;6;22288670
RAHIME;KOBIETA;6;22288676
BLESSED;KOBIETA;6;22288682
ZIXUAN;KOBIETA;6;22288688
HALELI;KOBIETA;6;22288694
KOMANG;KOBIETA;6;22288700
REIKA;KOBIETA;6;22288706
KÜBRANUR;KOBIETA;6;22288712
HONOKA;KOBIETA;6;22288718
MINH PHUONG;KOBIETA;6;22288724
NIJOLE;KOBIETA;6;22288730
SÜHEYLA;KOBIETA;6;22288736
TH? AN;KOBIETA;6;22288742
KONSTANTSIIA;KOBIETA;6;22288748
TH? B?NH;KOBIETA;6;22288754
CELESTINA;KOBIETA;6;22288760
XIAOLU;KOBIETA;6;22288766
AVNI;KOBIETA;6;22288772
HIZELLA;KOBIETA;6;22288778
GOSHA;KOBIETA;6;22288784
SUWEI;KOBIETA;6;22288790
ANDZELA;KOBIETA;6;22288796
AMYRA;KOBIETA;6;22288802
DIETLINDA;KOBIETA;6;22288808
RABIJA;KOBIETA;6;22288814
HADEEL;KOBIETA;6;22288820
ALINA-ELENA;KOBIETA;6;22288826
THI HONG VAN;KOBIETA;6;22288832
ZAHARA;KOBIETA;6;22288838
STEFA;KOBIETA;6;22288844
UN HUI;KOBIETA;6;22288850
BETTI;KOBIETA;6;22288856
CHAU;KOBIETA;6;22288862
ÉRICA;KOBIETA;6;22288868
TAKUDZWA;KOBIETA;6;22288874
D?LA;KOBIETA;6;22288880
AJSZAT;KOBIETA;6;22288886
¯OR¯ETA;KOBIETA;6;22288892
MYKHALINA;KOBIETA;6;22288898
JACKIE;KOBIETA;6;22288904
ANASTASIAE;KOBIETA;6;22288910
SARU;KOBIETA;6;22288916
PRAISE;KOBIETA;6;22288922
SIMAY;KOBIETA;6;22288928
HANAH;KOBIETA;6;22288934
NOHA;KOBIETA;6;22288940
VERONA;KOBIETA;6;22288946
FE;KOBIETA;6;22288952
GIANA;KOBIETA;6;22288958
HERMELA;KOBIETA;6;22288964
RAKHILA;KOBIETA;6;22288970
AIJA;KOBIETA;6;22288976
MIELANIIA;KOBIETA;6;22288982
ORIA;KOBIETA;6;22288988
GO£DA;KOBIETA;6;22288994
THUY ANH;KOBIETA;6;22289000
UMI;KOBIETA;6;22289006
LIZBETH;KOBIETA;6;22289012
REINE;KOBIETA;6;22289018
AMA;KOBIETA;6;22289024
SANATA;KOBIETA;6;22289030
VISHAKHA;KOBIETA;6;22289036
RALITSA;KOBIETA;6;22289042
MANEL;KOBIETA;6;22289048
DELICE;KOBIETA;6;22289054
ELIIA;KOBIETA;6;22289060
H?NG;KOBIETA;6;22289066
SHAFIGA;KOBIETA;6;22289072
SIJIA;KOBIETA;6;22289078
LEV;KOBIETA;6;22289084
AMERICA;KOBIETA;6;22289090
SASHKA;KOBIETA;6;22289096
THU HUYEN;KOBIETA;6;22289102
REMA;KOBIETA;6;22289108
AIBANIZ;KOBIETA;6;22289114
DOSIA;KOBIETA;6;22289120
SORIANA;KOBIETA;6;22289126
SHIREEN;KOBIETA;6;22289132
ZI;KOBIETA;6;22289138
KLAUDIE;KOBIETA;6;22289144
LIONELLA;KOBIETA;6;22289150
SAVA;KOBIETA;6;22289156
LAMIYA;KOBIETA;6;22289162
ELYZAWETA;KOBIETA;6;22289168
KHAVRA;KOBIETA;6;22289174
AINAGUL;KOBIETA;6;22289180
SVET£ANA;KOBIETA;6;22289186
THI TRA MY;KOBIETA;6;22289192
LIDIANA;KOBIETA;6;22289198
POORNIMA;KOBIETA;6;22289204
MERLIN;KOBIETA;6;22289210
LIZETA;KOBIETA;6;22289216
DEENA;KOBIETA;6;22289222
BISAN;KOBIETA;6;22289228
AMBROZJA;KOBIETA;6;22289234
KEZIBAN;KOBIETA;6;22289240
JOWANA;KOBIETA;6;22289246
TURANA;KOBIETA;6;22289252
LIZETTA;KOBIETA;6;22289258
AVIN;KOBIETA;6;22289264
SHITAL;KOBIETA;6;22289270
CÄCILIE;KOBIETA;6;22289276
EWITA;KOBIETA;6;22289282
REGIANE;KOBIETA;6;22289288
ELISABETE;KOBIETA;6;22289294
GWENDOLYN;KOBIETA;6;22289300
ZAYA;KOBIETA;6;22289306
BEBA;KOBIETA;6;22289312
OCEANE;KOBIETA;6;22289318
SOMA;KOBIETA;6;22289324
ODGEREL;KOBIETA;6;22289330
KAYO;KOBIETA;6;22289336
ORLANDA;KOBIETA;6;22289342
PARVIN;KOBIETA;6;22289348
HONGYU;KOBIETA;6;22289354
VANI;KOBIETA;6;22289360
SELAH;KOBIETA;6;22289366
HAB?BE;KOBIETA;6;22289372
KHADIJAT;KOBIETA;6;22289378
SHAISTA;KOBIETA;6;22289384
NURIDA;KOBIETA;6;22289390
WIEBKE;KOBIETA;6;22289396
GUDRUNA;KOBIETA;6;22289402
LUSIANA;KOBIETA;6;22289408
RUHAMA;KOBIETA;6;22289414
DANUT?;KOBIETA;6;22289420
FARNAZ;KOBIETA;6;22289426
YLIIA;KOBIETA;6;22289432
MADHURA;KOBIETA;6;22289438
GILLY;KOBIETA;6;22289444
DYLAN;KOBIETA;6;22289450
GRACJELA;KOBIETA;6;22289456
JINGYA;KOBIETA;6;22289462
ALISSON;KOBIETA;6;22289468
ZORICA;KOBIETA;6;22289474
MAILY;KOBIETA;6;22289480
EVDOKIYA;KOBIETA;6;22289486
NEFIZE;KOBIETA;6;22289492
XIAN;KOBIETA;6;22289498
EUDOKSJA;KOBIETA;6;22289504
MARIE-THERESE;KOBIETA;6;22289510
LENUTA;KOBIETA;6;22289516
YUNHEE;KOBIETA;6;22289522
MIIANA;KOBIETA;6;22289528
RATTANA;KOBIETA;6;22289534
DANAH;KOBIETA;6;22289540
KALISA;KOBIETA;6;22289546
ZHUO;KOBIETA;6;22289552
AIST?;KOBIETA;6;22289558
ITZIAR;KOBIETA;6;22289564
MINKYOUNG;KOBIETA;6;22289570
YAHAV;KOBIETA;6;22289576
TH? LAN H??NG;KOBIETA;6;22289582
ODONA;KOBIETA;6;22289588
PRYSCYLLA;KOBIETA;6;22289594
SUSANE;KOBIETA;6;22289600
YURKIE;KOBIETA;6;22289606
HALEL;KOBIETA;6;22289612
MENGMENG;KOBIETA;6;22289618
TOPAZ;KOBIETA;6;22289624
LIVIANA;KOBIETA;6;22289630
DESHI;KOBIETA;6;22289636
QIANYI;KOBIETA;6;22289642
TH? TH??NG;KOBIETA;6;22289648
MAKSI;KOBIETA;6;22289654
KOSTIANTYN;KOBIETA;6;22289660
ANA SOFIA;KOBIETA;6;22289666
PELAHEYA;KOBIETA;6;22289672
SINTIJA;KOBIETA;6;22289678
TU ANH;KOBIETA;6;22289684
CARMENA;KOBIETA;6;22289690
QIONG;KOBIETA;6;22289696
BAO NHI;KOBIETA;6;22289702
ODELIA;KOBIETA;6;22289708
YEGANA;KOBIETA;6;22289714
CYPRIANA;KOBIETA;6;22289720
PELAGEYA;KOBIETA;6;22289726
MARLA;KOBIETA;6;22289732
MARIE-CLAIRE;KOBIETA;6;22289738
BICH NGOC;KOBIETA;6;22289744
ASTRYD;KOBIETA;6;22289750
MERIDA;KOBIETA;6;22289756
JACKELINE;KOBIETA;6;22289762
VILIENA;KOBIETA;6;22289768
TATYIANA;KOBIETA;6;22289774
SOPO;KOBIETA;6;22289780
MARVA;KOBIETA;6;22289786
RABEA;KOBIETA;6;22289792
JURATE;KOBIETA;6;22289798
ADALINE;KOBIETA;6;22289804
AIZHAMAL;KOBIETA;6;22289810
NENSI;KOBIETA;6;22289816
NELINA;KOBIETA;6;22289822
BEREN;KOBIETA;6;22289828
MELIHA;KOBIETA;6;22289834
AALIYA;KOBIETA;6;22289840
FIALKA;KOBIETA;6;22289846
SYLVANA;KOBIETA;6;22289852
GOARIK;KOBIETA;6;22289858
MEILI;KOBIETA;6;22289864
BARET;KOBIETA;6;22289870
EVGUENIA;KOBIETA;6;22289876
ÈESLAVA;KOBIETA;6;22289882
MALKAN;KOBIETA;6;22289888
TANUSHREE;KOBIETA;6;22289894
FERIDA;KOBIETA;6;22289900
KNKUSH;KOBIETA;6;22289906
WAN;KOBIETA;6;22289912
MEG;KOBIETA;6;22289918
CHIAMAKA;KOBIETA;6;22289924
YANLING;KOBIETA;6;22289930
AGOTA;KOBIETA;6;22289936
SAIKHA;KOBIETA;6;22289942
ZARMINA;KOBIETA;6;22289948
NUSHABA;KOBIETA;6;22289954
GIANINA;KOBIETA;6;22289960
MACIEJKA;KOBIETA;6;22289966
SAMIYA;KOBIETA;6;22289972
NELY;KOBIETA;6;22289978
ARLINA;KOBIETA;6;22289984
JIYOUN;KOBIETA;6;22289990
ADRIYANA;KOBIETA;6;22289996
BRIT;KOBIETA;6;22290002
ANUSHIK;KOBIETA;6;22290008
HASINA;KOBIETA;6;22290014
NEVA;KOBIETA;6;22290020
SRUTHI;KOBIETA;6;22290026
TOMILA;KOBIETA;6;22290032
JINHEE;KOBIETA;6;22290038
VERGINE;KOBIETA;6;22290044
DEEPSHIKHA;KOBIETA;6;22290050
ROZERIN;KOBIETA;6;22290056
VIDHI;KOBIETA;6;22290062
AGNESS;KOBIETA;6;22290068
HANAE;KOBIETA;6;22290074
HEGE;KOBIETA;6;22290080
WENJIE;KOBIETA;6;22290086
THI HONG HANH;KOBIETA;6;22290092
SHI;KOBIETA;6;22290098
AYSET;KOBIETA;6;22290104
MILENKA;KOBIETA;6;22290110
GÜLSEN;KOBIETA;6;22290116
KRYSTEL;KOBIETA;6;22290122
HILINA;KOBIETA;6;22290128
THEIA;KOBIETA;6;22290134
ZEBINISO;KOBIETA;6;22290140
AIZAT;KOBIETA;6;22290146
LAURIEN;KOBIETA;6;22290152
KORNELIYA;KOBIETA;6;22290158
NYOMAN;KOBIETA;6;22290164
TASULA;KOBIETA;6;22290170
VESELA;KOBIETA;6;22290176
MIRJA;KOBIETA;6;22290182
JANESSA;KOBIETA;6;22290188
METTE;KOBIETA;6;22290194
HADIL;KOBIETA;6;22290200
GOVHER;KOBIETA;6;22290206
CYLINA;KOBIETA;6;22290212
OTYLLA;KOBIETA;6;22290218
INGRIED;KOBIETA;6;22290224
GRACIANA;KOBIETA;6;22290230
HEDVIKA;KOBIETA;6;22290236
WLADYSLAVA;KOBIETA;6;22290242
TATIYANA;KOBIETA;6;22290248
ANAID;KOBIETA;6;22290254
SUJATHA;KOBIETA;6;22290260
SUJUNG;KOBIETA;6;22290266
KEVINE;KOBIETA;6;22290272
JARMINA;KOBIETA;6;22290278
KABITA;KOBIETA;6;22290284
ANNAMARIE;KOBIETA;6;22290290
VIKTORYNA;KOBIETA;6;22290296
DZESIKA;KOBIETA;6;22290302
UZMA;KOBIETA;6;22290308
SAMAL;KOBIETA;6;22290314
MING;KOBIETA;6;22290320
DICLE;KOBIETA;6;22290326
ELS;KOBIETA;6;22290332
STINE;KOBIETA;6;22290338
SINDHU;KOBIETA;6;22290344
XIAONAN;KOBIETA;6;22290350
AMELIJA;KOBIETA;6;22290356
THI THU HUYEN;KOBIETA;6;22290362
MARK;KOBIETA;6;22290368
ARGENTINA;KOBIETA;6;22290374
LAYAL;KOBIETA;6;22290380
ANDZELINA;KOBIETA;6;22290386
ZAINA;KOBIETA;6;22290392
AYDA;KOBIETA;6;22290398
SHAZA;KOBIETA;6;22290404
ELYSSA;KOBIETA;6;22290410
LIBERTY;KOBIETA;6;22290416
GREGORIA;KOBIETA;6;22290422
B£A¯ENA;KOBIETA;6;22290428
MARCELLINA;KOBIETA;6;22290434
SAHASRA;KOBIETA;6;22290440
MIZUHO;KOBIETA;6;22290446
SANVI;KOBIETA;6;22290452
IUSTYNA;KOBIETA;6;22290458
D¯OANA;KOBIETA;6;22290464
VIOLLETTA;KOBIETA;6;22290470
ASSEMGUL;KOBIETA;6;22290476
VICTORY;KOBIETA;6;22290482
GILBERTA;KOBIETA;6;22290488
ADAOBI;KOBIETA;6;22290494
TH? HI?N;KOBIETA;6;22290500
AISULUU;KOBIETA;6;22290506
CITA;KOBIETA;6;22290512
SLOBODANKA;KOBIETA;6;22290518
NAJAT;KOBIETA;6;22290524
LUZVIMINDA;KOBIETA;6;22290530
AINO;KOBIETA;6;22290536
NGUY?N;KOBIETA;6;22290542
SUNDUS;KOBIETA;6;22290548
SYRINE;KOBIETA;6;22290554
XIAOFANG;KOBIETA;6;22290560
YEWON;KOBIETA;6;22290566
BETHELHEM;KOBIETA;6;22290572
GIANNINA;KOBIETA;6;22290578
YAJIE;KOBIETA;6;22290584
LÍDIA;KOBIETA;6;22290590
SIRUSH;KOBIETA;6;22290596
SHAHD;KOBIETA;6;22290602
DZHOANNA;KOBIETA;6;22290608
OZNUR;KOBIETA;6;22290614
DIEM;KOBIETA;6;22290620
N?SA;KOBIETA;6;22290626
HYANG;KOBIETA;6;22290632
FARHANA;KOBIETA;6;22290638
NAMITA;KOBIETA;6;22290644
THI KIM NGAN;KOBIETA;6;22290650
LISANDRA;KOBIETA;6;22290656
ZORKA;KOBIETA;6;22290662
ALBANE;KOBIETA;6;22290668
MALGOSIA;KOBIETA;6;22290674
ADELMA;KOBIETA;6;22290680
MIRAI;KOBIETA;6;22290686
SAFAA;KOBIETA;6;22290692
HÜMEYRA;KOBIETA;6;22290698
YUNJEONG;KOBIETA;6;22290704
TOSCA;KOBIETA;6;22290710
SIYKA;KOBIETA;6;22290716
DEANA;KOBIETA;6;22290722
IZEL;KOBIETA;6;22290728
HAIYING;KOBIETA;6;22290734
HEE;KOBIETA;6;22290740
YEVELINA;KOBIETA;6;22290746
ESRAA;KOBIETA;6;22290752
ULLIANA;KOBIETA;6;22290758
ARZY;KOBIETA;6;22290764
HEIDEMARIA;KOBIETA;6;22290770
PINKI;KOBIETA;6;22290776
PARIDA;KOBIETA;6;22290782
KIKA;KOBIETA;6;22290788
XINYAN;KOBIETA;6;22290794
SUMAIIA;KOBIETA;6;22290800
JIAO;KOBIETA;6;22290806
AYMARA;KOBIETA;6;22290812
B?LGE;KOBIETA;6;22290818
O¼GA;KOBIETA;6;22290824
LEOKADIJA;KOBIETA;6;22290830
DILRABO;KOBIETA;6;22290836
ALLIYAH;KOBIETA;6;22290842
RUKIYAT;KOBIETA;6;22290848
KAJSA;KOBIETA;6;22290854
SUJI;KOBIETA;6;22290860
YURIKA;KOBIETA;6;22290866
RHIANNON;KOBIETA;6;22290872
THI LIEU;KOBIETA;6;22290878
REA;KOBIETA;6;22290884
KAYOKO;KOBIETA;6;22290890
PAULLA;KOBIETA;6;22290896
KANCHANA;KOBIETA;6;22290902
MARIIA-TEREZA;KOBIETA;6;22290908
KHRISTYNA;KOBIETA;6;22290914
MY LINH;KOBIETA;6;22290920
TH? DUY?N;KOBIETA;6;22290926
RUTE;KOBIETA;6;22290932
SEV?M;KOBIETA;6;22290938
TAIANA;KOBIETA;6;22290944
MAUD;KOBIETA;6;22290950
DAVID;KOBIETA;6;22290956
ANNA-MARIE;KOBIETA;6;22290962
HAIXIA;KOBIETA;6;22290968
AFET;KOBIETA;6;22290974
AYRA;KOBIETA;6;22290980
LOUNA;KOBIETA;6;22290986
WENYAN;KOBIETA;6;22290992
YIYI;KOBIETA;6;22290998
CALLIE;KOBIETA;6;22291004
SHERLY;KOBIETA;6;22291010
VERONYKA;KOBIETA;6;22291016
MARIUSZA;KOBIETA;6;22291022
ADDA;KOBIETA;6;22291028
IVANNA-MARIIA;KOBIETA;6;22291034
ELIZ;KOBIETA;6;22291040
EWGIENIA;KOBIETA;6;22291046
GAYLE;KOBIETA;6;22291052
HERMIONA;KOBIETA;6;22291058
VESKA;KOBIETA;6;22291064
NURDZHIHAN;KOBIETA;6;22291070
BAO TRAN;KOBIETA;6;22291076
HEIDELORE;KOBIETA;6;22291082
KHALEESI;KOBIETA;6;22291088
NEVIM;KOBIETA;6;22291094
VIANA;KOBIETA;6;22291100
MARIE-SOPHIE;KOBIETA;6;22291106
NIKKA;KOBIETA;6;22291112
SUN YOUNG;KOBIETA;6;22291118
GITTA;KOBIETA;6;22291124
FIZA;KOBIETA;6;22291130
ANAEL;KOBIETA;6;22291136
TH?Y LINH;KOBIETA;6;22291142
ZYNAIDA;KOBIETA;6;22291148
KHRESTYNA;KOBIETA;6;22291154
NARI;KOBIETA;6;22291160
JASMINKA;KOBIETA;6;22291166
HANIEH;KOBIETA;6;22291172
EURALIA;KOBIETA;6;22291178
FIRDEVS;KOBIETA;6;22291184
MIROPIA;KOBIETA;6;22291190
AADHYA;KOBIETA;6;22291196
CHUNXIAO;KOBIETA;6;22291202
ROSHANI;KOBIETA;6;22291208
TH? KIM OANH;KOBIETA;6;22291214
KHANH AN;KOBIETA;6;22291220
MILUE;KOBIETA;6;22291226
SHUO;KOBIETA;6;22291232
PETRINA;KOBIETA;6;22291238
AITAN;KOBIETA;6;22291244
BELÉN;KOBIETA;6;22291250
OLEKSANDRA-MARIIA;KOBIETA;6;22291256
YOUSRA;KOBIETA;6;22291262
SAMANDA;KOBIETA;6;22291268
UN GYONG;KOBIETA;6;22291274
AMELINA;KOBIETA;6;22291280
JUTKA;KOBIETA;6;22291286
STANISLAV;KOBIETA;6;22291292
JASPREET;KOBIETA;6;22291298
TIUNDE;KOBIETA;6;22291304
LIEZEL;KOBIETA;6;22291310
ABEGAIL;KOBIETA;6;22291316
AKSHAYA;KOBIETA;6;22291322
EMMELINE;KOBIETA;6;22291328
LIYUN;KOBIETA;6;22291334
MADLENE;KOBIETA;6;22291340
NAGISA;KOBIETA;6;22291346
PRESILA;KOBIETA;6;22291352
MIKYUNG;KOBIETA;6;22291358
KAZIMIRA;KOBIETA;6;22291364
BRYGITTA;KOBIETA;6;22291370
NATA?A;KOBIETA;6;22291376
AMÁLIA;KOBIETA;6;22291382
HELLENA;KOBIETA;6;22291388
MISHELLE;KOBIETA;6;22291394
KATHRINA;KOBIETA;6;22291400
ANTEA;KOBIETA;6;22291406
TH? GIANG;KOBIETA;6;22291412
OPHÉLIE;KOBIETA;6;22291418
MIRABELL;KOBIETA;6;22291424
ABBEY;KOBIETA;6;22291430
MIHAL;KOBIETA;6;22291436
SIMIN;KOBIETA;6;22291442
LEYNA;KOBIETA;6;22291448
EZRA;KOBIETA;6;22291454
ROMANIKA;KOBIETA;6;22291460
YOCHEVED;KOBIETA;6;22291466
ROSSITA;KOBIETA;6;22291472
SÔNIA;KOBIETA;6;22291478
KAHO;KOBIETA;6;22291484
ANTIGONI;KOBIETA;6;22291490
SUSY;KOBIETA;6;22291496
SOJUNG;KOBIETA;6;22291502
ATIKA;KOBIETA;6;22291508
ELNAZ;KOBIETA;6;22291514
GEGHETSIK;KOBIETA;6;22291520
MARGARETTE;KOBIETA;6;22291526
NEDRET;KOBIETA;6;22291532
LIHONG;KOBIETA;6;22291538
GLAIZA;KOBIETA;6;22291544
TERRI;KOBIETA;6;22291550
SUMAN;KOBIETA;6;22291556
RUZHANA;KOBIETA;6;22291562
JIRAPORN;KOBIETA;6;22291568
URKA;KOBIETA;6;22291574
MEGGI;KOBIETA;6;22291580
MANVI;KOBIETA;6;22291586
LILII;KOBIETA;6;22291592
CALINA;KOBIETA;6;22291598
YUBIN;KOBIETA;6;22291604
LISELOTA;KOBIETA;6;22291610
LETYSJA;KOBIETA;6;22291616
XIAOYI;KOBIETA;6;22291622
KIYOMI;KOBIETA;6;22291628
SAYALI;KOBIETA;6;22291634
JULIAN;KOBIETA;6;22291640
MOUMITA;KOBIETA;6;22291646
CESIA;KOBIETA;6;22291652
ULIIANA;KOBIETA;6;22291658
SANTIA;KOBIETA;6;22291664
MST;KOBIETA;6;22291670
ORR;KOBIETA;6;22291676
UGN?;KOBIETA;6;22291682
MARZIEH;KOBIETA;6;22291688
XIUQIN;KOBIETA;6;22291694
VARDUSH;KOBIETA;6;22291700
YANA-MARIIA;KOBIETA;6;22291706
INGETRAUDA;KOBIETA;6;22291712
NAZOKAT;KOBIETA;6;22291718
JE¯YNA;KOBIETA;6;22291724
SAJIDA;KOBIETA;6;22291730
FARZANA;KOBIETA;6;22291736
DORYNA;KOBIETA;6;22291742
RENANA;KOBIETA;6;22291748
WASYLIKA;KOBIETA;6;22291754
KAMAR;KOBIETA;6;22291760
CHAIMAE;KOBIETA;6;22291766
NAIARA;KOBIETA;6;22291772
AZNIV;KOBIETA;6;22291778
JEVHENIIA;KOBIETA;6;22291784
VANIA;KOBIETA;6;22291790
DOVILE;KOBIETA;6;22291796
AISUN;KOBIETA;6;22291802
TERENIA;KOBIETA;6;22291808
WENERA;KOBIETA;6;22291814
ASIDA;KOBIETA;6;22291820
SEYMA;KOBIETA;6;22291826
MARIIA-MARHARYTA;KOBIETA;6;22291832
CHRISTABEL;KOBIETA;6;22291838
HONGXIA;KOBIETA;6;22291844
IRÉN;KOBIETA;6;22291850
XIAOWEN;KOBIETA;6;22291856
GENOVEFA;KOBIETA;6;22291862
HUE;KOBIETA;6;22291868
MAO;KOBIETA;6;22291874
ZULEYKHA;KOBIETA;6;22291880
CHWALIMIRA;KOBIETA;6;22291886
LORYNA;KOBIETA;6;22291892
JOO;KOBIETA;6;22291898
NASSIMA;KOBIETA;6;22291904
PAVITHRA;KOBIETA;6;22291910
FEIFEI;KOBIETA;6;22291916
KANJANA;KOBIETA;6;22291922
JOLANTE;KOBIETA;6;22291928
ANNMARIE;KOBIETA;6;22291934
SOWMYA;KOBIETA;6;22291940
RU¯ENA;KOBIETA;6;22291946
MELENA;KOBIETA;6;22291952
SHAGUFTA;KOBIETA;6;22291958
PAVANI;KOBIETA;6;22291964
GLADIS;KOBIETA;6;22291970
BORZYNA;KOBIETA;6;22291976
GÖKSU;KOBIETA;6;22291982
HEEJUNG;KOBIETA;6;22291988
LYNETTE;KOBIETA;6;22291994
LÜTFIYE;KOBIETA;6;22292000
IRENEUSZA;KOBIETA;6;22292006
RAGNA;KOBIETA;6;22292012
ERA;KOBIETA;6;22292018
DETELINA;KOBIETA;6;22292024
SHACHAF;KOBIETA;6;22292030
THI MIEN;KOBIETA;6;22292036
SHEREE;KOBIETA;6;22292042
PENG;KOBIETA;6;22292048
HAJER;KOBIETA;6;22292054
RABIYE;KOBIETA;6;22292060
TURAN;KOBIETA;6;22292066
ZORZA;KOBIETA;6;22292072
ANAM;KOBIETA;6;22292078
NASRIN;KOBIETA;6;22292084
KEXIN;KOBIETA;6;22292090
DANITA;KOBIETA;6;22292096
AFSANEH;KOBIETA;6;22292102
PURNIMA;KOBIETA;6;22292108
BHAVANA;KOBIETA;6;22292114
YAXIN;KOBIETA;6;22292120
GIMENA;KOBIETA;6;22292126
MAKAR;KOBIETA;6;22292132
XINRAN;KOBIETA;6;22292138
REEF;KOBIETA;6;22292144
KIDIST;KOBIETA;6;22292150
CHRISTIE;KOBIETA;6;22292156
CARMINA;KOBIETA;6;22292162
RAMINTA;KOBIETA;6;22292168
YAWEN;KOBIETA;6;22292174
MO;KOBIETA;6;22292180
PETRONELIA;KOBIETA;6;22292186
ASSIL;KOBIETA;6;22292192
AFAF;KOBIETA;6;22292198
WISSAL;KOBIETA;6;22292204
IUSTINA;KOBIETA;6;22292210
YANKA;KOBIETA;6;22292216
VERÔNICA;KOBIETA;6;22292222
TUMISHA;KOBIETA;6;22292228
HAYMANOT;KOBIETA;6;22292234
KAISA;KOBIETA;6;22292240
TATIANNA;KOBIETA;6;22292246
AUGUSTE;KOBIETA;6;22292252
LUMINI?A;KOBIETA;6;22292258
WERENA;KOBIETA;6;22292264
IUZEFA;KOBIETA;6;22292270
MIREM;KOBIETA;6;22292276
ALIVIA;KOBIETA;6;22292282
BILHA;KOBIETA;6;22292288
ZILOLA;KOBIETA;6;22292294
VIRIDIANA;KOBIETA;6;22292300
MEREDITH;KOBIETA;6;22292306
KUMARI;KOBIETA;6;22292312
NANDITA;KOBIETA;6;22292318
WAFAA;KOBIETA;6;22292324
HEMLATA;KOBIETA;6;22292330
WALTRANT;KOBIETA;6;22292336
HUILING;KOBIETA;6;22292342
NOEMA;KOBIETA;6;22292348
TOBA;KOBIETA;6;22292354
ANNEGRET;KOBIETA;6;22292360
ADEMI;KOBIETA;6;22292366
THI LUU;KOBIETA;6;22292372
EYERUSALEM;KOBIETA;6;22292378
XINTONG;KOBIETA;6;22292384
GÜLAY;KOBIETA;6;22292390
BLERTA;KOBIETA;6;22292396
YEHOR;KOBIETA;6;22292402
YITING;KOBIETA;6;22292408
TULLIA;KOBIETA;6;22292414
MARICHU;KOBIETA;6;22292420
WENJUAN;KOBIETA;6;22292426
LEONGINA;KOBIETA;6;22292432
MANZURA;KOBIETA;6;22292438
SVYTLANA;KOBIETA;6;22292444
SOTIRIA;KOBIETA;6;22292450
ELZE;KOBIETA;6;22292456
ZIGRID;KOBIETA;6;22292462
TAJISIJA;KOBIETA;6;22292468
SZIRIN;KOBIETA;6;22292474
GULAIYM;KOBIETA;6;22292480
RADMI£A;KOBIETA;6;22292486
JIHYEON;KOBIETA;6;22292492
EFTYCHIA;KOBIETA;6;22292498
NATALIY;KOBIETA;6;22292504
LENIE;KOBIETA;6;22292510
GABRIEL?;KOBIETA;6;22292516
GUSTI AYU;KOBIETA;6;22292522
ZORYSLAVA;KOBIETA;6;22292528
PATRICE;KOBIETA;6;22292534
YVONA;KOBIETA;6;22292540
DROR;KOBIETA;6;22292546
EMANUELLE;KOBIETA;6;22292552
GERMAINE;KOBIETA;6;22292558
BINTA;KOBIETA;6;22292564
DZHENNET;KOBIETA;6;22292570
MAIANA;KOBIETA;6;22292576
ASSOL;KOBIETA;6;22292582
ANUJA;KOBIETA;6;22292588
KRIMHILDA;KOBIETA;6;22292594
NAYRA;KOBIETA;6;22292600
LIRONG;KOBIETA;6;22292606
AVIVIT;KOBIETA;6;22292612
HADID¯A;KOBIETA;6;22292618
TYURKYAN;KOBIETA;6;22292624
ILKE;KOBIETA;6;22292630
YAFA;KOBIETA;6;22292636
VINETA;KOBIETA;6;22292642
B?O NG?C;KOBIETA;6;22292648
SOELMA;KOBIETA;6;22292654
REIKHAN;KOBIETA;6;22292660
VIRÁG;KOBIETA;6;22292666
ZVIA;KOBIETA;6;22292672
ASAMI;KOBIETA;6;22292678
TINASHE;KOBIETA;6;22292684
URANCHIMEG;KOBIETA;6;22292690
SHOIRA;KOBIETA;6;22292696
THANH TH?Y;KOBIETA;6;22292702
TAMY;KOBIETA;6;22292708
DO?A;KOBIETA;6;22292714
SEVINDJ;KOBIETA;6;22292720
AREEJ;KOBIETA;6;22292726
QUYNH CHI;KOBIETA;6;22292732
MEHREEN;KOBIETA;6;22292738
TEKLIA;KOBIETA;6;22292744
INGRYT;KOBIETA;6;22292750
GIZELTRAUDA;KOBIETA;6;22292756
ANDRIA;KOBIETA;6;22292762
AMAIRA;KOBIETA;6;22292768
PRAMILA;KOBIETA;6;22292774
HENNA;KOBIETA;6;22292780
NELIIA;KOBIETA;6;22292786
YUSTYNIIA;KOBIETA;6;22292792
SAROJ;KOBIETA;6;22292798
DÁA;KOBIETA;6;22292804
ZINEP;KOBIETA;6;22292810
ALAINA;KOBIETA;6;22292816
STUTI;KOBIETA;6;22292822
NIMET;KOBIETA;6;22292828
SANU;KOBIETA;6;22292834
NOAA;KOBIETA;6;22292840
KLEO;KOBIETA;6;22292846
SUZETTE;KOBIETA;6;22292852
AHAFIA;KOBIETA;6;22292858
ESIN;KOBIETA;6;22292864
YIWEI;KOBIETA;6;22292870
MIHEE;KOBIETA;6;22292876
AKSYNIIA;KOBIETA;6;22292882
ÁNH;KOBIETA;6;22292888
AVGUSTA;KOBIETA;6;22292894
NATALIIA-MARIIA;KOBIETA;6;22292900
SILENE;KOBIETA;6;22292906
KONSTANZE;KOBIETA;6;22292912
RAMNAT;KOBIETA;6;22292918
MIDIA;KOBIETA;6;22292924
MARSELINA;KOBIETA;6;22292930
NAZARIIA;KOBIETA;6;22292936
DALILLA;KOBIETA;6;22292942
PRYSKA;KOBIETA;6;22292948
YUNYUN;KOBIETA;6;22292954
SELA;KOBIETA;6;22292960
YEVHENII;KOBIETA;6;22292966
MISA;KOBIETA;6;22292972
ALIAH;KOBIETA;6;22292978
GUTA;KOBIETA;6;22292984
TERRA;KOBIETA;6;22292990
ISELIN;KOBIETA;6;22292996
RYAN;KOBIETA;6;22293002
TH? TR? MY;KOBIETA;6;22293008
MADOKA;KOBIETA;6;22293014
GIUNAI;KOBIETA;6;22293020
BEA;KOBIETA;6;22293026
ANGÉLA;KOBIETA;6;22293032
LINARA;KOBIETA;6;22293038
NIGARA;KOBIETA;6;22293044
ANQI;KOBIETA;6;22293050
LIEILA;KOBIETA;6;22293056
NAZIA;KOBIETA;6;22293062
OTGONTSETSEG;KOBIETA;6;22293068
JEONGWON;KOBIETA;6;22293074
ALEEN;KOBIETA;6;22293080
TYMOFII;KOBIETA;6;22293086
STYLIANI;KOBIETA;6;22293092
GYULYU;KOBIETA;6;22293098
TOSHIKO;KOBIETA;6;22293104
HILTRUDA;KOBIETA;6;22293110
MARY JOY;KOBIETA;6;22293116
VARDITER;KOBIETA;6;22293122
NANSI;KOBIETA;6;22293128
ERMINE;KOBIETA;6;22293134
MARY ROSE;KOBIETA;6;22293140
TALLY;KOBIETA;6;22293146
ADY;KOBIETA;6;22293152
MARIA TERESA;KOBIETA;6;22293158
FADWA;KOBIETA;6;22293164
ÁGATHA;KOBIETA;6;22293170
SO YOUNG;KOBIETA;6;22293176
SONU;KOBIETA;6;22293182
HOANG YEN;KOBIETA;6;22293188
DASTINA;KOBIETA;6;22293194
BEZAWIT;KOBIETA;6;22293200
SNEZHANNA;KOBIETA;6;22293206
ANUDARI;KOBIETA;6;22293212
JIHEE;KOBIETA;6;22293218
ZHOZEFINA;KOBIETA;6;22293224
TALITHA;KOBIETA;6;22293230
KRESCENCJA;KOBIETA;6;22293236
ASIJA;KOBIETA;6;22293242
SELAMAWIT;KOBIETA;6;22293248
SULE;KOBIETA;6;22293254
GULTAMZE;KOBIETA;6;22293260
SRIDEVI;KOBIETA;6;22293266
APOSTOLIA;KOBIETA;6;22293272
THI BICH NGOC;KOBIETA;6;22293278
DOINITA;KOBIETA;6;22293284
TAHEREH;KOBIETA;6;22293290
FROSYNA;KOBIETA;6;22293296
LIENARA;KOBIETA;6;22293302
SUZY;KOBIETA;6;22293308
TRINIDAD;KOBIETA;6;22293314
SYLVIIA;KOBIETA;6;22293320
SUGANYA;KOBIETA;6;22293326
KHRYSTYNA-MARIIA;KOBIETA;6;22293332
RONALYN;KOBIETA;6;22293338
TAMSIN;KOBIETA;6;22293344
MARINILA;KOBIETA;6;22293350
SYLVA;KOBIETA;6;22293356
ROSE-MARIE;KOBIETA;6;22293362
MAYLIN;KOBIETA;6;22293368
SZANTAL;KOBIETA;6;22293374
NÉLIDA;KOBIETA;6;22293380
ILONKA;KOBIETA;6;22293386
KAORU;KOBIETA;6;22293392
JINMEI;KOBIETA;6;22293398
NENE;KOBIETA;6;22293404
DIEU ANH;KOBIETA;6;22293410
ROKSALANA;KOBIETA;6;22293416
VLADLIENA;KOBIETA;6;22293422
YAMUNA;KOBIETA;6;22293428
BOGUSLAVA;KOBIETA;6;22293434
YELYZAVIETA;KOBIETA;6;22293440
INJI;KOBIETA;6;22293446
MARIIANNA;KOBIETA;6;22293452
CELIN;KOBIETA;6;22293458
YEONWOO;KOBIETA;6;22293464
MANPREET KAUR;KOBIETA;6;22293470
NAJMA;KOBIETA;6;22293476
ZHIMIN;KOBIETA;6;22293482
SOL?NE;KOBIETA;6;22293488
MARIIA-OLENA;KOBIETA;6;22293494
MUROSLAVA;KOBIETA;6;22293500
WENYING;KOBIETA;6;22293506
YESIM;KOBIETA;6;22293512
SUZI;KOBIETA;6;22293518
YI-WEN;KOBIETA;6;22293524
KASSIIA;KOBIETA;6;22293530
BATTSETSEG;KOBIETA;6;22293536
ADOLFIA;KOBIETA;6;22293542
NAISHA;KOBIETA;6;22293548
GERMANA;KOBIETA;6;22293554
ªUHEDA;KOBIETA;6;22293560
CHANTELL;KOBIETA;6;22293566
TAMYLA;KOBIETA;6;22293572
NEFES;KOBIETA;6;22293578
FLOARIA;KOBIETA;6;22293584
CHIMAMANDA;KOBIETA;6;22293590
CHYNARA;KOBIETA;6;22293596
B£A¯EJA;KOBIETA;6;22293602
NOURAN;KOBIETA;6;22293608
NEDYALKA;KOBIETA;6;22293614
MARCELLINE;KOBIETA;6;22293620
MARHA;KOBIETA;6;22293626
SZOSZANA;KOBIETA;5;22293631
ANIELKA;KOBIETA;5;22293636
HINAKO;KOBIETA;5;22293641
ALIRA;KOBIETA;5;22293646
ZIMFIRA;KOBIETA;5;22293651
RAMUNE;KOBIETA;5;22293656
RAJITHA;KOBIETA;5;22293661
HEIDY;KOBIETA;5;22293666
AZZA;KOBIETA;5;22293671
INNA-MARIIA;KOBIETA;5;22293676
BISMA;KOBIETA;5;22293681
VINH;KOBIETA;5;22293686
SARANDA;KOBIETA;5;22293691
LYLIA;KOBIETA;5;22293696
NOORIA;KOBIETA;5;22293701
JINJIN;KOBIETA;5;22293706
ALISJA;KOBIETA;5;22293711
EFFROSYNI;KOBIETA;5;22293716
VETUTA;KOBIETA;5;22293721
KARMELINA;KOBIETA;5;22293726
LEEHE;KOBIETA;5;22293731
JULJA;KOBIETA;5;22293736
SEYEDEH;KOBIETA;5;22293741
DILYANA;KOBIETA;5;22293746
ROJZA;KOBIETA;5;22293751
KIM OANH;KOBIETA;5;22293756
ZERE;KOBIETA;5;22293761
BIDISHA;KOBIETA;5;22293766
WIDAD;KOBIETA;5;22293771
RICA;KOBIETA;5;22293776
KOPILA;KOBIETA;5;22293781
WING;KOBIETA;5;22293786
MARJOLAINE;KOBIETA;5;22293791
HOANG ANH;KOBIETA;5;22293796
TALIKO;KOBIETA;5;22293801
ASTEJA;KOBIETA;5;22293806
DOLMA;KOBIETA;5;22293811
CHLOË;KOBIETA;5;22293816
NHAN;KOBIETA;5;22293821
OTTAVIA;KOBIETA;5;22293826
DENNISE;KOBIETA;5;22293831
REN?TE;KOBIETA;5;22293836
BESA;KOBIETA;5;22293841
INARI;KOBIETA;5;22293846
HEDVIGA;KOBIETA;5;22293851
MONIK;KOBIETA;5;22293856
MERA;KOBIETA;5;22293861
JUHI;KOBIETA;5;22293866
KEERTHANA;KOBIETA;5;22293871
ILDA;KOBIETA;5;22293876
SRIJANA;KOBIETA;5;22293881
NISHITA;KOBIETA;5;22293886
BORA;KOBIETA;5;22293891
SHOHAM;KOBIETA;5;22293896
NORHAN;KOBIETA;5;22293901
NAHIDA;KOBIETA;5;22293906
EGLE;KOBIETA;5;22293911
ASZANTI;KOBIETA;5;22293916
HAIA;KOBIETA;5;22293921
LETISHA;KOBIETA;5;22293926
LONA;KOBIETA;5;22293931
KESYA;KOBIETA;5;22293936
XIU;KOBIETA;5;22293941
ULITA;KOBIETA;5;22293946
NURBANU;KOBIETA;5;22293951
EMELYN;KOBIETA;5;22293956
ULIYA;KOBIETA;5;22293961
OLIINYK;KOBIETA;5;22293966
SINI;KOBIETA;5;22293971
MONG;KOBIETA;5;22293976
THI NA;KOBIETA;5;22293981
ANNELIS;KOBIETA;5;22293986
THU NGA;KOBIETA;5;22293991
KATYNA;KOBIETA;5;22293996
LATIFAH;KOBIETA;5;22294001
LIESBET;KOBIETA;5;22294006
NITTAYA;KOBIETA;5;22294011
HAYAL;KOBIETA;5;22294016
WINONA;KOBIETA;5;22294021
MARIIA-YULIIA;KOBIETA;5;22294026
IVI;KOBIETA;5;22294031
ZINOWIA;KOBIETA;5;22294036
JIANHUA;KOBIETA;5;22294041
LYUSI;KOBIETA;5;22294046
SULTANKA;KOBIETA;5;22294051
MUNKHTUYA;KOBIETA;5;22294056
INGRIT;KOBIETA;5;22294061
THI THU GIANG;KOBIETA;5;22294066
ZAKIYA;KOBIETA;5;22294071
IR?NA;KOBIETA;5;22294076
VIALETTA;KOBIETA;5;22294081
THI SON;KOBIETA;5;22294086
TH? THU HI?N;KOBIETA;5;22294091
ODONCHIMEG;KOBIETA;5;22294096
ZIGLINDA;KOBIETA;5;22294101
TH? ÁNH;KOBIETA;5;22294106
SHOBHA;KOBIETA;5;22294111
GIULNAR;KOBIETA;5;22294116
KATALEA;KOBIETA;5;22294121
BINBIN;KOBIETA;5;22294126
ZHAMILA;KOBIETA;5;22294131
TH? KIM NGÂN;KOBIETA;5;22294136
ELIURA;KOBIETA;5;22294141
KRISTIE;KOBIETA;5;22294146
JALE;KOBIETA;5;22294151
MARLETTA;KOBIETA;5;22294156
ZHANAT;KOBIETA;5;22294161
SEVIE;KOBIETA;5;22294166
MAYSSA;KOBIETA;5;22294171
ZEMPIRA;KOBIETA;5;22294176
DOAA;KOBIETA;5;22294181
KEYA;KOBIETA;5;22294186
ZINAT;KOBIETA;5;22294191
MARIIKA;KOBIETA;5;22294196
SEBASTIANA;KOBIETA;5;22294201
KRISTSINA;KOBIETA;5;22294206
FRANCIS;KOBIETA;5;22294211
AMILIYA;KOBIETA;5;22294216
EUNA;KOBIETA;5;22294221
WILIA;KOBIETA;5;22294226
NIE¯ANNA;KOBIETA;5;22294231
ARAKSIIA;KOBIETA;5;22294236
CZEKINA;KOBIETA;5;22294241
KLAUDZIYA;KOBIETA;5;22294246
ASTER;KOBIETA;5;22294251
BOLOR;KOBIETA;5;22294256
FALGUNI;KOBIETA;5;22294261
ZULFIJA;KOBIETA;5;22294266
DORYS;KOBIETA;5;22294271
MINHEE;KOBIETA;5;22294276
ILJANA;KOBIETA;5;22294281
SAFIE;KOBIETA;5;22294286
XIAOCHUN;KOBIETA;5;22294291
£UCJANA;KOBIETA;5;22294296
GUO;KOBIETA;5;22294301
AISHAN;KOBIETA;5;22294306
AMRA;KOBIETA;5;22294311
EVY;KOBIETA;5;22294316
GYULYAY;KOBIETA;5;22294321
FLÓRA;KOBIETA;5;22294326
SELAM;KOBIETA;5;22294331
YAPING;KOBIETA;5;22294336
SATIA;KOBIETA;5;22294341
EVALINA;KOBIETA;5;22294346
SAMANEH;KOBIETA;5;22294351
FUMIKO;KOBIETA;5;22294356
LORITA;KOBIETA;5;22294361
SOJEONG;KOBIETA;5;22294366
BOHUMILA;KOBIETA;5;22294371
GINTARE;KOBIETA;5;22294376
EVNIKA;KOBIETA;5;22294381
GODZIS£AWA;KOBIETA;5;22294386
NARANTUYA;KOBIETA;5;22294391
¯ANNETA;KOBIETA;5;22294396
MAIRAMKUL;KOBIETA;5;22294401
GULCHIN;KOBIETA;5;22294406
REIAN;KOBIETA;5;22294411
RHODA;KOBIETA;5;22294416
MARIE-LUISE;KOBIETA;5;22294421
MALWINE;KOBIETA;5;22294426
THI HUONG GIANG;KOBIETA;5;22294431
RENOS£AWA;KOBIETA;5;22294436
LUSIJA;KOBIETA;5;22294441
LISHA;KOBIETA;5;22294446
ELEONOR;KOBIETA;5;22294451
JENILYN;KOBIETA;5;22294456
ILDYKO;KOBIETA;5;22294461
SEYHAN;KOBIETA;5;22294466
UMIT;KOBIETA;5;22294471
ZÜHAL;KOBIETA;5;22294476
NGOC HA;KOBIETA;5;22294481
ANNA-ANHELINA;KOBIETA;5;22294486
ANTHI;KOBIETA;5;22294491
JEWGENIA;KOBIETA;5;22294496
DHARMA;KOBIETA;5;22294501
DYIANA;KOBIETA;5;22294506
SLAVICA;KOBIETA;5;22294511
YITONG;KOBIETA;5;22294516
GOWTHAMI;KOBIETA;5;22294521
TANSU;KOBIETA;5;22294526
TOLKYN;KOBIETA;5;22294531
LAN H??NG;KOBIETA;5;22294536
GANTUYA;KOBIETA;5;22294541
ORAN;KOBIETA;5;22294546
BENGÜ;KOBIETA;5;22294551
ARNELLA;KOBIETA;5;22294556
DORKAS;KOBIETA;5;22294561
MANU;KOBIETA;5;22294566
GÜLÜZAR;KOBIETA;5;22294571
GÖKÇEN;KOBIETA;5;22294576
BEENA;KOBIETA;5;22294581
MUTSAWASHE;KOBIETA;5;22294586
ETI;KOBIETA;5;22294591
SANIIA;KOBIETA;5;22294596
TH? MINH;KOBIETA;5;22294601
SALSABIL;KOBIETA;5;22294606
MISCHELL;KOBIETA;5;22294611
OLLIE;KOBIETA;5;22294616
YONG;KOBIETA;5;22294621
SAKHILA;KOBIETA;5;22294626
IZADORA;KOBIETA;5;22294631
KAIJA;KOBIETA;5;22294636
MERIT;KOBIETA;5;22294641
NOELINE;KOBIETA;5;22294646
SHARADA;KOBIETA;5;22294651
GRACIOUS;KOBIETA;5;22294656
PESA;KOBIETA;5;22294661
AZALIIA;KOBIETA;5;22294666
ªILAN;KOBIETA;5;22294671
GULNURA;KOBIETA;5;22294676
ILLANA;KOBIETA;5;22294681
APOORVA;KOBIETA;5;22294686
PRANVERA;KOBIETA;5;22294691
BABY;KOBIETA;5;22294696
SASCHA;KOBIETA;5;22294701
KRITHIKA;KOBIETA;5;22294706
INE;KOBIETA;5;22294711
SOMAYA;KOBIETA;5;22294716
REONALDA;KOBIETA;5;22294721
REMIS£AWA;KOBIETA;5;22294726
AYSEGÜL;KOBIETA;5;22294731
MAYTAL;KOBIETA;5;22294736
GÜLNUR;KOBIETA;5;22294741
SARAN;KOBIETA;5;22294746
¼UDMILA;KOBIETA;5;22294751
HERTRUDA;KOBIETA;5;22294756
VALERI;KOBIETA;5;22294761
ZOKHRA;KOBIETA;5;22294766
ZAHIA;KOBIETA;5;22294771
NAJET;KOBIETA;5;22294776
JASMIJN;KOBIETA;5;22294781
AMILIIA;KOBIETA;5;22294786
ERZSEBET;KOBIETA;5;22294791
MINNIE;KOBIETA;5;22294796
BELMA;KOBIETA;5;22294801
NURIE;KOBIETA;5;22294806
HORTENSE;KOBIETA;5;22294811
NIYATI;KOBIETA;5;22294816
NAZAKET;KOBIETA;5;22294821
KLARISSA;KOBIETA;5;22294826
CAROLIEN;KOBIETA;5;22294831
ALESSA;KOBIETA;5;22294836
MARIIA-IVANNA;KOBIETA;5;22294841
MARJETA;KOBIETA;5;22294846
SVETOSLAVA;KOBIETA;5;22294851
YUMIE;KOBIETA;5;22294856
CHAIA;KOBIETA;5;22294861
MARGRETHE;KOBIETA;5;22294866
ELBA;KOBIETA;5;22294871
PHUONG UYEN;KOBIETA;5;22294876
ARANZAZU;KOBIETA;5;22294881
VERONIKA-MARIIA;KOBIETA;5;22294886
LORE;KOBIETA;5;22294891
ELIZOVETA;KOBIETA;5;22294896
¯IVILE;KOBIETA;5;22294901
YOMNA;KOBIETA;5;22294906
ROSELY;KOBIETA;5;22294911
COSIMA;KOBIETA;5;22294916
LIYAH;KOBIETA;5;22294921
D¯ULIETTA;KOBIETA;5;22294926
GERALDINA;KOBIETA;5;22294931
AGNIJA;KOBIETA;5;22294936
HELMA;KOBIETA;5;22294941
JODY;KOBIETA;5;22294946
ARU;KOBIETA;5;22294951
ZOHA;KOBIETA;5;22294956
VITORIIA;KOBIETA;5;22294961
THAO LINH;KOBIETA;5;22294966
THI THAI;KOBIETA;5;22294971
ENIA;KOBIETA;5;22294976
MARIANELA;KOBIETA;5;22294981
CYRA;KOBIETA;5;22294986
KASEY;KOBIETA;5;22294991
KRZYS£AWA;KOBIETA;5;22294996
XIULAN;KOBIETA;5;22295001
ZHENEVIEVA;KOBIETA;5;22295006
THI THO;KOBIETA;5;22295011
BAKTYGUL;KOBIETA;5;22295016
TIMEIA;KOBIETA;5;22295021
GULIM;KOBIETA;5;22295026
TU UYEN;KOBIETA;5;22295031
AAHANA;KOBIETA;5;22295036
DA EUN;KOBIETA;5;22295041
VÂN ANH;KOBIETA;5;22295046
HALI;KOBIETA;5;22295051
MISBAH;KOBIETA;5;22295056
DOVRAT;KOBIETA;5;22295061
KORNÉLIA;KOBIETA;5;22295066
LAURENTIA;KOBIETA;5;22295071
EUNJIN;KOBIETA;5;22295076
THAO VY;KOBIETA;5;22295081
MARITZA;KOBIETA;5;22295086
NASTARAN;KOBIETA;5;22295091
HAYLEE;KOBIETA;5;22295096
PETRUNIA;KOBIETA;5;22295101
NATSUMI;KOBIETA;5;22295106
JOLANA;KOBIETA;5;22295111
DHIVYA;KOBIETA;5;22295116
ASMITA;KOBIETA;5;22295121
PUTRI;KOBIETA;5;22295126
BE££A;KOBIETA;5;22295131
OGULGEREK;KOBIETA;5;22295136
REMY;KOBIETA;5;22295141
GIA HÂN;KOBIETA;5;22295146
SARE;KOBIETA;5;22295151
ASTKHIK;KOBIETA;5;22295156
EVELIEN;KOBIETA;5;22295161
KATHIE;KOBIETA;5;22295166
PATMA;KOBIETA;5;22295171
AISHAH;KOBIETA;5;22295176
YELYZAWETA;KOBIETA;5;22295181
IRMTRAUDA;KOBIETA;5;22295186
ALYAA;KOBIETA;5;22295191
VEERLE;KOBIETA;5;22295196
ZIYU;KOBIETA;5;22295201
NH?;KOBIETA;5;22295206
SADA;KOBIETA;5;22295211
CONSTANTINA;KOBIETA;5;22295216
NAEUN;KOBIETA;5;22295221
RAVANA;KOBIETA;5;22295226
TH? B?Y;KOBIETA;5;22295231
FERDA;KOBIETA;5;22295236
ANNISA;KOBIETA;5;22295241
TUIJA;KOBIETA;5;22295246
SIHAN;KOBIETA;5;22295251
SU£TANA;KOBIETA;5;22295256
ANA BEATRIZ;KOBIETA;5;22295261
MOKHIRA;KOBIETA;5;22295266
TRICIA;KOBIETA;5;22295271
AYLEEN;KOBIETA;5;22295276
ZULEIKHA;KOBIETA;5;22295281
ZABAVA;KOBIETA;5;22295286
OK;KOBIETA;5;22295291
ALISHIA;KOBIETA;5;22295296
PEMBE;KOBIETA;5;22295301
JACGUELINA;KOBIETA;5;22295306
SWIATLANA;KOBIETA;5;22295311
SINITA;KOBIETA;5;22295316
CYRYLLA;KOBIETA;5;22295321
MENGYU;KOBIETA;5;22295326
SAWANNA;KOBIETA;5;22295331
SABBA;KOBIETA;5;22295336
XIAOJUN;KOBIETA;5;22295341
ZARRINA;KOBIETA;5;22295346
ALWIRA;KOBIETA;5;22295351
BERRAK;KOBIETA;5;22295356
THANDIWE;KOBIETA;5;22295361
ARMELIA;KOBIETA;5;22295366
MAISSA;KOBIETA;5;22295371
BAKHAR;KOBIETA;5;22295376
GRAFINIA;KOBIETA;5;22295381
SENIE;KOBIETA;5;22295386
FIONNUALA;KOBIETA;5;22295391
TVISHA;KOBIETA;5;22295396
MACHI;KOBIETA;5;22295401
SADHANA;KOBIETA;5;22295406
MARIVEL;KOBIETA;5;22295411
ADENIKE;KOBIETA;5;22295416
AILEN;KOBIETA;5;22295421
RAZITA;KOBIETA;5;22295426
MASA;KOBIETA;5;22295431
GANCHIMEG;KOBIETA;5;22295436
ANCHALEE;KOBIETA;5;22295441
PARASKIEWI;KOBIETA;5;22295446
YAJING;KOBIETA;5;22295451
ANICETTA;KOBIETA;5;22295456
EREL;KOBIETA;5;22295461
LUSYA;KOBIETA;5;22295466
ATEFEH;KOBIETA;5;22295471
LINLIN;KOBIETA;5;22295476
MIKHAL;KOBIETA;5;22295481
WIRD¯INIA;KOBIETA;5;22295486
ADIA;KOBIETA;5;22295491
DARLYN;KOBIETA;5;22295496
NATHÁLIA;KOBIETA;5;22295501
LILIYANA;KOBIETA;5;22295506
GULASAL;KOBIETA;5;22295511
SAKINE;KOBIETA;5;22295516
ABIHEL;KOBIETA;5;22295521
AADYA;KOBIETA;5;22295526
NEUS;KOBIETA;5;22295531
MIRALDA;KOBIETA;5;22295536
NUHA;KOBIETA;5;22295541
YAZHINI;KOBIETA;5;22295546
SOFIYA-MARIYA;KOBIETA;5;22295551
BAHDANA;KOBIETA;5;22295556
ANTONETA;KOBIETA;5;22295561
NAZIFE;KOBIETA;5;22295566
BAO VY;KOBIETA;5;22295571
NAILAH;KOBIETA;5;22295576
ORJANA;KOBIETA;5;22295581
THI BICH;KOBIETA;5;22295586
KLAWDIA;KOBIETA;5;22295591
ANNELISA;KOBIETA;5;22295596
ILKAY;KOBIETA;5;22295601
YELYZABETA;KOBIETA;5;22295606
DANAGUL;KOBIETA;5;22295611
PARBATI;KOBIETA;5;22295616
TIPHAINE;KOBIETA;5;22295621
SENATA;KOBIETA;5;22295626
HA LINH;KOBIETA;5;22295631
CHAROS;KOBIETA;5;22295636
TH? NAM;KOBIETA;5;22295641
ALIFTINA;KOBIETA;5;22295646
CINDERELLA;KOBIETA;5;22295651
LUDMIRA;KOBIETA;5;22295656
ATTI;KOBIETA;5;22295661
NI KADEK AYU;KOBIETA;5;22295666
SIDONIE;KOBIETA;5;22295671
BARSHA;KOBIETA;5;22295676
HIRAL;KOBIETA;5;22295681
ELISANGELA;KOBIETA;5;22295686
BAIA;KOBIETA;5;22295691
ZULFIRA;KOBIETA;5;22295696
RODELYN;KOBIETA;5;22295701
PELAHIYA;KOBIETA;5;22295706
JIYU;KOBIETA;5;22295711
TRÂM ANH;KOBIETA;5;22295716
HAYOUNG;KOBIETA;5;22295721
WIACZES£AWA;KOBIETA;5;22295726
RACHIDA;KOBIETA;5;22295731
EDELTRANT;KOBIETA;5;22295736
ORIYA;KOBIETA;5;22295741
ANCUTA;KOBIETA;5;22295746
OMOLARA;KOBIETA;5;22295751
KIA;KOBIETA;5;22295756
SIYUAN;KOBIETA;5;22295761
ANAELLE;KOBIETA;5;22295766
XIAOTING;KOBIETA;5;22295771
ALMUT;KOBIETA;5;22295776
MARIE-LOU;KOBIETA;5;22295781
DARI;KOBIETA;5;22295786
DANGUOLE;KOBIETA;5;22295791
GYULSHEN;KOBIETA;5;22295796
CASSIA;KOBIETA;5;22295801
GENEFA;KOBIETA;5;22295806
DAGMA;KOBIETA;5;22295811
NICOLINE;KOBIETA;5;22295816
NAZYM;KOBIETA;5;22295821
DONG;KOBIETA;5;22295826
PARTENA;KOBIETA;5;22295831
RAYSSA;KOBIETA;5;22295836
EMILII;KOBIETA;5;22295841
MATVII;KOBIETA;5;22295846
PRASKOUYA;KOBIETA;5;22295851
MARISTELLA;KOBIETA;5;22295856
TH? L?;KOBIETA;5;22295861
Z?LAN;KOBIETA;5;22295866
OLEKSANDRIIA;KOBIETA;5;22295871
SZECHEREZADA;KOBIETA;5;22295876
MIERONIEGA;KOBIETA;5;22295881
CHELSIE;KOBIETA;5;22295886
DAMARYS;KOBIETA;5;22295891
MAJDA;KOBIETA;5;22295896
CARMI;KOBIETA;5;22295901
LIUDVIKA;KOBIETA;5;22295906
SHAHIDA;KOBIETA;5;22295911
MITKA;KOBIETA;5;22295916
SIRARPI;KOBIETA;5;22295921
HERLINDA;KOBIETA;5;22295926
MARIA ISABEL;KOBIETA;5;22295931
ALISE;KOBIETA;5;22295936
ERMELINDA;KOBIETA;5;22295941
NYARAI;KOBIETA;5;22295946
AMARANTA;KOBIETA;5;22295951
VENICE;KOBIETA;5;22295956
NIVA;KOBIETA;5;22295961
LORIANA;KOBIETA;5;22295966
KIM CHI;KOBIETA;5;22295971
L?;KOBIETA;5;22295976
YAMIT;KOBIETA;5;22295981
ANASTASIIA-ANNA;KOBIETA;5;22295986
ANET;KOBIETA;5;22295991
SANJU;KOBIETA;5;22295996
RAKHI;KOBIETA;5;22296001
LANI;KOBIETA;5;22296006
CONCEPCION;KOBIETA;5;22296011
¯ASMINA;KOBIETA;5;22296016
ARIADNE;KOBIETA;5;22296021
AMEENA;KOBIETA;5;22296026
PRANAVI;KOBIETA;5;22296031
GERTRAUDE;KOBIETA;5;22296036
ÖZGÜL;KOBIETA;5;22296041
AFERDITA;KOBIETA;5;22296046
BÜSRA;KOBIETA;5;22296051
ATESSA;KOBIETA;5;22296056
TH? THANH TH?Y;KOBIETA;5;22296061
THI NGHIA;KOBIETA;5;22296066
KIM DUNG;KOBIETA;5;22296071
EFIMIA;KOBIETA;5;22296076
KAMILLE;KOBIETA;5;22296081
YEBIN;KOBIETA;5;22296086
DOROTHA;KOBIETA;5;22296091
ADILYA;KOBIETA;5;22296096
YUYAN;KOBIETA;5;22296101
LEMAN;KOBIETA;5;22296106
CONNIE;KOBIETA;5;22296111
DARYANA;KOBIETA;5;22296116
CAIHONG;KOBIETA;5;22296121
SANEM;KOBIETA;5;22296126
GOJA;KOBIETA;5;22296131
MIKEYLA;KOBIETA;5;22296136
SUMA;KOBIETA;5;22296141
VILT?;KOBIETA;5;22296146
ZHI;KOBIETA;5;22296151
ANXHELA;KOBIETA;5;22296156
NATALEE;KOBIETA;5;22296161
VINITA;KOBIETA;5;22296166
NARCISA;KOBIETA;5;22296171
JULES;KOBIETA;5;22296176
PHUONG MAI;KOBIETA;5;22296181
CHUTIMA;KOBIETA;5;22296186
SZYFRA;KOBIETA;5;22296191
SUSSAN;KOBIETA;5;22296196
AVHUSTYNA;KOBIETA;5;22296201
NATY;KOBIETA;5;22296206
KORINNA;KOBIETA;5;22296211
JIYA;KOBIETA;5;22296216
SOHYUN;KOBIETA;5;22296221
LYAZZAT;KOBIETA;5;22296226
ANIS;KOBIETA;5;22296231
NATALIIIA;KOBIETA;5;22296236
MUNKHCHIMEG;KOBIETA;5;22296241
EDELTRAND;KOBIETA;5;22296246
PIRUZA;KOBIETA;5;22296251
SELBI;KOBIETA;5;22296256
GEORGETTE;KOBIETA;5;22296261
MELITYNA;KOBIETA;5;22296266
VALBONA;KOBIETA;5;22296271
VIVIENN;KOBIETA;5;22296276
GISLINDE;KOBIETA;5;22296281
KECJA;KOBIETA;5;22296286
HILLARY;KOBIETA;5;22296291
DUBRAVKA;KOBIETA;5;22296296
BHAVNA;KOBIETA;5;22296301
LYUBOMIRA;KOBIETA;5;22296306
BEGO?A;KOBIETA;5;22296311
TR?;KOBIETA;5;22296316
YANJIE;KOBIETA;5;22296321
TSLIL;KOBIETA;5;22296326
LEILAH;KOBIETA;5;22296331
MANYAK;KOBIETA;5;22296336
THI TIEN;KOBIETA;5;22296341
KLOE;KOBIETA;5;22296346
DUMITRIÞA;KOBIETA;5;22296351
EMILINA;KOBIETA;5;22296356
IVET;KOBIETA;5;22296361
ALIE;KOBIETA;5;22296366
SANGEETHA;KOBIETA;5;22296371
MEHRIBAN;KOBIETA;5;22296376
BERNARDKA;KOBIETA;5;22296381
CHIHARU;KOBIETA;5;22296386
MALEYKA;KOBIETA;5;22296391
AKANSHA;KOBIETA;5;22296396
THI GIANG;KOBIETA;5;22296401
BOTAKOZ;KOBIETA;5;22296406
MYKHAYLYNA;KOBIETA;5;22296411
ZIYI;KOBIETA;5;22296416
MANOELA;KOBIETA;5;22296421
ROMIKA;KOBIETA;5;22296426
ZIBA;KOBIETA;5;22296431
DIALA;KOBIETA;5;22296436
CZANITA;KOBIETA;5;22296441
FARJANA;KOBIETA;5;22296446
LIBOV;KOBIETA;5;22296451
JANELL;KOBIETA;5;22296456
ISRAA;KOBIETA;5;22296461
HONGYING;KOBIETA;5;22296466
TALEEN;KOBIETA;5;22296471
JACENTYNA;KOBIETA;5;22296476
NADIRE;KOBIETA;5;22296481
SAKINAH;KOBIETA;5;22296486
ENEIDA;KOBIETA;5;22296491
TH? XUÂN;KOBIETA;5;22296496
NOBUKO;KOBIETA;5;22296501
LORETTE;KOBIETA;5;22296506
JEONGEUN;KOBIETA;5;22296511
YUJING;KOBIETA;5;22296516
SURYANA;KOBIETA;5;22296521
RHODORA;KOBIETA;5;22296526
QIANYU;KOBIETA;5;22296531
TABASSUM;KOBIETA;5;22296536
MIKIKO;KOBIETA;5;22296541
RAZIYAT;KOBIETA;5;22296546
AJLIN;KOBIETA;5;22296551
THANH BINH;KOBIETA;5;22296556
LENARA;KOBIETA;5;22296561
DEMIRKA;KOBIETA;5;22296566
ALYSSIA;KOBIETA;5;22296571
FEODOSIA;KOBIETA;5;22296576
JANTJE;KOBIETA;5;22296581
SHIPRA;KOBIETA;5;22296586
JEYRAN;KOBIETA;5;22296591
LÁRA;KOBIETA;5;22296596
YANGYANG;KOBIETA;5;22296601
AKIRA;KOBIETA;5;22296606
BÜ?RA;KOBIETA;5;22296611
LILIENNE;KOBIETA;5;22296616
JISUN;KOBIETA;5;22296621
CANDY;KOBIETA;5;22296626
BILLIE;KOBIETA;5;22296631
BRITT;KOBIETA;5;22296636
MEIMEI;KOBIETA;5;22296641
ARTEMIA;KOBIETA;5;22296646
DIVA;KOBIETA;5;22296651
MISHKA;KOBIETA;5;22296656
AYSOLTAN;KOBIETA;5;22296661
AIHUL;KOBIETA;5;22296666
YUMA;KOBIETA;5;22296671
MATHEA;KOBIETA;5;22296676
ALIN;KOBIETA;5;22296681
RUMIYA;KOBIETA;5;22296686
DZHEVRIE;KOBIETA;5;22296691
SUDIPTA;KOBIETA;5;22296696
RO¯A;KOBIETA;5;22296701
PEGAH;KOBIETA;5;22296706
SIUZAN;KOBIETA;5;22296711
ANWAR;KOBIETA;5;22296716
LIINA;KOBIETA;5;22296721
BETHEL;KOBIETA;5;22296726
TERÉZ;KOBIETA;5;22296731
MARIANTI;KOBIETA;5;22296736
BENIGDA;KOBIETA;5;22296741
AIRI;KOBIETA;5;22296746
KINJAL;KOBIETA;5;22296751
RAUZA;KOBIETA;5;22296756
THI THU PHUONG;KOBIETA;5;22296761
HOMA;KOBIETA;5;22296766
EFREMA;KOBIETA;5;22296771
SHAUNA;KOBIETA;5;22296776
KEZIA;KOBIETA;5;22296781
MEGHANA;KOBIETA;5;22296786
IUDITH;KOBIETA;5;22296791
MADINAKHON;KOBIETA;5;22296796
FEVZIE;KOBIETA;5;22296801
JEWDOKIJA;KOBIETA;5;22296806
MIGL?;KOBIETA;5;22296811
RAMITA;KOBIETA;5;22296816
DZHEMILE;KOBIETA;5;22296821
JUYEON;KOBIETA;5;22296826
YULIIA-ANNA;KOBIETA;5;22296831
D¯ULIA;KOBIETA;5;22296836
XIAOXUAN;KOBIETA;5;22296841
IMKE;KOBIETA;5;22296846
ELÉNA;KOBIETA;5;22296851
KOROLINA;KOBIETA;5;22296856
SATIK;KOBIETA;5;22296861
ISOLDA;KOBIETA;5;22296866
PARVEEN;KOBIETA;5;22296871
PRANOM;KOBIETA;5;22296876
QUYNH HUONG;KOBIETA;5;22296881
MZIIA;KOBIETA;5;22296886
ALEXANDER;KOBIETA;5;22296891
IN;KOBIETA;5;22296896
VITÓRIA;KOBIETA;5;22296901
MZIURI;KOBIETA;5;22296906
SOPHIYA;KOBIETA;5;22296911
ANNA-KHRYSTYNA;KOBIETA;5;22296916
RULA;KOBIETA;5;22296921
AIZIREK;KOBIETA;5;22296926
CORAZON;KOBIETA;5;22296931
LINAH;KOBIETA;5;22296936
KYRYLO;KOBIETA;5;22296941
S£AWIA;KOBIETA;5;22296946
NUREFªAN;KOBIETA;5;22296951
COLLIEN;KOBIETA;5;22296956
MARIE-CLAUDE;KOBIETA;5;22296961
SHANNA;KOBIETA;5;22296966
MAUDE;KOBIETA;5;22296971
THANH TRÚC;KOBIETA;5;22296976
GYULSEVIM;KOBIETA;5;22296981
GUOYING;KOBIETA;5;22296986
SLOANE;KOBIETA;5;22296991
ZOICA;KOBIETA;5;22296996
NEMEZJA;KOBIETA;5;22297001
ANSHU;KOBIETA;5;22297006
SEA;KOBIETA;5;22297011
TSEZARIIA;KOBIETA;5;22297016
CHARLOTT;KOBIETA;5;22297021
ARTURA;KOBIETA;5;22297026
KRUSZYNA;KOBIETA;5;22297031
SHAMA;KOBIETA;5;22297036
OLAMIDE;KOBIETA;5;22297041
MARIIA-VERONIKA;KOBIETA;5;22297046
GÜLDEN;KOBIETA;5;22297051
KETTY;KOBIETA;5;22297056
LAMYA;KOBIETA;5;22297061
DELGERMAA;KOBIETA;5;22297066
H??NG;KOBIETA;5;22297071
MAHNAZ;KOBIETA;5;22297076
AYLEN;KOBIETA;5;22297081
CHUNXIA;KOBIETA;5;22297086
PELINSU;KOBIETA;5;22297091
NITSA;KOBIETA;5;22297096
ISRAELA;KOBIETA;5;22297101
YADIRA;KOBIETA;5;22297106
LETI;KOBIETA;5;22297111
EUGENIE;KOBIETA;5;22297116
AHNIESHKA;KOBIETA;5;22297121
ESRANUR;KOBIETA;5;22297126
SARAI;KOBIETA;5;22297131
NOZANIN;KOBIETA;5;22297136
ROSHAN;KOBIETA;5;22297141
NADKA;KOBIETA;5;22297146
AVIGAYIL;KOBIETA;5;22297151
TEENA;KOBIETA;5;22297156
THI KIM THANH;KOBIETA;5;22297161
URSYNA;KOBIETA;5;22297166
SOFIK;KOBIETA;5;22297171
JULIJANA;KOBIETA;5;22297176
WALDA;KOBIETA;5;22297181
YIXIAO;KOBIETA;5;22297186
YAXUAN;KOBIETA;5;22297191
SHAILA;KOBIETA;5;22297196
SAAR;KOBIETA;5;22297201
DAGMAN;KOBIETA;5;22297206
MIELANA;KOBIETA;5;22297211
NOMSA;KOBIETA;5;22297216
FELIZITAS;KOBIETA;5;22297221
DESI;KOBIETA;5;22297226
ALIZ;KOBIETA;5;22297231
MISZELLA;KOBIETA;5;22297236
JIALE;KOBIETA;5;22297241
SUMIYA;KOBIETA;5;22297246
ZAFIRA;KOBIETA;5;22297251
KSANTIA;KOBIETA;5;22297256
NIKOLINKA;KOBIETA;5;22297261
HÉLÉNE;KOBIETA;5;22297266
CHARU;KOBIETA;5;22297271
ZHASMEN;KOBIETA;5;22297276
ALTHEA;KOBIETA;5;22297281
ANGELI;KOBIETA;5;22297286
CHAEYEON;KOBIETA;5;22297291
LOVISA;KOBIETA;5;22297296
TARLAN;KOBIETA;5;22297301
MILOLIKA;KOBIETA;5;22297306
BEGAIYM;KOBIETA;5;22297311
PATRISIIA;KOBIETA;5;22297316
ILKHAME;KOBIETA;5;22297321
CHIDERA;KOBIETA;5;22297326
KHLOÉ;KOBIETA;5;22297331
JIAOJIAO;KOBIETA;5;22297336
THI MY LINH;KOBIETA;5;22297341
LILAS;KOBIETA;5;22297346
SHUTING;KOBIETA;5;22297351
SIEGRIDA;KOBIETA;5;22297356
NARIA;KOBIETA;5;22297361
AQSA;KOBIETA;5;22297366
SHAGUN;KOBIETA;5;22297371
PIALA;KOBIETA;5;22297376
LEYSAN;KOBIETA;5;22297381
LATAVRA;KOBIETA;5;22297386
AFRICA;KOBIETA;5;22297391
MAAIKE;KOBIETA;5;22297396
ARAY;KOBIETA;5;22297401
JOSEPHIN;KOBIETA;5;22297406
REZIDA;KOBIETA;5;22297411
HONG VAN;KOBIETA;5;22297416
JAMIN;KOBIETA;5;22297421
NURI;KOBIETA;5;22297426
ENIOLA;KOBIETA;5;22297431
AMANDEEP;KOBIETA;5;22297436
RINKA;KOBIETA;5;22297441
FEYZANUR;KOBIETA;5;22297446
CHARITO;KOBIETA;5;22297451
RANDI;KOBIETA;5;22297456
CHISATO;KOBIETA;5;22297461
ASMATI;KOBIETA;5;22297466
HAMIDE;KOBIETA;5;22297471
ADAMMA;KOBIETA;5;22297476
LUBAVA;KOBIETA;5;22297481
HYEMI;KOBIETA;5;22297486
VATSLAVA;KOBIETA;5;22297491
SAPHIRA;KOBIETA;5;22297496
BARBRO;KOBIETA;5;22297501
MARIN;KOBIETA;5;22297506
TADIWA;KOBIETA;5;22297511
THANH HUONG;KOBIETA;5;22297516
MAIT?;KOBIETA;5;22297521
WINIS£AWA;KOBIETA;5;22297526
LAMEES;KOBIETA;5;22297531
OLEKSNDRA;KOBIETA;5;22297536
NI NENGAH;KOBIETA;5;22297541
BOYOUNG;KOBIETA;5;22297546
YOSHIMI;KOBIETA;5;22297551
KATARINE;KOBIETA;5;22297556
NI?A;KOBIETA;5;22297561
DANIZ;KOBIETA;5;22297566
ALÍCIA;KOBIETA;5;22297571
RAMIDA;KOBIETA;5;22297576
VIRYNEIA;KOBIETA;5;22297581
HENA;KOBIETA;5;22297586
JARZÊBINA;KOBIETA;5;22297591
AYANDA;KOBIETA;5;22297596
MIRAN;KOBIETA;5;22297601
MICA;KOBIETA;5;22297606
JOCELYNE;KOBIETA;5;22297611
DORSA;KOBIETA;5;22297616
ELIZE;KOBIETA;5;22297621
ANORA;KOBIETA;5;22297626
LADAN;KOBIETA;5;22297631
ANIRA;KOBIETA;5;22297636
LEONINA;KOBIETA;5;22297641
NAJNA;KOBIETA;5;22297646
ELETTRA;KOBIETA;5;22297651
THI NHAN;KOBIETA;5;22297656
LIKERIIA;KOBIETA;5;22297661
SORAIA;KOBIETA;5;22297666
MEL?HA;KOBIETA;5;22297671
SOPFIA;KOBIETA;5;22297676
MARIAMNA;KOBIETA;5;22297681
NEDKA;KOBIETA;5;22297686
KSENYIA;KOBIETA;5;22297691
ROJA;KOBIETA;5;22297696
PHYLLIS;KOBIETA;5;22297701
LENARDA;KOBIETA;5;22297706
DONATYLLA;KOBIETA;5;22297711
TRI;KOBIETA;5;22297716
ACULINA;KOBIETA;5;22297721
HUIYING;KOBIETA;5;22297726
KIM NGÂN;KOBIETA;5;22297731
EFTIMIA;KOBIETA;5;22297736
GULJAN;KOBIETA;5;22297741
DO?A;KOBIETA;5;22297746
KIYA;KOBIETA;5;22297751
YULANA;KOBIETA;5;22297756
REDIET;KOBIETA;5;22297761
TH? THANH H?;KOBIETA;5;22297766
MOJCA;KOBIETA;5;22297771
TRUPTI;KOBIETA;5;22297776
SOFIY;KOBIETA;5;22297781
HAIFA;KOBIETA;5;22297786
¯AMILA;KOBIETA;5;22297791
EUNKYUNG;KOBIETA;5;22297796
NISAN;KOBIETA;5;22297801
LIMON;KOBIETA;5;22297806
ADVIKA;KOBIETA;5;22297811
PRAJAKTA;KOBIETA;5;22297816
SUITLANA;KOBIETA;5;22297821
AVIA;KOBIETA;5;22297826
CLAUDETTE;KOBIETA;5;22297831
SELIME;KOBIETA;5;22297836
KIEU;KOBIETA;5;22297841
ESHA;KOBIETA;5;22297846
SURAIA;KOBIETA;5;22297851
SIRIA;KOBIETA;5;22297856
RITVA;KOBIETA;5;22297861
MANDEEP;KOBIETA;5;22297866
KYONG SUK;KOBIETA;5;22297871
GHIZLANE;KOBIETA;5;22297876
TUONG VY;KOBIETA;5;22297881
ATIA;KOBIETA;5;22297886
JUHEE;KOBIETA;5;22297891
SNEZHA;KOBIETA;5;22297896
DANIELIA;KOBIETA;5;22297901
SHUYING;KOBIETA;5;22297906
IBTISAM;KOBIETA;5;22297911
YOUNGSUN;KOBIETA;5;22297916
ANGELIA;KOBIETA;5;22297921
RADIA;KOBIETA;5;22297926
THI CHINH;KOBIETA;5;22297931
HYACYNTA;KOBIETA;5;22297936
GULSARA;KOBIETA;5;22297941
HALIA;KOBIETA;5;22297946
HUIMIN;KOBIETA;5;22297951
NURªEN;KOBIETA;5;22297956
FREDERIKA;KOBIETA;5;22297961
SZERIN;KOBIETA;5;22297966
DALIYA;KOBIETA;5;22297971
DANYA;KOBIETA;5;22297976
MALYNA;KOBIETA;5;22297981
FARIBA;KOBIETA;5;22297986
EMELITA;KOBIETA;5;22297991
IVANNA-YANA;KOBIETA;5;22297996
HANIN;KOBIETA;5;22298001
TH?Y TRANG;KOBIETA;5;22298006
THI DAO;KOBIETA;5;22298011
MITCHELLE;KOBIETA;5;22298016
MALCA;KOBIETA;5;22298021
GULBAKHOR;KOBIETA;5;22298026
ISHANI;KOBIETA;5;22298031
MELAT;KOBIETA;5;22298036
DILAJLA;KOBIETA;5;22298041
AMAYRA;KOBIETA;5;22298046
ANIELLA;KOBIETA;5;22298051
RUICA;KOBIETA;5;22298056
THI MINH THU;KOBIETA;5;22298061
ZEBUNISO;KOBIETA;5;22298066
KATINKA;KOBIETA;5;22298071
LENORA;KOBIETA;5;22298076
YEREMIIA;KOBIETA;5;22298081
PRANEE;KOBIETA;5;22298086
ARIUNZAYA;KOBIETA;5;22298091
ATIYA;KOBIETA;5;22298096
EFTHALIA;KOBIETA;5;22298101
TUKAZBAN;KOBIETA;5;22298106
MILJA;KOBIETA;5;22298111
ZINADIA;KOBIETA;5;22298116
MÂNDRA;KOBIETA;5;22298121
KLEMENTINA;KOBIETA;5;22298126
GAYOUNG;KOBIETA;5;22298131
MANDANA;KOBIETA;5;22298136
KONSTANDINA;KOBIETA;5;22298141
OLUWATOSIN;KOBIETA;5;22298146
PREMA;KOBIETA;5;22298151
ESTHERA;KOBIETA;5;22298156
ZEYNEB;KOBIETA;5;22298161
TUE NHI;KOBIETA;5;22298166
GUMRU;KOBIETA;5;22298171
MAISHA;KOBIETA;5;22298176
KAR?NA;KOBIETA;5;22298181
ALFIRA;KOBIETA;5;22298186
VI;KOBIETA;5;22298191
AKWILINA;KOBIETA;5;22298196
ALINA-MARIA;KOBIETA;5;22298201
BHAVANI;KOBIETA;5;22298206
TSOLMON;KOBIETA;5;22298211
HAJA;KOBIETA;5;22298216
GWENDOLINE;KOBIETA;5;22298221
MARKA;KOBIETA;5;22298226
OLGIERDA;KOBIETA;5;22298231
LUKIA;KOBIETA;5;22298236
GULNAZI;KOBIETA;5;22298241
SEJAL;KOBIETA;5;22298246
TZILA;KOBIETA;5;22298251
TARU;KOBIETA;5;22298256
HENRYETA;KOBIETA;5;22298261
YASSMINA;KOBIETA;5;22298266
TARIA;KOBIETA;5;22298271
TAIR;KOBIETA;5;22298276
FOZIA;KOBIETA;5;22298281
NUBAR;KOBIETA;5;22298286
LEMONIA;KOBIETA;5;22298291
HEEJIN;KOBIETA;5;22298296
NICKY;KOBIETA;5;22298301
LOICE;KOBIETA;5;22298306
KAROLINA-MARIIA;KOBIETA;5;22298311
SYNDI;KOBIETA;5;22298316
BILKIS;KOBIETA;5;22298321
AILYN;KOBIETA;5;22298326
ELIANORA;KOBIETA;5;22298331
PRESILLA;KOBIETA;5;22298336
HYEJI;KOBIETA;5;22298341
JELIENA;KOBIETA;5;22298346
ZYGRID;KOBIETA;5;22298351
ANUSZ;KOBIETA;5;22298356
KHOLOUD;KOBIETA;5;22298361
MISAKI;KOBIETA;5;22298366
KENDALL;KOBIETA;5;22298371
SARVINOZ;KOBIETA;5;22298376
EDONA;KOBIETA;5;22298381
OLWIA;KOBIETA;5;22298386
TOS£AWA;KOBIETA;5;22298391
HALLEL;KOBIETA;5;22298396
AL'ONA;KOBIETA;5;22298401
CATRIONA;KOBIETA;5;22298406
NILDA;KOBIETA;5;22298411
HERDA;KOBIETA;5;22298416
RIHAM;KOBIETA;5;22298421
CHRYSTINA;KOBIETA;5;22298426
EUSTACHA;KOBIETA;5;22298431
SALEM;KOBIETA;5;22298436
LAEL;KOBIETA;5;22298441
RATNA;KOBIETA;5;22298446
GERELTUYA;KOBIETA;5;22298451
IAEL;KOBIETA;5;22298456
MARIANE;KOBIETA;5;22298461
WERIDIANA;KOBIETA;5;22298466
SUYAN;KOBIETA;5;22298471
MEREL;KOBIETA;5;22298476
SIGLINDA;KOBIETA;5;22298481
POLYXENI;KOBIETA;5;22298486
THI AN;KOBIETA;5;22298491
YUPING;KOBIETA;5;22298496
XINRU;KOBIETA;5;22298501
FEBE;KOBIETA;5;22298506
CECILLE;KOBIETA;5;22298511
SIDIKA;KOBIETA;5;22298516
SVTLANA;KOBIETA;5;22298521
IN?RA;KOBIETA;5;22298526
EL¯A;KOBIETA;5;22298531
KHRYSTYNA-IVANNA;KOBIETA;5;22298536
LE?LA;KOBIETA;5;22298541
SHAHLA;KOBIETA;5;22298546
JAMILIA;KOBIETA;5;22298551
HELIA;KOBIETA;5;22298556
PLAMENA;KOBIETA;5;22298561
QUYEN;KOBIETA;5;22298566
AMARJARGAL;KOBIETA;5;22298571
LIZETE;KOBIETA;5;22298576
LUMINIÞA;KOBIETA;5;22298581
SEDANUR;KOBIETA;5;22298586
FIRA;KOBIETA;5;22298591
MAYLEN;KOBIETA;5;22298596
YI-HSUAN;KOBIETA;5;22298601
IDA AYU PUTU;KOBIETA;5;22298606
LONE;KOBIETA;5;22298611
CHARO;KOBIETA;5;22298616
KHRYSTINA;KOBIETA;5;22298621
AMENI;KOBIETA;5;22298626
AYDZHAN;KOBIETA;5;22298631
ALONIA;KOBIETA;5;22298636
KIRANA;KOBIETA;5;22298641
REMEDIOS;KOBIETA;5;22298646
SMITHA;KOBIETA;5;22298651
SHUANGSHUANG;KOBIETA;5;22298656
ULDUZ;KOBIETA;5;22298661
PETRANKA;KOBIETA;5;22298666
PIPER;KOBIETA;5;22298671
LUIGIA;KOBIETA;5;22298676
YULING;KOBIETA;5;22298681
SEZIM;KOBIETA;5;22298686
TH? THOA;KOBIETA;5;22298691
A?ONA;KOBIETA;5;22298696
GERD;KOBIETA;5;22298701
LOLITTA;KOBIETA;5;22298706
MARIE-LAURE;KOBIETA;5;22298711
ZHDANA;KOBIETA;5;22298716
PARASKEVA;KOBIETA;5;22298721
AARVI;KOBIETA;5;22298726
JANJA;KOBIETA;5;22298731
GENOEFA;KOBIETA;5;22298736
XIAOCHEN;KOBIETA;5;22298741
GUNCHA;KOBIETA;5;22298746
VITANA;KOBIETA;5;22298751
KANI;KOBIETA;5;22298756
CONCHITA;KOBIETA;5;22298761
MEIYAN;KOBIETA;5;22298766
BOLORTUYA;KOBIETA;5;22298771
MARIIA-KATERYNA;KOBIETA;5;22298776
CASSEY;KOBIETA;5;22298781
CHARIKLEIA;KOBIETA;5;22298786
LUISINA;KOBIETA;5;22298791
BEATRISA;KOBIETA;5;22298796
ADRINE;KOBIETA;5;22298801
HANNI;KOBIETA;5;22298806
CATIA;KOBIETA;5;22298811
COSMINA;KOBIETA;5;22298816
HYE GYONG;KOBIETA;5;22298821
SHANTELLE;KOBIETA;5;22298826
YIHUA;KOBIETA;5;22298831
AREVHAT;KOBIETA;5;22298836
D¯ASTINA;KOBIETA;5;22298841
NIENKE;KOBIETA;5;22298846
SOLOMIYA-MARIYA;KOBIETA;5;22298851
JAYANTI;KOBIETA;5;22298856
SURBHI;KOBIETA;5;22298861
TH? T??I;KOBIETA;5;22298866
ENKHTSETSEG;KOBIETA;5;22298871
OLESA;KOBIETA;5;22298876
ERMIONI;KOBIETA;5;22298881
MILAN;KOBIETA;5;22298886
DEEPTHI;KOBIETA;5;22298891
OYUNCHIMEG;KOBIETA;5;22298896
JIALIN;KOBIETA;5;22298901
OLANNA;KOBIETA;5;22298906
TASHINGA;KOBIETA;5;22298911
JOLEEN;KOBIETA;5;22298916
RAKHIL;KOBIETA;5;22298921
SEÇ?L;KOBIETA;5;22298926
KÁTIA;KOBIETA;5;22298931
JIANHONG;KOBIETA;5;22298936
MANASI;KOBIETA;5;22298941
MARYEM;KOBIETA;5;22298946
JENALYN;KOBIETA;5;22298951
REMIGIUSZA;KOBIETA;5;22298956
MISHELL;KOBIETA;5;22298961
REJMUNDA;KOBIETA;5;22298966
SENIA;KOBIETA;5;22298971
GRAZHYNA;KOBIETA;5;22298976
OL'HA;KOBIETA;5;22298981
¯ENIS£AWA;KOBIETA;5;22298986
RYSHARDA;KOBIETA;5;22298991
MAGA;KOBIETA;5;22298996
ATIANA;KOBIETA;5;22299001
LILIK;KOBIETA;5;22299006
CHIAKI;KOBIETA;5;22299011
NIEVES;KOBIETA;5;22299016
BINU;KOBIETA;5;22299021
EVELYNA;KOBIETA;5;22299026
YOGITA;KOBIETA;5;22299031
KHAVASHI;KOBIETA;5;22299036
WENXIN;KOBIETA;5;22299041
MÜNEVVER;KOBIETA;5;22299046
MILLI;KOBIETA;5;22299051
DIMITRICHKA;KOBIETA;5;22299056
BALAUSSA;KOBIETA;5;22299061
KIEU ANH;KOBIETA;5;22299066
SINQOBILE;KOBIETA;5;22299071
THI THUY DUNG;KOBIETA;5;22299076
ANGELIE;KOBIETA;5;22299081
MEDA;KOBIETA;5;22299086
VIRSAVIA;KOBIETA;5;22299091
FEDERIKA;KOBIETA;5;22299096
VICTORINE;KOBIETA;5;22299101
AINE;KOBIETA;5;22299106
H?NG NHUNG;KOBIETA;5;22299111
KENIA;KOBIETA;5;22299116
ATANASIA;KOBIETA;5;22299121
HARITHA;KOBIETA;5;22299126
ARIONA;KOBIETA;5;22299131
SHARIFA;KOBIETA;5;22299136
KETA;KOBIETA;5;22299141
INIKA;KOBIETA;5;22299146
HADASSAH;KOBIETA;5;22299151
ARATI;KOBIETA;5;22299156
RAHIMA;KOBIETA;5;22299161
CHAE;KOBIETA;5;22299166
URULA;KOBIETA;5;22299171
SYNITA;KOBIETA;5;22299176
AYCA;KOBIETA;5;22299181
DAVYD;KOBIETA;5;22299186
BASAK;KOBIETA;5;22299191
ENKHZAYA;KOBIETA;5;22299196
LILANNA;KOBIETA;5;22299201
SREE;KOBIETA;5;22299206
DAVINDER KAUR;KOBIETA;5;22299211
BURCIN;KOBIETA;5;22299216
LIRIDONA;KOBIETA;5;22299221
RYTTA;KOBIETA;5;22299226
WESELINA;KOBIETA;5;22299231
IMMA;KOBIETA;5;22299236
TH? THU TH?Y;KOBIETA;5;22299241
NIVI;KOBIETA;5;22299246
LOGAN;KOBIETA;5;22299251
KANDYDA;KOBIETA;5;22299256
JULIETH;KOBIETA;5;22299261
BLESSY;KOBIETA;5;22299266
ZVEZDA;KOBIETA;5;22299271
ELEANA;KOBIETA;5;22299276
MUHABBAT;KOBIETA;5;22299281
SUIN;KOBIETA;5;22299286
EEVA;KOBIETA;5;22299291
MAKSIM;KOBIETA;5;22299296
APEKSHA;KOBIETA;5;22299301
LEANN;KOBIETA;5;22299306
JEENA;KOBIETA;5;22299311
MINJUNG;KOBIETA;5;22299316
DORIANE;KOBIETA;5;22299321
LYA;KOBIETA;5;22299326
HYERIN;KOBIETA;5;22299331
JANIE;KOBIETA;5;22299336
ELMYRA;KOBIETA;5;22299341
NAVIT;KOBIETA;5;22299346
SHARLOTTA;KOBIETA;5;22299351
TUÞA;KOBIETA;5;22299356
HONGFEN;KOBIETA;5;22299361
ROKSO£ANA;KOBIETA;5;22299366
IUNONA;KOBIETA;5;22299371
TH? TH?NH;KOBIETA;5;22299376
THAM;KOBIETA;5;22299381
MINORI;KOBIETA;5;22299386
CARMELINA;KOBIETA;5;22299391
NATALINA;KOBIETA;5;22299396
ZIQI;KOBIETA;5;22299401
SÉVERINE;KOBIETA;5;22299406
CHUNLAN;KOBIETA;5;22299411
ANTÓNIA;KOBIETA;5;22299416
SLAVYANA;KOBIETA;5;22299421
GULTAKIN;KOBIETA;5;22299426
MARILIA;KOBIETA;5;22299431
YI-CHUN;KOBIETA;5;22299436
CLIO;KOBIETA;5;22299441
DALITA;KOBIETA;5;22299446
MADLEEN;KOBIETA;5;22299451
NI MADE AYU;KOBIETA;5;22299456
SHERLYN;KOBIETA;5;22299461
THI CHUNG;KOBIETA;5;22299466
BAIGALMAA;KOBIETA;5;22299471
TAPIWA;KOBIETA;5;22299476
MIYREM;KOBIETA;5;22299481
OLESIA-MARIIA;KOBIETA;5;22299486
MELLISSA;KOBIETA;5;22299491
KANNIKA;KOBIETA;5;22299496
WANGELICA;KOBIETA;5;22299501
FLORINDA;KOBIETA;5;22299506
MURA;KOBIETA;5;22299511
ALPHA;KOBIETA;5;22299516
ANUJIN;KOBIETA;5;22299521
DARKA;KOBIETA;5;22299526
TRISHIKA;KOBIETA;5;22299531
YEª?M;KOBIETA;5;22299536
SHIZHANA;KOBIETA;5;22299541
NAYANA;KOBIETA;5;22299546
INDIGO;KOBIETA;5;22299551
AKSINNIA;KOBIETA;5;22299556
MANASA;KOBIETA;5;22299561
FLORE;KOBIETA;5;22299566
ASUKA;KOBIETA;5;22299571
KHUSHBU;KOBIETA;5;22299576
QUY;KOBIETA;5;22299581
HONORINE;KOBIETA;5;22299586
NICO;KOBIETA;5;22299591
DHWANI;KOBIETA;5;22299596
WINICJA;KOBIETA;5;22299601
LUJAIN;KOBIETA;5;22299606
ALMAZ;KOBIETA;5;22299611
CHAITRA;KOBIETA;5;22299616
MARIY;KOBIETA;5;22299621
MOMOKO;KOBIETA;5;22299626
CARMELLA;KOBIETA;5;22299631
THURAYA;KOBIETA;5;22299636
KOURTNEY;KOBIETA;5;22299641
SERINA;KOBIETA;5;22299646
HUSNA;KOBIETA;5;22299651
SHIN;KOBIETA;5;22299656
PAYTON;KOBIETA;5;22299661
SIMELA;KOBIETA;5;22299666
MINCHAE;KOBIETA;5;22299671
AMELJA;KOBIETA;5;22299676
SERIFE;KOBIETA;5;22299681
GUL;KOBIETA;5;22299686
YESEO;KOBIETA;5;22299691
KSAWERIA;KOBIETA;5;22299696
DEMETRIA;KOBIETA;5;22299701
ÜMMÜGÜLSÜM;KOBIETA;5;22299706
KAROLIINA;KOBIETA;5;22299711
JOELLA;KOBIETA;5;22299716
TOLULOPE;KOBIETA;5;22299721
SHIELA;KOBIETA;5;22299726
KUSUM;KOBIETA;5;22299731
REVATHY;KOBIETA;5;22299736
YU-CHING;KOBIETA;5;22299741
SERPIL;KOBIETA;5;22299746
YIQING;KOBIETA;5;22299751
ROBINA;KOBIETA;5;22299756
MYKYTA;KOBIETA;5;22299761
SVIET£ANA;KOBIETA;5;22299766
THI HAI YEN;KOBIETA;5;22299771
KHEIRA;KOBIETA;5;22299776
HYOJIN;KOBIETA;5;22299781
JELYN;KOBIETA;5;22299786
ARYIADNA;KOBIETA;5;22299791
ETTY;KOBIETA;5;22299796
GULNOZA;KOBIETA;5;22299801
YANFEI;KOBIETA;5;22299806
ORNELIA;KOBIETA;5;22299811
SESILIA;KOBIETA;5;22299816
VANITHA;KOBIETA;5;22299821
SVETIK;KOBIETA;5;22299826
GRIZELDA;KOBIETA;5;22299831
CAM TU;KOBIETA;5;22299836
LIDAR;KOBIETA;5;22299841
LAIMUTE;KOBIETA;5;22299846
MERRY;KOBIETA;5;22299851
LIYUAN;KOBIETA;5;22299856
KATHE;KOBIETA;5;22299861
ALANIS;KOBIETA;5;22299866
ASSIIA;KOBIETA;5;22299871
ZHAO;KOBIETA;5;22299876
ZULEMA;KOBIETA;5;22299881
AGNE;KOBIETA;5;22299886
ENKHJARGAL;KOBIETA;5;22299891
JISU;KOBIETA;5;22299896
ZHANERKE;KOBIETA;5;22299901
MITA;KOBIETA;5;22299906
RAUAN;KOBIETA;5;22299911
SHTEFANIIA;KOBIETA;5;22299916
ETEL;KOBIETA;5;22299921
KVITANA;KOBIETA;5;22299926
DRAHOMIRA;KOBIETA;5;22299931
AAROHI;KOBIETA;5;22299936
ZAHIRA;KOBIETA;5;22299941
ETTA;KOBIETA;5;22299946
ZOFIJA;KOBIETA;5;22299951
DIAMANTA;KOBIETA;5;22299956
REINHILDE;KOBIETA;5;22299961
ELADA;KOBIETA;5;22299966
JANANI;KOBIETA;5;22299971
IJRAN;KOBIETA;5;22299976
WINETA;KOBIETA;5;22299981
GRIT;KOBIETA;5;22299986
PERSIDA;KOBIETA;5;22299991
ZARIMA;KOBIETA;5;22299996
MÉLODIE;KOBIETA;5;22300001
QIAO;KOBIETA;5;22300006
LAARNI;KOBIETA;5;22300011
JINGYU;KOBIETA;5;22300016
NAIRI;KOBIETA;5;22300021
XING;KOBIETA;5;22300026
NARINDER;KOBIETA;5;22300031
TANUJA;KOBIETA;5;22300036
ADIBA;KOBIETA;5;22300041
DZHENIFER;KOBIETA;5;22300046
THI MINH HUE;KOBIETA;5;22300051
THI LOC;KOBIETA;5;22300056
AKSHITA;KOBIETA;5;22300061
TH?;KOBIETA;5;22300066
H? MY;KOBIETA;5;22300071
LAN PHUONG;KOBIETA;5;22300076
MOUNIKA;KOBIETA;5;22300081
LOISE;KOBIETA;5;22300086
RASHIDA;KOBIETA;5;22300091
JISHA;KOBIETA;5;22300096
TEHMINE;KOBIETA;5;22300101
AY?E;KOBIETA;5;22300106
BERIVAN;KOBIETA;5;22300111
SIRAN;KOBIETA;5;22300116
SLAVENA;KOBIETA;5;22300121
NIHINA;KOBIETA;5;22300126
ROSHNI;KOBIETA;5;22300131
LORENTYNA;KOBIETA;5;22300136
CONSTANCIA;KOBIETA;5;22300141
RANJINI;KOBIETA;5;22300146
CHUNMEI;KOBIETA;5;22300151
ROSICA;KOBIETA;5;22300156
DIPTI;KOBIETA;5;22300161
DOLORESA;KOBIETA;5;22300166
B?O;KOBIETA;5;22300171
NGOC BICH;KOBIETA;5;22300176
VARSENIK;KOBIETA;5;22300181
LEEYA;KOBIETA;5;22300186
CHAEYUN;KOBIETA;5;22300191
LANIE;KOBIETA;5;22300196
ZIYUE;KOBIETA;5;22300201
PATI;KOBIETA;5;22300206
EUNKYOUNG;KOBIETA;5;22300211
FRÉDÉRIQUE;KOBIETA;5;22300216
FANKA;KOBIETA;5;22300221
JUNGAH;KOBIETA;5;22300226
HANNA-MARYIA;KOBIETA;5;22300231
CÄCILIA;KOBIETA;5;22300236
MIOK;KOBIETA;5;22300241
ARA;KOBIETA;5;22300246
SHANEL;KOBIETA;5;22300251
JODI;KOBIETA;5;22300256
DI?U;KOBIETA;5;22300261
RADISLAVA;KOBIETA;5;22300266
SURAY;KOBIETA;5;22300271
BENILDA;KOBIETA;5;22300276
MOYA;KOBIETA;5;22300281
AZUSA;KOBIETA;4;22300285
DOMITILLE;KOBIETA;4;22300289
TENIS£AWA;KOBIETA;4;22300293
LATIFE;KOBIETA;4;22300297
SEVILAY;KOBIETA;4;22300301
NERINA;KOBIETA;4;22300305
NISRINE;KOBIETA;4;22300309
AIMILIA;KOBIETA;4;22300313
GAUHAR;KOBIETA;4;22300317
ROBELYN;KOBIETA;4;22300321
TIEN;KOBIETA;4;22300325
AAYUSHI;KOBIETA;4;22300329
ANNA - MARIIA;KOBIETA;4;22300333
THANH VAN;KOBIETA;4;22300337
PERRINE;KOBIETA;4;22300341
IEVGENA;KOBIETA;4;22300345
DAHEE;KOBIETA;4;22300349
SUELLEN;KOBIETA;4;22300353
DUANKA;KOBIETA;4;22300357
ERIONA;KOBIETA;4;22300361
FERN;KOBIETA;4;22300365
TUTKU;KOBIETA;4;22300369
LUSJANA;KOBIETA;4;22300373
KASUMI;KOBIETA;4;22300377
BORAM;KOBIETA;4;22300381
XINQI;KOBIETA;4;22300385
ALAYA;KOBIETA;4;22300389
RUHIYYA;KOBIETA;4;22300393
NAILI;KOBIETA;4;22300397
TAVUS;KOBIETA;4;22300401
ZHENZHEN;KOBIETA;4;22300405
JENNIFFER;KOBIETA;4;22300409
BEDIA;KOBIETA;4;22300413
BHUMI;KOBIETA;4;22300417
ZYTTA;KOBIETA;4;22300421
OLIVER;KOBIETA;4;22300425
LYNDSEY;KOBIETA;4;22300429
HARMONY;KOBIETA;4;22300433
NUNUFAR;KOBIETA;4;22300437
NIVES;KOBIETA;4;22300441
MANLI;KOBIETA;4;22300445
KIM THANH;KOBIETA;4;22300449
SO YEON;KOBIETA;4;22300453
ANGIELIKI;KOBIETA;4;22300457
JIANING;KOBIETA;4;22300461
MATINA;KOBIETA;4;22300465
ONELIA;KOBIETA;4;22300469
HARJOT;KOBIETA;4;22300473
CAROLYNE;KOBIETA;4;22300477
GULJEMAL;KOBIETA;4;22300481
MAJKEN;KOBIETA;4;22300485
SHONA;KOBIETA;4;22300489
SAFI;KOBIETA;4;22300493
THI TRINH;KOBIETA;4;22300497
QIQI;KOBIETA;4;22300501
MEREKE;KOBIETA;4;22300505
FARZONA;KOBIETA;4;22300509
SAROLTA;KOBIETA;4;22300513
LIDYIA;KOBIETA;4;22300517
KRYSTYN;KOBIETA;4;22300521
CHADIA;KOBIETA;4;22300525
ISSABELLA;KOBIETA;4;22300529
IESENIIA;KOBIETA;4;22300533
DZHYNA;KOBIETA;4;22300537
VIMBAINASHE;KOBIETA;4;22300541
LEYAN;KOBIETA;4;22300545
ALOJZIA;KOBIETA;4;22300549
YULIN;KOBIETA;4;22300553
RUK?YE;KOBIETA;4;22300557
SVEA;KOBIETA;4;22300561
JAEEUN;KOBIETA;4;22300565
IROIDA;KOBIETA;4;22300569
NOEMÍ;KOBIETA;4;22300573
ONON;KOBIETA;4;22300577
MARIIA-VALERIIA;KOBIETA;4;22300581
JANAINA;KOBIETA;4;22300585
LANZHEN;KOBIETA;4;22300589
HERMA;KOBIETA;4;22300593
NATA?JA;KOBIETA;4;22300597
LEISA;KOBIETA;4;22300601
KHUSLEN;KOBIETA;4;22300605
ARPIK;KOBIETA;4;22300609
SAANA;KOBIETA;4;22300613
ELPINIKI;KOBIETA;4;22300617
UNDARMAA;KOBIETA;4;22300621
KAMI;KOBIETA;4;22300625
JIYUL;KOBIETA;4;22300629
BRATYS£AWA;KOBIETA;4;22300633
LICIA;KOBIETA;4;22300637
NEELA;KOBIETA;4;22300641
OPEYEMI;KOBIETA;4;22300645
GABRIËLLA;KOBIETA;4;22300649
MAKO;KOBIETA;4;22300653
AKEMI;KOBIETA;4;22300657
ZULEJKA;KOBIETA;4;22300661
ANHELIIA;KOBIETA;4;22300665
FUYING;KOBIETA;4;22300669
HERIKNAZ;KOBIETA;4;22300673
ZHENG;KOBIETA;4;22300677
IMMACULATE;KOBIETA;4;22300681
ARNA;KOBIETA;4;22300685
WEIHONG;KOBIETA;4;22300689
ZHORZHETA;KOBIETA;4;22300693
KAMILA-MARIIA;KOBIETA;4;22300697
JUMEI;KOBIETA;4;22300701
MELCHIORA;KOBIETA;4;22300705
DOBRINKA;KOBIETA;4;22300709
YEON;KOBIETA;4;22300713
BO¯YNA;KOBIETA;4;22300717
MILANKA;KOBIETA;4;22300721
ALYS;KOBIETA;4;22300725
RIINA;KOBIETA;4;22300729
XIAODONG;KOBIETA;4;22300733
ROBIYA;KOBIETA;4;22300737
HAYUN;KOBIETA;4;22300741
ANNEKE;KOBIETA;4;22300745
AMALIJA;KOBIETA;4;22300749
HUYEN ANH;KOBIETA;4;22300753
DANAYA;KOBIETA;4;22300757
OYUNGEREL;KOBIETA;4;22300761
FITRIA;KOBIETA;4;22300765
HAYET;KOBIETA;4;22300769
DHARA;KOBIETA;4;22300773
TIGIST;KOBIETA;4;22300777
EDISSA;KOBIETA;4;22300781
SUNGHEE;KOBIETA;4;22300785
XIAOMENG;KOBIETA;4;22300789
GEÓRGIA;KOBIETA;4;22300793
DIIANA;KOBIETA;4;22300797
AINASH;KOBIETA;4;22300801
F?GEN;KOBIETA;4;22300805
SERENAY;KOBIETA;4;22300809
ARAKS;KOBIETA;4;22300813
DILANA;KOBIETA;4;22300817
SAMRIDDHI;KOBIETA;4;22300821
AMOR;KOBIETA;4;22300825
YEVLALIIA;KOBIETA;4;22300829
ATAR;KOBIETA;4;22300833
RÜVEYDA;KOBIETA;4;22300837
DIEM QUYNH;KOBIETA;4;22300841
MIJEONG;KOBIETA;4;22300845
TOBY;KOBIETA;4;22300849
TH? THU HUY?N;KOBIETA;4;22300853
MARILUZ;KOBIETA;4;22300857
ADELTRAUD;KOBIETA;4;22300861
HORTENZJA;KOBIETA;4;22300865
MEREY;KOBIETA;4;22300869
ANIQA;KOBIETA;4;22300873
ROZAN;KOBIETA;4;22300877
CHEJA;KOBIETA;4;22300881
MOKHINUR;KOBIETA;4;22300885
GIUNASH;KOBIETA;4;22300889
BOZHENA-MARIIA;KOBIETA;4;22300893
EUNBI;KOBIETA;4;22300897
DAMINI;KOBIETA;4;22300901
AZUCENA;KOBIETA;4;22300905
KOVALENKO;KOBIETA;4;22300909
ANNA LIZA;KOBIETA;4;22300913
SUSU;KOBIETA;4;22300917
NURZHAMAL;KOBIETA;4;22300921
TALLULAH;KOBIETA;4;22300925
JUHYUN;KOBIETA;4;22300929
CRISTINA-ELENA;KOBIETA;4;22300933
ZIA;KOBIETA;4;22300937
SINDHUJA;KOBIETA;4;22300941
KHAPTA;KOBIETA;4;22300945
VIKORIIA;KOBIETA;4;22300949
MEYA;KOBIETA;4;22300953
PRABHLEEN;KOBIETA;4;22300957
HUÖNG;KOBIETA;4;22300961
STEFANJA;KOBIETA;4;22300965
YELYZAVETA-MARIIA;KOBIETA;4;22300969
ROSEL;KOBIETA;4;22300973
ELVIA;KOBIETA;4;22300977
BETA;KOBIETA;4;22300981
GORICA;KOBIETA;4;22300985
SARYA;KOBIETA;4;22300989
SEMIRAMIDA;KOBIETA;4;22300993
TO;KOBIETA;4;22300997
MYAGMARSUREN;KOBIETA;4;22301001
H?I;KOBIETA;4;22301005
JIYE;KOBIETA;4;22301009
MAI HUONG;KOBIETA;4;22301013
IRIDA;KOBIETA;4;22301017
DI?U ANH;KOBIETA;4;22301021
XIAOMING;KOBIETA;4;22301025
ZITTA;KOBIETA;4;22301029
ALDARA;KOBIETA;4;22301033
RAVZA;KOBIETA;4;22301037
MAVLUDA;KOBIETA;4;22301041
ATHIRA;KOBIETA;4;22301045
TH? CÚC;KOBIETA;4;22301049
BIBIGUL;KOBIETA;4;22301053
WESAM;KOBIETA;4;22301057
MALENE;KOBIETA;4;22301061
UYEN NHI;KOBIETA;4;22301065
CONNY;KOBIETA;4;22301069
PEI-HSUAN;KOBIETA;4;22301073
JUNG MI;KOBIETA;4;22301077
KERIME;KOBIETA;4;22301081
HUMA;KOBIETA;4;22301085
EVALYN;KOBIETA;4;22301089
ELITE;KOBIETA;4;22301093
ZAHIDA;KOBIETA;4;22301097
TH? KHÁNH LINH;KOBIETA;4;22301101
OFFIR;KOBIETA;4;22301105
KAMSHAT;KOBIETA;4;22301109
EDI;KOBIETA;4;22301113
MIREL;KOBIETA;4;22301117
ZARUI;KOBIETA;4;22301121
ANNA-SOPHIE;KOBIETA;4;22301125
THI UYEN;KOBIETA;4;22301129
JANUSZA;KOBIETA;4;22301133
SAMBOJA;KOBIETA;4;22301137
FAZILA;KOBIETA;4;22301141
DOLOROZA;KOBIETA;4;22301145
VYTA;KOBIETA;4;22301149
MEILIN;KOBIETA;4;22301153
ENID;KOBIETA;4;22301157
BURSA;KOBIETA;4;22301161
EHRENTRAUDA;KOBIETA;4;22301165
OKTAVIIA;KOBIETA;4;22301169
ALIANE;KOBIETA;4;22301173
RÓ¯A MARIA;KOBIETA;4;22301177
HYEMIN;KOBIETA;4;22301181
SAYANA;KOBIETA;4;22301185
ALIYE;KOBIETA;4;22301189
ANTIA;KOBIETA;4;22301193
THANH DUNG;KOBIETA;4;22301197
YULIE;KOBIETA;4;22301201
BRONWEN;KOBIETA;4;22301205
ÖZGÜR;KOBIETA;4;22301209
THI ANH TUYET;KOBIETA;4;22301213
MYADAGMAA;KOBIETA;4;22301217
ROSE ANN;KOBIETA;4;22301221
MIRAIDA;KOBIETA;4;22301225
MARITESS;KOBIETA;4;22301229
BADAMKHAND;KOBIETA;4;22301233
JAHANARA;KOBIETA;4;22301237
SAMIHA;KOBIETA;4;22301241
NIVEDITA;KOBIETA;4;22301245
ROZI;KOBIETA;4;22301249
FATOª;KOBIETA;4;22301253
REF?KA;KOBIETA;4;22301257
BICH THUY;KOBIETA;4;22301261
ZULPA;KOBIETA;4;22301265
TH? QUY?N;KOBIETA;4;22301269
CHANDRAKALA;KOBIETA;4;22301273
SANDRIA;KOBIETA;4;22301277
JOLINA;KOBIETA;4;22301281
AUBREY;KOBIETA;4;22301285
MALVIKA;KOBIETA;4;22301289
HARIN;KOBIETA;4;22301293
RENÉ;KOBIETA;4;22301297
MERVA;KOBIETA;4;22301301
JANKI;KOBIETA;4;22301305
YANJUN;KOBIETA;4;22301309
NOAMI;KOBIETA;4;22301313
LUS£AWA;KOBIETA;4;22301317
AYBIKE;KOBIETA;4;22301321
SUMEYRA;KOBIETA;4;22301325
RASMIA;KOBIETA;4;22301329
WEIYAN;KOBIETA;4;22301333
KHILOLA;KOBIETA;4;22301337
WESAL;KOBIETA;4;22301341
VIVIENE;KOBIETA;4;22301345
RÙENA;KOBIETA;4;22301349
UXUE;KOBIETA;4;22301353
NIKALINA;KOBIETA;4;22301357
MAYLIS;KOBIETA;4;22301361
THI MINH CHAU;KOBIETA;4;22301365
IASMIN;KOBIETA;4;22301369
SHOGIK;KOBIETA;4;22301373
YAOYAO;KOBIETA;4;22301377
MAHI;KOBIETA;4;22301381
NEETHU;KOBIETA;4;22301385
AKILA;KOBIETA;4;22301389
DONARI;KOBIETA;4;22301393
KARTHIKA;KOBIETA;4;22301397
KUNDAI;KOBIETA;4;22301401
MARIA-GABRIELA;KOBIETA;4;22301405
MEENU;KOBIETA;4;22301409
THAI;KOBIETA;4;22301413
RINO;KOBIETA;4;22301417
ANGELE;KOBIETA;4;22301421
SIYEON;KOBIETA;4;22301425
STORM;KOBIETA;4;22301429
ABHIPSA;KOBIETA;4;22301433
NOURHAN;KOBIETA;4;22301437
MARIIA-ZLATA;KOBIETA;4;22301441
DINH;KOBIETA;4;22301445
AMELYA;KOBIETA;4;22301449
NONGLAK;KOBIETA;4;22301453
ÉLO?SE;KOBIETA;4;22301457
KATLA;KOBIETA;4;22301461
NATALLYA;KOBIETA;4;22301465
AUSTEJA;KOBIETA;4;22301469
CAYLA;KOBIETA;4;22301473
SONI;KOBIETA;4;22301477
NÚRIA;KOBIETA;4;22301481
LOLAKHON;KOBIETA;4;22301485
MASUMI;KOBIETA;4;22301489
SELVA;KOBIETA;4;22301493
ESKADA;KOBIETA;4;22301497
KENDA;KOBIETA;4;22301501
SOUHAILA;KOBIETA;4;22301505
JELIZAVIETA;KOBIETA;4;22301509
KHANH CHI;KOBIETA;4;22301513
RIVANA;KOBIETA;4;22301517
JESENIIA;KOBIETA;4;22301521
PHUONG HOA;KOBIETA;4;22301525
OMENA;KOBIETA;4;22301529
B?O HÂN;KOBIETA;4;22301533
APALINARYIA;KOBIETA;4;22301537
SEPIDEH;KOBIETA;4;22301541
SZVETLANA;KOBIETA;4;22301545
TAISYA;KOBIETA;4;22301549
MARCINA;KOBIETA;4;22301553
PUSPA;KOBIETA;4;22301557
MUKHABBAT;KOBIETA;4;22301561
AASTHA;KOBIETA;4;22301565
LURDES;KOBIETA;4;22301569
AN?ELA;KOBIETA;4;22301573
GENI;KOBIETA;4;22301577
HAINA;KOBIETA;4;22301581
LILL;KOBIETA;4;22301585
SHEILA MAE;KOBIETA;4;22301589
AVRELIIA;KOBIETA;4;22301593
ELIANNE;KOBIETA;4;22301597
BARBRA;KOBIETA;4;22301601
METANE;KOBIETA;4;22301605
KAREEN;KOBIETA;4;22301609
SIARA;KOBIETA;4;22301613
ARUUKE;KOBIETA;4;22301617
HABIBE;KOBIETA;4;22301621
LINGXI;KOBIETA;4;22301625
SHUXIAN;KOBIETA;4;22301629
DAFINA;KOBIETA;4;22301633
TOLANI;KOBIETA;4;22301637
JINYU;KOBIETA;4;22301641
TH? HU?;KOBIETA;4;22301645
OLIENA;KOBIETA;4;22301649
PAMELLA;KOBIETA;4;22301653
ALEKSZANDRA;KOBIETA;4;22301657
ZHUZHANNA;KOBIETA;4;22301661
CHIA-HUI;KOBIETA;4;22301665
LIGJA;KOBIETA;4;22301669
KARLINA;KOBIETA;4;22301673
JINJU;KOBIETA;4;22301677
BROOKLYN;KOBIETA;4;22301681
MARIIA-OLEKSANDRA;KOBIETA;4;22301685
YINAN;KOBIETA;4;22301689
DORYDA;KOBIETA;4;22301693
GUTIERA;KOBIETA;4;22301697
GULBAHAR;KOBIETA;4;22301701
DIMITRINKA;KOBIETA;4;22301705
WIECZES£AWA;KOBIETA;4;22301709
TIFANI;KOBIETA;4;22301713
AVGUSTINA;KOBIETA;4;22301717
EWANGIELIA;KOBIETA;4;22301721
MILISSA;KOBIETA;4;22301725
YANRU;KOBIETA;4;22301729
AWANA;KOBIETA;4;22301733
TARYN;KOBIETA;4;22301737
MAITA;KOBIETA;4;22301741
WENENCJA;KOBIETA;4;22301745
DIAMANTE;KOBIETA;4;22301749
NEDZHMIE;KOBIETA;4;22301753
HIERDA;KOBIETA;4;22301757
GERTRAUT;KOBIETA;4;22301761
SHUSHANA;KOBIETA;4;22301765
JONG;KOBIETA;4;22301769
WALKIRIA;KOBIETA;4;22301773
OFIK;KOBIETA;4;22301777
YETER;KOBIETA;4;22301781
PARADISE;KOBIETA;4;22301785
EFTICHIA;KOBIETA;4;22301789
CANDAN;KOBIETA;4;22301793
BERNATKA;KOBIETA;4;22301797
LETYCIA;KOBIETA;4;22301801
SZEJLA;KOBIETA;4;22301805
SCHARLOTTA;KOBIETA;4;22301809
YILE;KOBIETA;4;22301813
IZZA;KOBIETA;4;22301817
RAMILYA;KOBIETA;4;22301821
SUA;KOBIETA;4;22301825
MOUSUMI;KOBIETA;4;22301829
SALVACION;KOBIETA;4;22301833
MATLUBA;KOBIETA;4;22301837
DEWA;KOBIETA;4;22301841
HALLE;KOBIETA;4;22301845
MARIONELLA;KOBIETA;4;22301849
RU;KOBIETA;4;22301853
HALENA;KOBIETA;4;22301857
JANNE;KOBIETA;4;22301861
JEREN;KOBIETA;4;22301865
MÉGANE;KOBIETA;4;22301869
SEPHORA;KOBIETA;4;22301873
NOGAH;KOBIETA;4;22301877
EMINIE;KOBIETA;4;22301881
NILY;KOBIETA;4;22301885
VY;KOBIETA;4;22301889
JIANFEN;KOBIETA;4;22301893
PLAMENKA;KOBIETA;4;22301897
ZIXIN;KOBIETA;4;22301901
SHASHA;KOBIETA;4;22301905
MONICA-ELENA;KOBIETA;4;22301909
SOPHIE-MARIE;KOBIETA;4;22301913
HAIRONG;KOBIETA;4;22301917
SAVETA;KOBIETA;4;22301921
YANIKA;KOBIETA;4;22301925
SAADA;KOBIETA;4;22301929
SANAYA;KOBIETA;4;22301933
ULVIIA;KOBIETA;4;22301937
AHYOUNG;KOBIETA;4;22301941
ROJIN;KOBIETA;4;22301945
SOHEE;KOBIETA;4;22301949
HIGINA;KOBIETA;4;22301953
LITA;KOBIETA;4;22301957
KASTURI;KOBIETA;4;22301961
MILOU;KOBIETA;4;22301965
KARWENA;KOBIETA;4;22301969
HENNY;KOBIETA;4;22301973
MI£OSZA;KOBIETA;4;22301977
DANELIYA;KOBIETA;4;22301981
GORETA;KOBIETA;4;22301985
SAJA;KOBIETA;4;22301989
NEVAEH;KOBIETA;4;22301993
THI PHUONG THAO;KOBIETA;4;22301997
RAE;KOBIETA;4;22302001
RUCHIKA;KOBIETA;4;22302005
NILOOFAR;KOBIETA;4;22302009
SONIK;KOBIETA;4;22302013
APINYA;KOBIETA;4;22302017
ARIUNAA;KOBIETA;4;22302021
MASOOMA;KOBIETA;4;22302025
CHIA-YU;KOBIETA;4;22302029
SUMIA;KOBIETA;4;22302033
TALLI;KOBIETA;4;22302037
SEWILLA;KOBIETA;4;22302041
LISON;KOBIETA;4;22302045
KIM NGAN;KOBIETA;4;22302049
TEREZINHA;KOBIETA;4;22302053
ANABIA;KOBIETA;4;22302057
SEVINDZH;KOBIETA;4;22302061
KAILANI;KOBIETA;4;22302065
GEORGETTA;KOBIETA;4;22302069
JAYASHREE;KOBIETA;4;22302073
LEYDY;KOBIETA;4;22302077
ERLINDA;KOBIETA;4;22302081
AGATE;KOBIETA;4;22302085
AJKA;KOBIETA;4;22302089
VIERANIKA;KOBIETA;4;22302093
KOTO;KOBIETA;4;22302097
ALEKSIA;KOBIETA;4;22302101
ANNAMARIIA;KOBIETA;4;22302105
AFANAZJA;KOBIETA;4;22302109
KHADIYA;KOBIETA;4;22302113
MAHDA;KOBIETA;4;22302117
AMELITA;KOBIETA;4;22302121
ELSBETH;KOBIETA;4;22302125
SHILAN;KOBIETA;4;22302129
NIKHAN;KOBIETA;4;22302133
BANA;KOBIETA;4;22302137
OMNIA;KOBIETA;4;22302141
JESSICKA;KOBIETA;4;22302145
MEHAR;KOBIETA;4;22302149
BHOOMI;KOBIETA;4;22302153
MARIFE;KOBIETA;4;22302157
MIRUNA;KOBIETA;4;22302161
EUNCHAE;KOBIETA;4;22302165
TIANYI;KOBIETA;4;22302169
ILVA;KOBIETA;4;22302173
TH? HU?;KOBIETA;4;22302177
KYUNGHWA;KOBIETA;4;22302181
BENEDIKTE;KOBIETA;4;22302185
FER?DE;KOBIETA;4;22302189
SZEHEREZADA;KOBIETA;4;22302193
ROSSITZA;KOBIETA;4;22302197
JO-ANN;KOBIETA;4;22302201
RUSN?;KOBIETA;4;22302205
MEDIHA;KOBIETA;4;22302209
JOZEFA;KOBIETA;4;22302213
JOUD;KOBIETA;4;22302217
MESUDE;KOBIETA;4;22302221
SAFONA;KOBIETA;4;22302225
NAZARIA;KOBIETA;4;22302229
WIOLENTYNA;KOBIETA;4;22302233
NEIDE;KOBIETA;4;22302237
KHELENA;KOBIETA;4;22302241
DOMINGA;KOBIETA;4;22302245
MILLANA;KOBIETA;4;22302249
ESPERANSA;KOBIETA;4;22302253
ÕZGE;KOBIETA;4;22302257
WINCENCJA;KOBIETA;4;22302261
SALOMEIA;KOBIETA;4;22302265
FARA;KOBIETA;4;22302269
ADAMIA;KOBIETA;4;22302273
GUNHILD;KOBIETA;4;22302277
AINOA;KOBIETA;4;22302281
VARAIDZO;KOBIETA;4;22302285
DUY?N;KOBIETA;4;22302289
NINH;KOBIETA;4;22302293
BERNADIA;KOBIETA;4;22302297
RABIYA;KOBIETA;4;22302301
JUNG HEE;KOBIETA;4;22302305
ALOIZA;KOBIETA;4;22302309
MEIHONG;KOBIETA;4;22302313
MILITINA;KOBIETA;4;22302317
BEILA;KOBIETA;4;22302321
D¯ANET;KOBIETA;4;22302325
TARAS;KOBIETA;4;22302329
NABILAH;KOBIETA;4;22302333
EMERENCJA;KOBIETA;4;22302337
DIPIKA;KOBIETA;4;22302341
QUITTERIE;KOBIETA;4;22302345
MIA-MARIE;KOBIETA;4;22302349
HADLEY;KOBIETA;4;22302353
ANWESHA;KOBIETA;4;22302357
YASSMIN;KOBIETA;4;22302361
KAMLA;KOBIETA;4;22302365
NURZHAN;KOBIETA;4;22302369
XINRUI;KOBIETA;4;22302373
AVIHIEIA;KOBIETA;4;22302377
EILIS;KOBIETA;4;22302381
KEI;KOBIETA;4;22302385
ANHE£INA;KOBIETA;4;22302389
ELLINOR;KOBIETA;4;22302393
AZATUHI;KOBIETA;4;22302397
IMMACULEE;KOBIETA;4;22302401
ELISIA;KOBIETA;4;22302405
CHRISTIAN;KOBIETA;4;22302409
TRIANA;KOBIETA;4;22302413
SHANAI;KOBIETA;4;22302417
CRISTAL;KOBIETA;4;22302421
ZHUPAR;KOBIETA;4;22302425
GÜLHAN;KOBIETA;4;22302429
RACQUEL;KOBIETA;4;22302433
ROZMARIA;KOBIETA;4;22302437
MADELEN;KOBIETA;4;22302441
JINHUA;KOBIETA;4;22302445
TRA GIANG;KOBIETA;4;22302449
YONGYU;KOBIETA;4;22302453
ENESA;KOBIETA;4;22302457
DURDANE;KOBIETA;4;22302461
DIVNA;KOBIETA;4;22302465
LADY;KOBIETA;4;22302469
NATE£A;KOBIETA;4;22302473
SHANTE;KOBIETA;4;22302477
CARLY;KOBIETA;4;22302481
M? LINH;KOBIETA;4;22302485
ILLA;KOBIETA;4;22302489
SELCAN;KOBIETA;4;22302493
VASILICA;KOBIETA;4;22302497
ILIRIANA;KOBIETA;4;22302501
AKYLAI;KOBIETA;4;22302505
OMOTOLANI;KOBIETA;4;22302509
KHANH HUYEN;KOBIETA;4;22302513
DORISA;KOBIETA;4;22302517
ZEPYUR;KOBIETA;4;22302521
MARZIIA;KOBIETA;4;22302525
WENYU;KOBIETA;4;22302529
NAHIARA;KOBIETA;4;22302533
NAKHIDA;KOBIETA;4;22302537
ISWARYA;KOBIETA;4;22302541
DHANYA;KOBIETA;4;22302545
B?O AN;KOBIETA;4;22302549
MERRI;KOBIETA;4;22302553
GUSTA;KOBIETA;4;22302557
STEFANKA;KOBIETA;4;22302561
PARASKOWIA;KOBIETA;4;22302565
TETINA;KOBIETA;4;22302569
YEELA;KOBIETA;4;22302573
YU-LING;KOBIETA;4;22302577
VERONIKI;KOBIETA;4;22302581
EVGENYA;KOBIETA;4;22302585
LARIN;KOBIETA;4;22302589
EVR?M;KOBIETA;4;22302593
ZENOMIA;KOBIETA;4;22302597
ROZEMARIE;KOBIETA;4;22302601
BOGUSIA;KOBIETA;4;22302605
ZUHRA;KOBIETA;4;22302609
EUN KYUNG;KOBIETA;4;22302613
THI LAN HUONG;KOBIETA;4;22302617
DEVA;KOBIETA;4;22302621
MIYAKO;KOBIETA;4;22302625
MUNARA;KOBIETA;4;22302629
KATERI;KOBIETA;4;22302633
OLUWATOYIN;KOBIETA;4;22302637
TALLA;KOBIETA;4;22302641
EMERSON;KOBIETA;4;22302645
HARI;KOBIETA;4;22302649
ARPANA;KOBIETA;4;22302653
GYULVER;KOBIETA;4;22302657
MIYEON;KOBIETA;4;22302661
NUBIA;KOBIETA;4;22302665
ANJELINA;KOBIETA;4;22302669
PAN;KOBIETA;4;22302673
FERAY;KOBIETA;4;22302677
ZEMINE;KOBIETA;4;22302681
MAARIT;KOBIETA;4;22302685
SONOKO;KOBIETA;4;22302689
YONGLI;KOBIETA;4;22302693
IROS£AWA;KOBIETA;4;22302697
INCA;KOBIETA;4;22302701
ADISA;KOBIETA;4;22302705
KHYATI;KOBIETA;4;22302709
STAMATULA;KOBIETA;4;22302713
RAJKA;KOBIETA;4;22302717
TULIN;KOBIETA;4;22302721
DIPA;KOBIETA;4;22302725
ZIWEI;KOBIETA;4;22302729
ABRAR;KOBIETA;4;22302733
AMEERAH;KOBIETA;4;22302737
JIANZHEN;KOBIETA;4;22302741
NORIS;KOBIETA;4;22302745
GIEDRE;KOBIETA;4;22302749
ANTRA;KOBIETA;4;22302753
SONY;KOBIETA;4;22302757
RIKKE;KOBIETA;4;22302761
LALITHA;KOBIETA;4;22302765
FEOFANIIA;KOBIETA;4;22302769
WERGINA;KOBIETA;4;22302773
SEOYUN;KOBIETA;4;22302777
BIRUKTAWIT;KOBIETA;4;22302781
SEON;KOBIETA;4;22302785
ANISHKA;KOBIETA;4;22302789
RAHILA;KOBIETA;4;22302793
ILHA;KOBIETA;4;22302797
KATHERYNA;KOBIETA;4;22302801
MYLYN;KOBIETA;4;22302805
KOKO;KOBIETA;4;22302809
ÉRIKA;KOBIETA;4;22302813
NAHIA;KOBIETA;4;22302817
ILLARIIA;KOBIETA;4;22302821
ELFRIDE;KOBIETA;4;22302825
KARIA;KOBIETA;4;22302829
FIAMMETTA;KOBIETA;4;22302833
LILLY-ROSE;KOBIETA;4;22302837
AIMANI;KOBIETA;4;22302841
SHIORI;KOBIETA;4;22302845
THI QUE;KOBIETA;4;22302849
AGHAVNI;KOBIETA;4;22302853
KIRIIENA;KOBIETA;4;22302857
KHÁNH HUY?N;KOBIETA;4;22302861
SHAYENNE;KOBIETA;4;22302865
M?NA;KOBIETA;4;22302869
OLHA-VIKTORIIA;KOBIETA;4;22302873
SRBUHI;KOBIETA;4;22302877
SUELA;KOBIETA;4;22302881
ROVELYN;KOBIETA;4;22302885
YIXIAN;KOBIETA;4;22302889
MAJRA;KOBIETA;4;22302893
SURAYYO;KOBIETA;4;22302897
AGITA;KOBIETA;4;22302901
GOCIS£AWA;KOBIETA;4;22302905
NASIM;KOBIETA;4;22302909
ENEJAN;KOBIETA;4;22302913
MALU;KOBIETA;4;22302917
TEKLYA;KOBIETA;4;22302921
RASHEL;KOBIETA;4;22302925
THANH TRUC;KOBIETA;4;22302929
NGOZIKA;KOBIETA;4;22302933
ANGIN;KOBIETA;4;22302937
VALIENTINA;KOBIETA;4;22302941
MARICICA;KOBIETA;4;22302945
NIHIAR;KOBIETA;4;22302949
KHATIN;KOBIETA;4;22302953
JUMANA;KOBIETA;4;22302957
ALINA-MARIIA;KOBIETA;4;22302961
WANYU;KOBIETA;4;22302965
HIUZEL;KOBIETA;4;22302969
MARIAGRAZIA;KOBIETA;4;22302973
FRAJDA;KOBIETA;4;22302977
EMÕKE;KOBIETA;4;22302981
THOM;KOBIETA;4;22302985
THU H?NG;KOBIETA;4;22302989
¯IWILA;KOBIETA;4;22302993
KESARIA;KOBIETA;4;22302997
SZARON;KOBIETA;4;22303001
SHAYA;KOBIETA;4;22303005
SANAM;KOBIETA;4;22303009
INDAH;KOBIETA;4;22303013
THI XUYEN;KOBIETA;4;22303017
MAHSHID;KOBIETA;4;22303021
MECHYSLAVA;KOBIETA;4;22303025
LAKSHITA;KOBIETA;4;22303029
TELLI;KOBIETA;4;22303033
THU HI?N;KOBIETA;4;22303037
TAYANA;KOBIETA;4;22303041
MIANNA;KOBIETA;4;22303045
INYOUNG;KOBIETA;4;22303049
LINETA;KOBIETA;4;22303053
ROSELLE;KOBIETA;4;22303057
SAMAN;KOBIETA;4;22303061
MAVISH;KOBIETA;4;22303065
KRIST?NA;KOBIETA;4;22303069
YANRONG;KOBIETA;4;22303073
MARYLINE;KOBIETA;4;22303077
HIMANSHI;KOBIETA;4;22303081
DIMITRULA;KOBIETA;4;22303085
NYAMSUREN;KOBIETA;4;22303089
VADYM;KOBIETA;4;22303093
SUAH;KOBIETA;4;22303097
ETIA;KOBIETA;4;22303101
JINGYAO;KOBIETA;4;22303105
THI DINH;KOBIETA;4;22303109
ARTEMIIA;KOBIETA;4;22303113
LODZIA;KOBIETA;4;22303117
AGORO;KOBIETA;4;22303121
XINYING;KOBIETA;4;22303125
TERMINE;KOBIETA;4;22303129
ANDRÉIA;KOBIETA;4;22303133
HOANG LAN;KOBIETA;4;22303137
ANZHELIKA-MARIIA;KOBIETA;4;22303141
KALUDIA;KOBIETA;4;22303145
SESEGMA;KOBIETA;4;22303149
JIANAN;KOBIETA;4;22303153
FRANCIELE;KOBIETA;4;22303157
SONIKA;KOBIETA;4;22303161
DRAGOMIRA;KOBIETA;4;22303165
KAYLAH;KOBIETA;4;22303169
MIOARA;KOBIETA;4;22303173
KASIIA;KOBIETA;4;22303177
YANXI;KOBIETA;4;22303181
ELEEN;KOBIETA;4;22303185
BILIGMA;KOBIETA;4;22303189
KULSUM;KOBIETA;4;22303193
MARIA MAGDALENA;KOBIETA;4;22303197
HUY?N;KOBIETA;4;22303201
N?LGÜN;KOBIETA;4;22303205
ILMA;KOBIETA;4;22303209
KAWTAR;KOBIETA;4;22303213
MILETTA;KOBIETA;4;22303217
NADIDE;KOBIETA;4;22303221
JOSEFIN;KOBIETA;4;22303225
KYUNGMI;KOBIETA;4;22303229
TH? NH? QU?NH;KOBIETA;4;22303233
CASILDA;KOBIETA;4;22303237
LAOURA;KOBIETA;4;22303241
ANN-KATRIN;KOBIETA;4;22303245
SUMAYYA;KOBIETA;4;22303249
HANNAN;KOBIETA;4;22303253
GALUNA;KOBIETA;4;22303257
AIZHU;KOBIETA;4;22303261
ZHAYNA;KOBIETA;4;22303265
JEANNIE;KOBIETA;4;22303269
MARISABEL;KOBIETA;4;22303273
TONYA;KOBIETA;4;22303277
DOYEON;KOBIETA;4;22303281
LIYDMYLA;KOBIETA;4;22303285
SIYI;KOBIETA;4;22303289
KITIJA;KOBIETA;4;22303293
TAMELA;KOBIETA;4;22303297
SAGIT;KOBIETA;4;22303301
DELLA;KOBIETA;4;22303305
JOCHANNA;KOBIETA;4;22303309
ROZMARI;KOBIETA;4;22303313
KIRENA;KOBIETA;4;22303317
MARYANNE;KOBIETA;4;22303321
NEA;KOBIETA;4;22303325
VITSENTYNA;KOBIETA;4;22303329
MALEA;KOBIETA;4;22303333
OLEKSANDRA-SOFIIA;KOBIETA;4;22303337
BERNADKA;KOBIETA;4;22303341
SHUYI;KOBIETA;4;22303345
DAREEN;KOBIETA;4;22303349
YASIA;KOBIETA;4;22303353
HAIJING;KOBIETA;4;22303357
LADDA;KOBIETA;4;22303361
GRASIELA;KOBIETA;4;22303365
XIUFEN;KOBIETA;4;22303369
VIDANA;KOBIETA;4;22303373
CAIXIA;KOBIETA;4;22303377
RASINA;KOBIETA;4;22303381
SHAYMAN;KOBIETA;4;22303385
OLUWASEUN;KOBIETA;4;22303389
BIJAYA;KOBIETA;4;22303393
ARETHA;KOBIETA;4;22303397
YANQIU;KOBIETA;4;22303401
YERANUHI;KOBIETA;4;22303405
MAROUA;KOBIETA;4;22303409
TRIANDAFILIA;KOBIETA;4;22303413
ANUNCJATA;KOBIETA;4;22303417
WSZEMI£A;KOBIETA;4;22303421
RUENA;KOBIETA;4;22303425
JEANETA;KOBIETA;4;22303429
AKZHAN;KOBIETA;4;22303433
ULIANNA;KOBIETA;4;22303437
ESTERINA;KOBIETA;4;22303441
VINEETHA;KOBIETA;4;22303445
MARILLA;KOBIETA;4;22303449
UN BYOL;KOBIETA;4;22303453
LUCILLA;KOBIETA;4;22303457
NGOC NHI;KOBIETA;4;22303461
ASNAT;KOBIETA;4;22303465
ROSSANNA;KOBIETA;4;22303469
ALEKSIS;KOBIETA;4;22303473
LIUDZMILA;KOBIETA;4;22303477
GYÖNGYI;KOBIETA;4;22303481
SHUAI;KOBIETA;4;22303485
MYUNG;KOBIETA;4;22303489
KONWALIA;KOBIETA;4;22303493
STOYANKA;KOBIETA;4;22303497
SAYEN;KOBIETA;4;22303501
SUKHWINDER;KOBIETA;4;22303505
KA;KOBIETA;4;22303509
LEONELLA;KOBIETA;4;22303513
CHARLEEN;KOBIETA;4;22303517
TU? NHI;KOBIETA;4;22303521
AMENEH;KOBIETA;4;22303525
LEANIDA;KOBIETA;4;22303529
IGNACA;KOBIETA;4;22303533
FRANCYS;KOBIETA;4;22303537
EMMANUEL;KOBIETA;4;22303541
WASILIKA;KOBIETA;4;22303545
NACIYE;KOBIETA;4;22303549
HARDEEP;KOBIETA;4;22303553
ROSELLA;KOBIETA;4;22303557
KENNA;KOBIETA;4;22303561
MIAOMIAO;KOBIETA;4;22303565
TRANG ANH;KOBIETA;4;22303569
MAFTUNAKHON;KOBIETA;4;22303573
MIKHAILINA;KOBIETA;4;22303577
BAGUL;KOBIETA;4;22303581
MARIANA-MARIIA;KOBIETA;4;22303585
DANIËLLE;KOBIETA;4;22303589
CEM?LE;KOBIETA;4;22303593
MADHUMITA;KOBIETA;4;22303597
FROZYNA;KOBIETA;4;22303601
KATIUSKA;KOBIETA;4;22303605
NOJOLA;KOBIETA;4;22303609
CÉCILIA;KOBIETA;4;22303613
KERRI;KOBIETA;4;22303617
SERDA;KOBIETA;4;22303621
DEZYDERIA;KOBIETA;4;22303625
NAJLA;KOBIETA;4;22303629
MERILYN;KOBIETA;4;22303633
SARAH JANE;KOBIETA;4;22303637
GEETANJALI;KOBIETA;4;22303641
AKGUL;KOBIETA;4;22303645
DILSHODA;KOBIETA;4;22303649
ANA RAQUEL;KOBIETA;4;22303653
IRYTA;KOBIETA;4;22303657
OPHELIE;KOBIETA;4;22303661
KOTRYNA;KOBIETA;4;22303665
VONGAI;KOBIETA;4;22303669
KALLINA;KOBIETA;4;22303673
OWIDIA;KOBIETA;4;22303677
RYSIA;KOBIETA;4;22303681
SHAMIRAM;KOBIETA;4;22303685
TRAN;KOBIETA;4;22303689
SHEYLA;KOBIETA;4;22303693
CHRYSI;KOBIETA;4;22303697
DZHANSU;KOBIETA;4;22303701
JEONGMIN;KOBIETA;4;22303705
CHAEEUN;KOBIETA;4;22303709
TRINH;KOBIETA;4;22303713
DAGA;KOBIETA;4;22303717
SEVINÇ;KOBIETA;4;22303721
DZHULETA;KOBIETA;4;22303725
LETYTSIIA;KOBIETA;4;22303729
SIBILLA;KOBIETA;4;22303733
GUIFENG;KOBIETA;4;22303737
CHAERIN;KOBIETA;4;22303741
MOHINI;KOBIETA;4;22303745
MISHAL;KOBIETA;4;22303749
TATYNA;KOBIETA;4;22303753
FOLASADE;KOBIETA;4;22303757
DANUSHA;KOBIETA;4;22303761
JONIDA;KOBIETA;4;22303765
GALLA;KOBIETA;4;22303769
EUFENIA;KOBIETA;4;22303773
VELISLAVA;KOBIETA;4;22303777
CECILY;KOBIETA;4;22303781
ADINAI;KOBIETA;4;22303785
POLLIANNA;KOBIETA;4;22303789
OLIWIERA;KOBIETA;4;22303793
SOLINA;KOBIETA;4;22303797
TH?Y D??NG;KOBIETA;4;22303801
KATERUNA;KOBIETA;4;22303805
TH? CHI;KOBIETA;4;22303809
DENISSZA;KOBIETA;4;22303813
QIANG;KOBIETA;4;22303817
CHANYA;KOBIETA;4;22303821
IRANA;KOBIETA;4;22303825
KOKU;KOBIETA;4;22303829
ETELKA;KOBIETA;4;22303833
TASO;KOBIETA;4;22303837
ZANDILE;KOBIETA;4;22303841
HAYEON;KOBIETA;4;22303845
SONETA;KOBIETA;4;22303849
NURSEN;KOBIETA;4;22303853
CHRISTYNA;KOBIETA;4;22303857
PARMINDER;KOBIETA;4;22303861
NEWENA;KOBIETA;4;22303865
JUNGMIN;KOBIETA;4;22303869
NIEGA;KOBIETA;4;22303873
DERIN;KOBIETA;4;22303877
HYANG SUK;KOBIETA;4;22303881
HYANG MI;KOBIETA;4;22303885
RICHELLE;KOBIETA;4;22303889
DONETA;KOBIETA;4;22303893
MARLY;KOBIETA;4;22303897
ADELLA;KOBIETA;4;22303901
TUULA;KOBIETA;4;22303905
KVÌTA;KOBIETA;4;22303909
HAJRA;KOBIETA;4;22303913
JULIANTA;KOBIETA;4;22303917
LIZAWIETA;KOBIETA;4;22303921
SEEUN;KOBIETA;4;22303925
BETI;KOBIETA;4;22303929
AVANI;KOBIETA;4;22303933
ALIEKSA;KOBIETA;4;22303937
SELINE;KOBIETA;4;22303941
KERA;KOBIETA;4;22303945
MARIIA-MILANA;KOBIETA;4;22303949
VLADUSLAVA;KOBIETA;4;22303953
HAWRA;KOBIETA;4;22303957
KINERET;KOBIETA;4;22303961
YUTA;KOBIETA;4;22303965
FERUZAKHON;KOBIETA;4;22303969
NAT?LIJA;KOBIETA;4;22303973
DIDINA;KOBIETA;4;22303977
MARIIA-STEFANIIA;KOBIETA;4;22303981
KUNDYZ;KOBIETA;4;22303985
THI VÂN;KOBIETA;4;22303989
ALEESA;KOBIETA;4;22303993
AARNA;KOBIETA;4;22303997
LIBIA;KOBIETA;4;22304001
ZENUTA;KOBIETA;4;22304005
THI MAI HUONG;KOBIETA;4;22304009
MENA;KOBIETA;4;22304013
CLAUDINA;KOBIETA;4;22304017
RAJNI;KOBIETA;4;22304021
GHINA;KOBIETA;4;22304025
ELMINA;KOBIETA;4;22304029
SHUJUN;KOBIETA;4;22304033
BOMI;KOBIETA;4;22304037
SANIJA;KOBIETA;4;22304041
GENEVIÉVE;KOBIETA;4;22304045
VRINDA;KOBIETA;4;22304049
RAZIYE;KOBIETA;4;22304053
WANIDA;KOBIETA;4;22304057
LUCHANA;KOBIETA;4;22304061
FIRANGIZ;KOBIETA;4;22304065
BREANNA;KOBIETA;4;22304069
BRANDY;KOBIETA;4;22304073
NISREEN;KOBIETA;4;22304077
ASUDE;KOBIETA;4;22304081
CHINELO;KOBIETA;4;22304085
JULJANA;KOBIETA;4;22304089
JANEL;KOBIETA;4;22304093
MARUTA;KOBIETA;4;22304097
VKTORIIA;KOBIETA;4;22304101
ZDENA;KOBIETA;4;22304105
CYTA;KOBIETA;4;22304109
THI MAI PHUONG;KOBIETA;4;22304113
RADIMKHAN;KOBIETA;4;22304117
SINITTA;KOBIETA;4;22304121
MATHYLDA;KOBIETA;4;22304125
GIFT;KOBIETA;4;22304129
YUKINO;KOBIETA;4;22304133
MINH NGOC;KOBIETA;4;22304137
DARMA;KOBIETA;4;22304141
MARIIA-ANNA;KOBIETA;4;22304145
WILENA;KOBIETA;4;22304149
XUEYAN;KOBIETA;4;22304153
JOLAN;KOBIETA;4;22304157
YIHUAN;KOBIETA;4;22304161
EMILYIA;KOBIETA;4;22304165
SAPPHIRE;KOBIETA;4;22304169
AILANA;KOBIETA;4;22304173
RHIAN;KOBIETA;4;22304177
GAY;KOBIETA;4;22304181
TH? HO?I;KOBIETA;4;22304185
ROZALIE;KOBIETA;4;22304189
RIIKKA;KOBIETA;4;22304193
YESEUL;KOBIETA;4;22304197
YOON;KOBIETA;4;22304201
BAOYING;KOBIETA;4;22304205
THI LUA;KOBIETA;4;22304209
XIYAN;KOBIETA;4;22304213
SEOYEONG;KOBIETA;4;22304217
RAANA;KOBIETA;4;22304221
AKJEMAL;KOBIETA;4;22304225
NOR;KOBIETA;4;22304229
SRUSHTI;KOBIETA;4;22304233
PURITY;KOBIETA;4;22304237
ZHARKYN;KOBIETA;4;22304241
SUNDARI;KOBIETA;4;22304245
CHERRYL;KOBIETA;4;22304249
XINGMEI;KOBIETA;4;22304253
VAIANA;KOBIETA;4;22304257
PAPUSZA;KOBIETA;4;22304261
XIUJUAN;KOBIETA;4;22304265
YORDANOS;KOBIETA;4;22304269
THI SINH;KOBIETA;4;22304273
HÜSNA;KOBIETA;4;22304277
ZIYODA;KOBIETA;4;22304281
ZALPA;KOBIETA;4;22304285
YOONJUNG;KOBIETA;4;22304289
SOOJUNG;KOBIETA;4;22304293
ZAINAP;KOBIETA;4;22304297
SAYURI;KOBIETA;4;22304301
YUNMI;KOBIETA;4;22304305
LYSA;KOBIETA;4;22304309
TH? LUY?N;KOBIETA;4;22304313
GÖRKEM;KOBIETA;4;22304317
ANTOLA;KOBIETA;4;22304321
JINYAN;KOBIETA;4;22304325
MARIA ALEJANDRA;KOBIETA;4;22304329
SOLIANA;KOBIETA;4;22304333
THI KHUYEN;KOBIETA;4;22304337
BOYKA;KOBIETA;4;22304341
UN HA;KOBIETA;4;22304345
MIRELIA;KOBIETA;4;22304349
AMARACHUKWU;KOBIETA;4;22304353
DELPHINA;KOBIETA;4;22304357
ELEA;KOBIETA;4;22304361
DILORAM;KOBIETA;4;22304365
MIKO;KOBIETA;4;22304369
JAMINA;KOBIETA;4;22304373
DENA;KOBIETA;4;22304377
NAJWA;KOBIETA;4;22304381
NAHED;KOBIETA;4;22304385
THI HOAI AN;KOBIETA;4;22304389
MALINKA;KOBIETA;4;22304393
VAL?RIJA;KOBIETA;4;22304397
OLEA;KOBIETA;4;22304401
MALIYA;KOBIETA;4;22304405
LIJANA;KOBIETA;4;22304409
PRISKA;KOBIETA;4;22304413
MARNIE;KOBIETA;4;22304417
NEGAR;KOBIETA;4;22304421
JAY;KOBIETA;4;22304425
GLORIYA;KOBIETA;4;22304429
HULYA;KOBIETA;4;22304433
MACEY;KOBIETA;4;22304437
KÄTE;KOBIETA;4;22304441
LIVA;KOBIETA;4;22304445
MAKHLIYO;KOBIETA;4;22304449
KVITA;KOBIETA;4;22304453
EZEL;KOBIETA;4;22304457
SAHER;KOBIETA;4;22304461
PAKIZE;KOBIETA;4;22304465
NORIE;KOBIETA;4;22304469
MAELLE;KOBIETA;4;22304473
MISIA;KOBIETA;4;22304477
GHADEER;KOBIETA;4;22304481
HANADI;KOBIETA;4;22304485
ROSALINDE;KOBIETA;4;22304489
ISOBELLE;KOBIETA;4;22304493
INDRE;KOBIETA;4;22304497
LALKA;KOBIETA;4;22304501
IKUMI;KOBIETA;4;22304505
ASENTA;KOBIETA;4;22304509
SEYDA;KOBIETA;4;22304513
CLÉLIA;KOBIETA;4;22304517
TOVI;KOBIETA;4;22304521
HERSYLIA;KOBIETA;4;22304525
VANNESSA;KOBIETA;4;22304529
EVGENYIA;KOBIETA;4;22304533
MEIRONG;KOBIETA;4;22304537
CHAO;KOBIETA;4;22304541
SOYOON;KOBIETA;4;22304545
MECHTHILDA;KOBIETA;4;22304549
GINEWRA;KOBIETA;4;22304553
JYOTHI;KOBIETA;4;22304557
YVONNA;KOBIETA;4;22304561
SARANA;KOBIETA;4;22304565
SNEZANA;KOBIETA;4;22304569
COLEEN;KOBIETA;4;22304573
MEISSA;KOBIETA;4;22304577
NIMA;KOBIETA;4;22304581
DALIAH;KOBIETA;4;22304585
MARIE-ANNE;KOBIETA;4;22304589
ASMAR;KOBIETA;4;22304593
TUE LAM;KOBIETA;4;22304597
THU TH?Y;KOBIETA;4;22304601
TH?O;KOBIETA;4;22304605
TUYA;KOBIETA;4;22304609
WINDA;KOBIETA;4;22304613
ALZHBETA;KOBIETA;4;22304617
AROOJ;KOBIETA;4;22304621
SHUHONG;KOBIETA;4;22304625
GINALYN;KOBIETA;4;22304629
FLIURA;KOBIETA;4;22304633
NADIE;KOBIETA;4;22304637
THI LONG;KOBIETA;4;22304641
JOWANNA;KOBIETA;4;22304645
MIRASOL;KOBIETA;4;22304649
JANNAH;KOBIETA;4;22304653
SENKA;KOBIETA;4;22304657
SHUMAILA;KOBIETA;4;22304661
NAJOUA;KOBIETA;4;22304665
CHIA-JUNG;KOBIETA;4;22304669
INASS;KOBIETA;4;22304673
SHEREEN;KOBIETA;4;22304677
EULALIE;KOBIETA;4;22304681
ELIEN;KOBIETA;4;22304685
ZAKHRA;KOBIETA;4;22304689
GUNTA;KOBIETA;4;22304693
REVEKKA;KOBIETA;4;22304697
GHEORGHINA;KOBIETA;4;22304701
OTGONSUREN;KOBIETA;4;22304705
EUNJOO;KOBIETA;4;22304709
ALTANCHIMEG;KOBIETA;4;22304713
YULY;KOBIETA;4;22304717
NARDOS;KOBIETA;4;22304721
SOUHIR;KOBIETA;4;22304725
FILOMEA;KOBIETA;4;22304729
TH? M?N;KOBIETA;4;22304733
NIMISHA;KOBIETA;4;22304737
KEHINDE;KOBIETA;4;22304741
ZORAIDA;KOBIETA;4;22304745
HULZARA;KOBIETA;4;22304749
RAKSHA;KOBIETA;4;22304753
ELV?RA;KOBIETA;4;22304757
ALEINA;KOBIETA;4;22304761
JUYEONG;KOBIETA;4;22304765
SANDEEP KAUR;KOBIETA;4;22304769
CHUN;KOBIETA;4;22304773
ZULAIKHA;KOBIETA;4;22304777
ADALIN;KOBIETA;4;22304781
MANIKA;KOBIETA;4;22304785
HAEUN;KOBIETA;4;22304789
MILANI;KOBIETA;4;22304793
BEJLA;KOBIETA;4;22304797
KAOUTAR;KOBIETA;4;22304801
TEJAL;KOBIETA;4;22304805
KATTIA;KOBIETA;4;22304809
YETUNDE;KOBIETA;4;22304813
SKAIST?;KOBIETA;4;22304817
DIMKA;KOBIETA;4;22304821
TUNIA;KOBIETA;4;22304825
AL?NA;KOBIETA;4;22304829
DOBROMIERA;KOBIETA;4;22304833
LORENCJA;KOBIETA;4;22304837
FLORIIA;KOBIETA;4;22304841
RAJASHREE;KOBIETA;4;22304845
GULBANU;KOBIETA;4;22304849
HYUNJI;KOBIETA;4;22304853
ABIRAMI;KOBIETA;4;22304857
SONG;KOBIETA;4;22304861
NAVDEEP;KOBIETA;4;22304865
RAZIYA;KOBIETA;4;22304869
SAADIA;KOBIETA;4;22304873
RUZIE;KOBIETA;4;22304877
TARISAI;KOBIETA;4;22304881
GOZEL;KOBIETA;4;22304885
DAGNIJA;KOBIETA;4;22304889
AMÁLIE;KOBIETA;4;22304893
HUYEN MY;KOBIETA;4;22304897
SYMA;KOBIETA;4;22304901
SWIAT£ANA;KOBIETA;4;22304905
ZDRAVKA;KOBIETA;4;22304909
YUFAN;KOBIETA;4;22304913
KHOULOUD;KOBIETA;4;22304917
EYLA;KOBIETA;4;22304921
NESR?N;KOBIETA;4;22304925
LEONIIA;KOBIETA;4;22304929
FENGYING;KOBIETA;4;22304933
KAROLYNA;KOBIETA;4;22304937
BERNARDYTA;KOBIETA;4;22304941
JORGELINA;KOBIETA;4;22304945
GITIT;KOBIETA;4;22304949
AUST?JA;KOBIETA;4;22304953
DIXIE;KOBIETA;4;22304957
IPSITA;KOBIETA;4;22304961
RAKEFET;KOBIETA;4;22304965
SVITIANA;KOBIETA;4;22304969
BHAVIKA;KOBIETA;4;22304973
DEVANSHI;KOBIETA;4;22304977
YURONG;KOBIETA;4;22304981
HAVVANUR;KOBIETA;4;22304985
REYNA;KOBIETA;4;22304989
TZVIA;KOBIETA;4;22304993
PRAGATHI;KOBIETA;4;22304997
XIAOHAN;KOBIETA;4;22305001
GINGER;KOBIETA;4;22305005
ANIFA;KOBIETA;4;22305009
DEFEN;KOBIETA;4;22305013
WANYING;KOBIETA;4;22305017
LEXY;KOBIETA;4;22305021
SAMAIRA;KOBIETA;4;22305025
ELISSAVET;KOBIETA;4;22305029
MAGRIT;KOBIETA;4;22305033
HANY;KOBIETA;4;22305037
MEHRI;KOBIETA;4;22305041
SIRIPORN;KOBIETA;4;22305045
RODALYN;KOBIETA;4;22305049
WILIANA;KOBIETA;4;22305053
MERVAT;KOBIETA;4;22305057
OURANIA;KOBIETA;4;22305061
FAEZEH;KOBIETA;4;22305065
LAURYN;KOBIETA;4;22305069
OYUN-ERDENE;KOBIETA;4;22305073
SUBAR;KOBIETA;4;22305077
KHRYSTNA;KOBIETA;4;22305081
VJOLLCA;KOBIETA;4;22305085
UYEN;KOBIETA;4;22305089
YINGHUI;KOBIETA;4;22305093
PAULE;KOBIETA;4;22305097
THI NGOC LAN;KOBIETA;4;22305101
TH? VUI;KOBIETA;4;22305105
THUY AN;KOBIETA;4;22305109
AFIA;KOBIETA;4;22305113
RIHANA;KOBIETA;4;22305117
NUPHAR;KOBIETA;4;22305121
WILFRYDA;KOBIETA;4;22305125
SEOHYEON;KOBIETA;4;22305129
HORIA;KOBIETA;4;22305133
WITALIJA;KOBIETA;4;22305137
NGOZI;KOBIETA;4;22305141
CYPA;KOBIETA;4;22305145
LISBET;KOBIETA;4;22305149
HONGFANG;KOBIETA;4;22305153
LAREEN;KOBIETA;4;22305157
HARSHINI;KOBIETA;4;22305161
HUIJUAN;KOBIETA;4;22305165
SAMIJA;KOBIETA;4;22305169
YARYNA-MARIIA;KOBIETA;4;22305173
WEIQIN;KOBIETA;4;22305177
FINJA;KOBIETA;4;22305181
TRAM;KOBIETA;4;22305185
YEONSU;KOBIETA;4;22305189
SUJEONG;KOBIETA;4;22305193
VETUÞA;KOBIETA;4;22305197
DAENERYS;KOBIETA;4;22305201
ARMIN;KOBIETA;4;22305205
YELEZAVETA;KOBIETA;4;22305209
LINH NHI;KOBIETA;4;22305213
RAMINAT;KOBIETA;4;22305217
BRIDGETTE;KOBIETA;4;22305221
KADY;KOBIETA;4;22305225
YIDAN;KOBIETA;4;22305229
SHARA;KOBIETA;4;22305233
SEBAT;KOBIETA;4;22305237
SHERIFE;KOBIETA;4;22305241
DONGYING;KOBIETA;4;22305245
ARMAN;KOBIETA;4;22305249
SEWILA;KOBIETA;4;22305253
PHAN;KOBIETA;4;22305257
THI LOI;KOBIETA;4;22305261
XIUXIU;KOBIETA;4;22305265
GULIKO;KOBIETA;4;22305269
SANJITA;KOBIETA;4;22305273
LJUDMYLA;KOBIETA;4;22305277
ABDONA;KOBIETA;4;22305281
ATI;KOBIETA;4;22305285
ANCUÞA;KOBIETA;4;22305289
DUYEN;KOBIETA;4;22305293
NUNZIA;KOBIETA;4;22305297
AMELLIA;KOBIETA;4;22305301
KAVITHA;KOBIETA;4;22305305
ODMAA;KOBIETA;4;22305309
FROSINA;KOBIETA;4;22305313
MANJULA;KOBIETA;4;22305317
PATRYTSYIA;KOBIETA;4;22305321
SZAJA;KOBIETA;4;22305325
MUTSUMI;KOBIETA;4;22305329
BRAHA;KOBIETA;4;22305333
BOZENNA;KOBIETA;4;22305337
VICT?RIA;KOBIETA;4;22305341
DANGUOLA;KOBIETA;4;22305345
LUKIYA;KOBIETA;4;22305349
RAMAN;KOBIETA;4;22305353
AIDAI;KOBIETA;4;22305357
BAY;KOBIETA;4;22305361
SURAYYA;KOBIETA;4;22305365
SALOMIJA;KOBIETA;4;22305369
GUNA;KOBIETA;4;22305373
ZÜLAL;KOBIETA;4;22305377
NAZILE;KOBIETA;4;22305381
AMMA;KOBIETA;4;22305385
AVIKA;KOBIETA;4;22305389
SRAVANTHI;KOBIETA;4;22305393
NGOC HUYEN;KOBIETA;4;22305397
AZALIYA;KOBIETA;4;22305401
SHEEBA;KOBIETA;4;22305405
GENEVI?VE;KOBIETA;4;22305409
AIRIS;KOBIETA;4;22305413
LAYA;KOBIETA;4;22305417
SURAJA;KOBIETA;4;22305421
PADMAPRIYA;KOBIETA;4;22305425
LUBICA;KOBIETA;4;22305429
EUNWOO;KOBIETA;4;22305433
RAKIA;KOBIETA;4;22305437
GRENADA;KOBIETA;4;22305441
SAMITA;KOBIETA;4;22305445
MAKHABAT;KOBIETA;4;22305449
ROOSA;KOBIETA;4;22305453
FERESHTEH;KOBIETA;4;22305457
NAZ;KOBIETA;4;22305461
PATRYTSIYA;KOBIETA;4;22305465
HANINA;KOBIETA;4;22305469
HANIM;KOBIETA;4;22305473
CHIDIMMA;KOBIETA;4;22305477
HAREL;KOBIETA;4;22305481
PRASKOWIA;KOBIETA;4;22305485
CARYN;KOBIETA;4;22305489
MENGQI;KOBIETA;4;22305493
AISHABIBI;KOBIETA;4;22305497
XIUYUN;KOBIETA;4;22305501
APURVA;KOBIETA;4;22305505
EUNJU;KOBIETA;4;22305509
ALINDA;KOBIETA;4;22305513
VEDIKA;KOBIETA;4;22305517
VIVA;KOBIETA;4;22305521
YAQI;KOBIETA;4;22305525
TEODOLINDA;KOBIETA;4;22305529
NESREEN;KOBIETA;4;22305533
NICKOLA;KOBIETA;4;22305537
NOUHA;KOBIETA;4;22305541
LAURENCIA;KOBIETA;4;22305545
TIRZA;KOBIETA;4;22305549
ZENAB;KOBIETA;4;22305553
REIHANEH;KOBIETA;4;22305557
AKVIL?;KOBIETA;4;22305561
TETIANA-MARIIA;KOBIETA;4;22305565
DESTINA;KOBIETA;4;22305569
HYUN JI;KOBIETA;4;22305573
GAEUN;KOBIETA;4;22305577
MAAYA;KOBIETA;4;22305581
ADEMA;KOBIETA;4;22305585
GRACELYN;KOBIETA;4;22305589
THANH THAO;KOBIETA;4;22305593
MARIAVITTORIA;KOBIETA;4;22305597
JIYEONG;KOBIETA;4;22305601
AYAGOZ;KOBIETA;4;22305605
HYEJUNG;KOBIETA;4;22305609
SIRIWAN;KOBIETA;4;22305613
MAYS;KOBIETA;4;22305617
TH? TH?Y D??NG;KOBIETA;4;22305621
DULMA;KOBIETA;4;22305625
MINYOUNG;KOBIETA;4;22305629
ANIFIE;KOBIETA;4;22305633
BOYU;KOBIETA;4;22305637
GULARA;KOBIETA;4;22305641
ALFIA;KOBIETA;4;22305645
SELVI;KOBIETA;4;22305649
TH? QUÝ;KOBIETA;4;22305653
GÜLTEN;KOBIETA;4;22305657
SUZANE;KOBIETA;4;22305661
CHANDANA;KOBIETA;4;22305665
SHUMIRAI;KOBIETA;4;22305669
AYB?KE;KOBIETA;4;22305673
CHUNYU;KOBIETA;4;22305677
THANDEKA;KOBIETA;4;22305681
ZHARGALMA;KOBIETA;4;22305685
VLADENA;KOBIETA;4;22305689
HYE YONG;KOBIETA;4;22305693
NA?LE;KOBIETA;4;22305697
RAHA;KOBIETA;4;22305701
TEODOZIYA;KOBIETA;4;22305705
DENDI;KOBIETA;4;22305709
KAMILAH;KOBIETA;4;22305713
SOJIN;KOBIETA;4;22305717
FELITSIIA;KOBIETA;4;22305721
A£A;KOBIETA;4;22305725
WIELOS£AWA;KOBIETA;4;22305729
BEATRYCJA;KOBIETA;4;22305733
NGOC HAN;KOBIETA;4;22305737
ARSENA;KOBIETA;4;22305741
PHILIPPINE;KOBIETA;4;22305745
SHAWN;KOBIETA;4;22305749
ELISON;KOBIETA;4;22305753
OPELIA;KOBIETA;4;22305757
MARYLIN;KOBIETA;4;22305761
KITANA;KOBIETA;4;22305765
CHONG;KOBIETA;4;22305769
TOMAI;KOBIETA;4;22305773
GUGULI;KOBIETA;4;22305777
AKSHARA;KOBIETA;4;22305781
MERJEN;KOBIETA;4;22305785
NILSU;KOBIETA;4;22305789
MATRENA;KOBIETA;4;22305793
ARIFE;KOBIETA;4;22305797
XANDRA;KOBIETA;4;22305801
JEANETT;KOBIETA;4;22305805
STELUTA;KOBIETA;4;22305809
SHOGHAKAT;KOBIETA;4;22305813
MINH NGUYET;KOBIETA;4;22305817
JOKE;KOBIETA;4;22305821
LEOCADIA;KOBIETA;4;22305825
DISA;KOBIETA;4;22305829
INDU;KOBIETA;4;22305833
NAHIR;KOBIETA;4;22305837
SAMREEN;KOBIETA;4;22305841
BLERINA;KOBIETA;4;22305845
TADYS£AWA;KOBIETA;4;22305849
ASSI;KOBIETA;4;22305853
ROXANI;KOBIETA;4;22305857
LATA;KOBIETA;4;22305861
MARI-ANNA;KOBIETA;4;22305865
LUTSIYA;KOBIETA;4;22305869
MIRRIAM;KOBIETA;4;22305873
SNJEANA;KOBIETA;4;22305877
SIRA;KOBIETA;4;22305881
SRISHTI;KOBIETA;4;22305885
YORDANIIA;KOBIETA;4;22305889
LIXIN;KOBIETA;4;22305893
BRONHILDA;KOBIETA;4;22305897
TESLIME;KOBIETA;4;22305901
JETTE;KOBIETA;4;22305905
GULAY;KOBIETA;4;22305909
MAIREAD;KOBIETA;4;22305913
MUZI;KOBIETA;4;22305917
IRITH;KOBIETA;4;22305921
THUC;KOBIETA;4;22305925
TERESSA;KOBIETA;4;22305929
YENA;KOBIETA;4;22305933
KWIRENA;KOBIETA;4;22305937
MARYLKA;KOBIETA;4;22305941
CAIYUN;KOBIETA;4;22305945
EYNAV;KOBIETA;4;22305949
KEISI;KOBIETA;4;22305953
HULNAZ;KOBIETA;4;22305957
BENATA;KOBIETA;4;22305961
OJCUMI£A;KOBIETA;4;22305965
ROSEMARI;KOBIETA;4;22305969
FIAMA;KOBIETA;4;22305973
EUN YOUNG;KOBIETA;4;22305977
HAMEST;KOBIETA;4;22305981
KASJOPEA;KOBIETA;4;22305985
LILLIIA;KOBIETA;4;22305989
XIAORONG;KOBIETA;4;22305993
CHENYI;KOBIETA;4;22305997
TALENT;KOBIETA;4;22306001
KUNDUZ;KOBIETA;4;22306005
THI KIM ANH;KOBIETA;4;22306009
REJANE;KOBIETA;4;22306013
ZLATINA;KOBIETA;4;22306017
VERITY;KOBIETA;4;22306021
NOMA;KOBIETA;4;22306025
DANIIL;KOBIETA;4;22306029
AIQIN;KOBIETA;4;22306033
LILLIENNE;KOBIETA;4;22306037
COLIN;KOBIETA;4;22306041
GINTA;KOBIETA;4;22306045
SHEFALI;KOBIETA;4;22306049
STEPAN;KOBIETA;4;22306053
DAFINKA;KOBIETA;4;22306057
PÉNÉLOPE;KOBIETA;4;22306061
LUCI;KOBIETA;4;22306065
LILLIANNE;KOBIETA;4;22306069
JIAQIAN;KOBIETA;4;22306073
SI;KOBIETA;4;22306077
HYOJUNG;KOBIETA;4;22306081
HAIDI;KOBIETA;4;22306085
SAMIKSHA;KOBIETA;4;22306089
TU LINH;KOBIETA;4;22306093
SIXTINE;KOBIETA;4;22306097
MIRIANNA;KOBIETA;4;22306101
GRECIA;KOBIETA;4;22306105
DOMINIK;KOBIETA;4;22306109
ESLEM;KOBIETA;4;22306113
XUEFANG;KOBIETA;4;22306117
YAJUAN;KOBIETA;4;22306121
PARIA;KOBIETA;4;22306125
ILDIKA;KOBIETA;4;22306129
SHINO;KOBIETA;4;22306133
KACIARYNA;KOBIETA;4;22306137
SAARAH;KOBIETA;4;22306141
RENAD;KOBIETA;4;22306145
ROZÁLIA;KOBIETA;4;22306149
ELENORA;KOBIETA;4;22306153
ROOS;KOBIETA;4;22306157
LIXIAO;KOBIETA;4;22306161
IOANA-ALEXANDRA;KOBIETA;4;22306165
DINORA;KOBIETA;4;22306169
ANASTACIIA;KOBIETA;4;22306173
WILLA;KOBIETA;4;22306177
BERRY;KOBIETA;4;22306181
SHUQI;KOBIETA;4;22306185
LORIEN;KOBIETA;4;22306189
THI THUC;KOBIETA;4;22306193
ARLLETA;KOBIETA;4;22306197
IVETE;KOBIETA;4;22306201
MARIA-ANNA;KOBIETA;4;22306205
EWODIA;KOBIETA;4;22306209
XIRAN;KOBIETA;4;22306213
JOSEPHA;KOBIETA;4;22306217
MIHALINA;KOBIETA;4;22306221
ÖZDEN;KOBIETA;4;22306225
WASYLKA;KOBIETA;4;22306229
TH? L?I;KOBIETA;4;22306233
NAYUN;KOBIETA;4;22306237
DEVAKI;KOBIETA;4;22306241
OUMAYMA;KOBIETA;4;22306245
XIUMIN;KOBIETA;4;22306249
ELENY;KOBIETA;4;22306253
DIAN;KOBIETA;4;22306257
MIWAKO;KOBIETA;4;22306261
HILDEGUNDA;KOBIETA;4;22306265
YAPRAK;KOBIETA;4;22306269
HÉL?NA;KOBIETA;4;22306273
ÂNGELA;KOBIETA;4;22306277
SUNJA;KOBIETA;4;22306281
EWINA;KOBIETA;4;22306285
ABIGEL;KOBIETA;4;22306289
SEWERINA;KOBIETA;4;22306293
THI BICH HANH;KOBIETA;4;22306297
Z£ATOS£AWA;KOBIETA;4;22306301
FILONIA;KOBIETA;4;22306305
MIRELLE;KOBIETA;4;22306309
CATHRYN;KOBIETA;4;22306313
NYRA;KOBIETA;4;22306317
SNIZHANA-MARIIA;KOBIETA;4;22306321
NICULINA;KOBIETA;4;22306325
MUTSA;KOBIETA;4;22306329
YINGXI;KOBIETA;4;22306333
KARIANNE;KOBIETA;4;22306337
HERA;KOBIETA;4;22306341
RABIGA;KOBIETA;4;22306345
ANTONIETA;KOBIETA;4;22306349
SILVI;KOBIETA;4;22306353
HA AN;KOBIETA;4;22306357
IASAMAN;KOBIETA;4;22306361
MINDY;KOBIETA;4;22306365
SUMITA;KOBIETA;4;22306369
ARISTEA;KOBIETA;4;22306373
APOLLINA;KOBIETA;4;22306377
MEGGIE;KOBIETA;4;22306381
MAMATHA;KOBIETA;4;22306385
SUZHEN;KOBIETA;4;22306389
VASELYNA;KOBIETA;4;22306393
REJZA;KOBIETA;4;22306397
MARINETTA;KOBIETA;4;22306401
MAI CHI;KOBIETA;4;22306405
TAE;KOBIETA;4;22306409
ESSI;KOBIETA;4;22306413
SUELI;KOBIETA;4;22306417
MARIA DEL ROCIO;KOBIETA;4;22306421
TINSAE;KOBIETA;4;22306425
JINGHAN;KOBIETA;4;22306429
ANDY;KOBIETA;4;22306433
RUSLAN;KOBIETA;4;22306437
MAHTAB;KOBIETA;4;22306441
PEMA;KOBIETA;4;22306445
JINGHUA;KOBIETA;4;22306449
WALIA;KOBIETA;4;22306453
JUANNA;KOBIETA;4;22306457
TEMIRA;KOBIETA;4;22306461
SANG;KOBIETA;4;22306465
URSHULIA;KOBIETA;4;22306469
MARIA DE LAS MERCEDES;KOBIETA;4;22306473
MALINI;KOBIETA;4;22306477
QINGXIA;KOBIETA;4;22306481
NIOLA;KOBIETA;4;22306485
JELYZAWETA;KOBIETA;4;22306489
SHUANGLI;KOBIETA;4;22306493
RONYA;KOBIETA;4;22306497
SOLENNE;KOBIETA;4;22306501
TACCIANA;KOBIETA;4;22306505
SOWON;KOBIETA;4;22306509
SHARAYU;KOBIETA;4;22306513
BHAVYA;KOBIETA;4;22306517
NAZIFA;KOBIETA;4;22306521
ALCINA;KOBIETA;4;22306525
THI LUONG;KOBIETA;4;22306529
NALIA;KOBIETA;4;22306533
ZIJUN;KOBIETA;4;22306537
OLGHA;KOBIETA;4;22306541
HONGMIN;KOBIETA;4;22306545
LEOKADIYA;KOBIETA;4;22306549
ANTYGONA;KOBIETA;4;22306553
MADHURIMA;KOBIETA;4;22306557
RASHI;KOBIETA;4;22306561
CINTHYA;KOBIETA;4;22306565
ANTONIE;KOBIETA;4;22306569
BHARGAVI;KOBIETA;4;22306573
MADINABONU;KOBIETA;4;22306577
SHAY-LEE;KOBIETA;4;22306581
NNENNA;KOBIETA;4;22306585
CHIHO;KOBIETA;4;22306589
DARENA;KOBIETA;4;22306593
ASTHA;KOBIETA;4;22306597
STEFFANIE;KOBIETA;4;22306601
YADWIGA;KOBIETA;4;22306605
IBTISSAM;KOBIETA;4;22306609
DULAMSUREN;KOBIETA;4;22306613
EDIE;KOBIETA;4;22306617
JANNATUL;KOBIETA;4;22306621
NATASSIA;KOBIETA;4;22306625
MILONA;KOBIETA;4;22306629
LYKA;KOBIETA;4;22306633
FOLASHADE;KOBIETA;4;22306637
MARYROSE;KOBIETA;4;22306641
MA'AYAN;KOBIETA;4;22306645
WADZANAI;KOBIETA;4;22306649
RADKHA;KOBIETA;4;22306653
AKSELA;KOBIETA;4;22306657
ILDONA;KOBIETA;4;22306661
SARANG;KOBIETA;4;22306665
ALIEKSIIA;KOBIETA;4;22306669
ACELYA;KOBIETA;4;22306673
ZULFIA;KOBIETA;4;22306677
KRZYSIA;KOBIETA;4;22306681
IROLA;KOBIETA;4;22306685
CATI;KOBIETA;4;22306689
LAURIANE;KOBIETA;4;22306693
EUNHYE;KOBIETA;4;22306697
AMIDE;KOBIETA;4;22306701
ANG;KOBIETA;4;22306705
RAJESHWARI;KOBIETA;4;22306709
JYOTSNA;KOBIETA;4;22306713
ILLINA;KOBIETA;4;22306717
DZIEWANNA;KOBIETA;4;22306721
SENAIT;KOBIETA;4;22306725
BUHLEBENKOSI;KOBIETA;4;22306729
ATLAS;KOBIETA;4;22306733
WANIA;KOBIETA;4;22306737
YUJIE;KOBIETA;4;22306741
RECHELLE;KOBIETA;4;22306745
CANDACE;KOBIETA;4;22306749
ARUS;KOBIETA;4;22306753
OTTYLIA;KOBIETA;4;22306757
TISHA;KOBIETA;4;22306761
REESE;KOBIETA;4;22306765
JINGYING;KOBIETA;4;22306769
LUDWIGA;KOBIETA;4;22306773
ORIETA;KOBIETA;4;22306777
AYLIS;KOBIETA;4;22306781
THI NHUAN;KOBIETA;4;22306785
ROSALEE;KOBIETA;4;22306789
WAICA;KOBIETA;4;22306793
SWARA;KOBIETA;4;22306797
NEGINA;KOBIETA;4;22306801
SANET;KOBIETA;4;22306805
EVOLET;KOBIETA;4;22306809
MITCHELL;KOBIETA;4;22306813
HAFIZA;KOBIETA;4;22306817
MARICZKA;KOBIETA;4;22306821
ªERIFE;KOBIETA;4;22306825
ROULA;KOBIETA;4;22306829
AGNESHKA;KOBIETA;4;22306833
DARIY;KOBIETA;4;22306837
EDNALYN;KOBIETA;4;22306841
LAREB;KOBIETA;4;22306845
LINH DAN;KOBIETA;4;22306849
POLLA;KOBIETA;4;22306853
MALOU;KOBIETA;4;22306857
DHRITI;KOBIETA;4;22306861
KAIIA;KOBIETA;4;22306865
DZHULIYA;KOBIETA;4;22306869
ILARY;KOBIETA;4;22306873
TEMILOLUWA;KOBIETA;4;22306877
AÇELYA;KOBIETA;4;22306881
YU-CHUN;KOBIETA;4;22306885
BURÇ?N;KOBIETA;4;22306889
HAEJIN;KOBIETA;4;22306893
MARKHET;KOBIETA;4;22306897
MARSELLA;KOBIETA;4;22306901
MOZOL;KOBIETA;4;22306905
JIHAN;KOBIETA;4;22306909
JANNETTE;KOBIETA;4;22306913
ENISA;KOBIETA;4;22306917
HANSA;KOBIETA;4;22306921
SINTIIA;KOBIETA;4;22306925
ANTONIYA;KOBIETA;4;22306929
ANNA-;KOBIETA;4;22306933
GIUSEPPA;KOBIETA;4;22306937
XUEYING;KOBIETA;4;22306941
KHATIDZHE;KOBIETA;4;22306945
PARISHA;KOBIETA;4;22306949
MARCYNA;KOBIETA;4;22306953
VOSKI;KOBIETA;4;22306957
NINELI;KOBIETA;4;22306961
YALIN;KOBIETA;4;22306965
ODARIA;KOBIETA;4;22306969
MEITAR;KOBIETA;4;22306973
SUPAPORN;KOBIETA;4;22306977
HAI ANH;KOBIETA;4;22306981
THI VIET ANH;KOBIETA;4;22306985
MAHBUBA;KOBIETA;4;22306989
BOGUMINA;KOBIETA;4;22306993
IFRAH;KOBIETA;4;22306997
DOMIS£AWA;KOBIETA;4;22307001
ASHMITA;KOBIETA;4;22307005
JYOTIKA;KOBIETA;4;22307009
AKSYNIA;KOBIETA;4;22307013
KATRÍN;KOBIETA;4;22307017
NAZIRE;KOBIETA;4;22307021
SOOBIN;KOBIETA;4;22307025
OYUNBILEG;KOBIETA;4;22307029
JAIMIE;KOBIETA;4;22307033
ALIZEE;KOBIETA;4;22307037
ADIYA;KOBIETA;4;22307041
VALETINA;KOBIETA;4;22307045
AHIN;KOBIETA;4;22307049
CLÉA;KOBIETA;4;22307053
MARIE-FRANCE;KOBIETA;4;22307057
SHANELLE;KOBIETA;4;22307061
ANZHALINA;KOBIETA;4;22307065
BERFU;KOBIETA;4;22307069
LYUTSIYA;KOBIETA;4;22307073
SAODAT;KOBIETA;4;22307077
KUNIKO;KOBIETA;4;22307081
TAISSIYA;KOBIETA;4;22307085
SALONI;KOBIETA;4;22307089
NÁDIA;KOBIETA;4;22307093
LONG;KOBIETA;4;22307097
MIKHILINA;KOBIETA;4;22307101
SEWERA;KOBIETA;4;22307105
FELINA;KOBIETA;4;22307109
MIMA;KOBIETA;4;22307113
MARIIA-EMILIIA;KOBIETA;4;22307117
ZIUTA;KOBIETA;4;22307121
AYSEGUL;KOBIETA;4;22307125
UMME;KOBIETA;4;22307129
MELSIDA;KOBIETA;4;22307133
HULNORA;KOBIETA;4;22307137
THI QUYNH NGA;KOBIETA;4;22307141
MILINA;KOBIETA;4;22307145
LETA;KOBIETA;4;22307149
XIAOZHEN;KOBIETA;4;22307153
MUYASSAR;KOBIETA;4;22307157
CAIA;KOBIETA;4;22307161
ODESSA;KOBIETA;4;22307165
LENY;KOBIETA;4;22307169
DRITA;KOBIETA;4;22307173
ZIYUN;KOBIETA;4;22307177
JOUMANA;KOBIETA;4;22307181
HELIT;KOBIETA;4;22307185
ANN-KATHRIN;KOBIETA;4;22307189
HAYANE;KOBIETA;4;22307193
YELISAVIETA;KOBIETA;4;22307197
IDALINA;KOBIETA;4;22307201
THANH HUY?N;KOBIETA;4;22307205
PERSEFONI;KOBIETA;4;22307209
YEVCHENIIA;KOBIETA;4;22307213
ROSLYN;KOBIETA;4;22307217
JOMANA;KOBIETA;4;22307221
FUMI;KOBIETA;4;22307225
MANEA;KOBIETA;4;22307229
MEDHA;KOBIETA;4;22307233
CERYS;KOBIETA;4;22307237
KHANH LY;KOBIETA;4;22307241
NIUNIA;KOBIETA;4;22307245
DOLORYS;KOBIETA;4;22307249
ANDELA;KOBIETA;4;22307253
ULDANA;KOBIETA;4;22307257
LAT?FE;KOBIETA;4;22307261
SU JIN;KOBIETA;4;22307265
MINEL;KOBIETA;4;22307269
ZIQING;KOBIETA;4;22307273
ARGYRO;KOBIETA;4;22307277
FIRDES;KOBIETA;4;22307281
MICKA;KOBIETA;4;22307285
COLETTA;KOBIETA;4;22307289
VEDRANA;KOBIETA;4;22307293
NADEGE;KOBIETA;4;22307297
LAMIIA;KOBIETA;4;22307301
BICH NGA;KOBIETA;4;22307305
ANNELIZE;KOBIETA;4;22307309
EURELA;KOBIETA;4;22307313
FILINA;KOBIETA;4;22307317
THIN;KOBIETA;4;22307321
ASTERA;KOBIETA;4;22307325
MEIQI;KOBIETA;4;22307329
TENZIN;KOBIETA;4;22307333
ZORIANNA;KOBIETA;4;22307337
DUNYAGOZEL;KOBIETA;4;22307341
DESIDERIA;KOBIETA;4;22307345
CHRISI;KOBIETA;4;22307349
TEMA;KOBIETA;4;22307353
MINAL;KOBIETA;4;22307357
MÜBERRA;KOBIETA;4;22307361
KELI;KOBIETA;4;22307365
NAO;KOBIETA;4;22307369
SANIKA;KOBIETA;4;22307373
LIESE;KOBIETA;4;22307377
FOTINA;KOBIETA;4;22307381
LJUBA;KOBIETA;4;22307385
PINGPING;KOBIETA;4;22307389
NEVRA;KOBIETA;4;22307393
VAIBHAVI;KOBIETA;4;22307397
MARIKE;KOBIETA;4;22307401
AFANASIIA;KOBIETA;4;22307405
CHRYSTAL;KOBIETA;4;22307409
SEVILEN;KOBIETA;4;22307413
INAYAH;KOBIETA;4;22307417
ZVIKOMBORERO;KOBIETA;4;22307421
ALZIRA;KOBIETA;4;22307425
FARANGIS;KOBIETA;4;22307429
ZULMA;KOBIETA;4;22307433
AELIA;KOBIETA;4;22307437
COLLETTE;KOBIETA;4;22307441
YILIIA;KOBIETA;4;22307445
SHUANGYAN;KOBIETA;4;22307449
ZEYNA;KOBIETA;4;22307453
ORYA;KOBIETA;4;22307457
ALIEVA;KOBIETA;4;22307461
XIAOXUE;KOBIETA;4;22307465
RAKEL;KOBIETA;4;22307469
TUE;KOBIETA;4;22307473
OKTIABRYNA;KOBIETA;4;22307477
VILORA;KOBIETA;4;22307481
NURSEL;KOBIETA;4;22307485
MYAH;KOBIETA;4;22307489
ARIZONA;KOBIETA;4;22307493
KHAMIDA;KOBIETA;4;22307497
SAFURA;KOBIETA;4;22307501
MARIA CLARA;KOBIETA;4;22307505
HAMUTAL;KOBIETA;4;22307509
MY£ANA;KOBIETA;4;22307513
YALDA;KOBIETA;4;22307517
N?GAR;KOBIETA;4;22307521
SVITALANA;KOBIETA;4;22307525
ANASTASIIA-OLHA;KOBIETA;4;22307529
SOYEONG;KOBIETA;4;22307533
MOE;KOBIETA;4;22307537
HIKARI;KOBIETA;4;22307541
SHERRI;KOBIETA;4;22307545
LINDIWE;KOBIETA;4;22307549
XIAONING;KOBIETA;4;22307553
ROSELINE;KOBIETA;4;22307557
YUJIA;KOBIETA;4;22307561
LIPA;KOBIETA;4;22307565
HYUNAH;KOBIETA;4;22307569
BETELEHEM;KOBIETA;4;22307573
MLADA;KOBIETA;4;22307577
EUNICA;KOBIETA;4;22307581
MIHRIBAN;KOBIETA;4;22307585
YANITSA;KOBIETA;4;22307589
DUMITRITA;KOBIETA;4;22307593
LIPAZ;KOBIETA;4;22307597
AUDRA;KOBIETA;4;22307601
EVRIM;KOBIETA;4;22307605
SHAINA;KOBIETA;4;22307609
STEFFANI;KOBIETA;4;22307613
AG£AIDA;KOBIETA;4;22307617
SYBIL;KOBIETA;4;22307621
MAI LAN;KOBIETA;4;22307625
HYE JIN;KOBIETA;4;22307629
JIL;KOBIETA;4;22307633
RENGINAR;KOBIETA;4;22307637
VESELKA;KOBIETA;4;22307641
RANJITHA;KOBIETA;4;22307645
HYEJEONG;KOBIETA;4;22307649
SUNISA;KOBIETA;4;22307653
LIHIE;KOBIETA;4;22307657
SULIKO;KOBIETA;4;22307661
AIGUN;KOBIETA;4;22307665
WELINA;KOBIETA;4;22307669
SAF?YE;KOBIETA;4;22307673
MARGIDA;KOBIETA;4;22307677
MI£ORADA;KOBIETA;4;22307681
AZAM;KOBIETA;4;22307685
WASYLISA;KOBIETA;4;22307689
JESMINA;KOBIETA;4;22307693
RUDOLFA;KOBIETA;4;22307697
EZINNE;KOBIETA;4;22307701
PAIVI;KOBIETA;4;22307705
NIKOLIJA;KOBIETA;4;22307709
KUSUMA;KOBIETA;4;22307713
ZARYANA;KOBIETA;4;22307717
JESSE;KOBIETA;4;22307721
ARIUNJARGAL;KOBIETA;4;22307725
EBBA;KOBIETA;4;22307729
NIYA;KOBIETA;4;22307733
MIO;KOBIETA;4;22307737
JOSELYNE;KOBIETA;4;22307741
ANNA-YELYZAVETA;KOBIETA;4;22307745
OGULJAN;KOBIETA;4;22307749
SUVI;KOBIETA;4;22307753
YURIKO;KOBIETA;4;22307757
IIDA;KOBIETA;4;22307761
LIAM;KOBIETA;4;22307765
BRIGETTE;KOBIETA;4;22307769
THU GIANG;KOBIETA;4;22307773
DESAK;KOBIETA;4;22307777
PHIKRIA;KOBIETA;4;22307781
ZÜBEYDE;KOBIETA;4;22307785
SIBONGILE;KOBIETA;4;22307789
JAYDE;KOBIETA;4;22307793
JORDYN;KOBIETA;4;22307797
PAULINKA;KOBIETA;4;22307801
RAMIA;KOBIETA;4;22307805
MICHALA;KOBIETA;4;22307809
BAKHYTGUL;KOBIETA;4;22307813
BAKYT;KOBIETA;4;22307817
ANASTIASIIA;KOBIETA;4;22307821
MANETA;KOBIETA;4;22307825
INDI;KOBIETA;4;22307829
KAMILYA;KOBIETA;4;22307833
RUBA;KOBIETA;4;22307837
KALAIVANI;KOBIETA;4;22307841
HANSOL;KOBIETA;4;22307845
ASIEL;KOBIETA;4;22307849
OLIESIA;KOBIETA;4;22307853
MURSAL;KOBIETA;4;22307857
TAMLYN;KOBIETA;4;22307861
ALMARA;KOBIETA;4;22307865
SOHEILA;KOBIETA;4;22307869
SAL?HA;KOBIETA;4;22307873
XUEQIN;KOBIETA;4;22307877
GESA;KOBIETA;4;22307881
ELIAN;KOBIETA;4;22307885
THI KIEU ANH;KOBIETA;4;22307889
ENIKO;KOBIETA;4;22307893
ÖMÜR;KOBIETA;4;22307897
LUISANA;KOBIETA;4;22307901
MARINETTE;KOBIETA;4;22307905
ALFIJA;KOBIETA;4;22307909
KATALIEIA;KOBIETA;3;22307912
PERVIN;KOBIETA;3;22307915
ARZYGUL;KOBIETA;3;22307918
HUILIAN;KOBIETA;3;22307921
NURIIE;KOBIETA;3;22307924
CUIYUN;KOBIETA;3;22307927
FENGXIA;KOBIETA;3;22307930
ANEZJA;KOBIETA;3;22307933
MAHBOUBEH;KOBIETA;3;22307936
JAVAHIR;KOBIETA;3;22307939
RIHINA;KOBIETA;3;22307942
SUZANN;KOBIETA;3;22307945
MARIANN;KOBIETA;3;22307948
SERP?L;KOBIETA;3;22307951
ELJKA;KOBIETA;3;22307954
YE EUN;KOBIETA;3;22307957
YANYI;KOBIETA;3;22307960
SAREH;KOBIETA;3;22307963
ANASTASII;KOBIETA;3;22307966
VILDA;KOBIETA;3;22307969
RUPANA;KOBIETA;3;22307972
ARBENITA;KOBIETA;3;22307975
IHUOMA;KOBIETA;3;22307978
PRASKOVIYA;KOBIETA;3;22307981
NIHORA;KOBIETA;3;22307984
SUN HWA;KOBIETA;3;22307987
RADOMYRA;KOBIETA;3;22307990
YOSRA;KOBIETA;3;22307993
THI MAI HOA;KOBIETA;3;22307996
DAWA;KOBIETA;3;22307999
SZEBORA;KOBIETA;3;22308002
XIUYAN;KOBIETA;3;22308005
YEL?Z;KOBIETA;3;22308008
LAMIRA;KOBIETA;3;22308011
FORTUNE;KOBIETA;3;22308014
ILAYA;KOBIETA;3;22308017
CHAITALI;KOBIETA;3;22308020
MINH HANG;KOBIETA;3;22308023
PAROMITA;KOBIETA;3;22308026
MARIA CAMILA;KOBIETA;3;22308029
FANG-YU;KOBIETA;3;22308032
KNAR;KOBIETA;3;22308035
ADELHAJDA;KOBIETA;3;22308038
TH? THANH VÂN;KOBIETA;3;22308041
GODYS£AWA;KOBIETA;3;22308044
FELLA;KOBIETA;3;22308047
JOYLYN;KOBIETA;3;22308050
JOULIA;KOBIETA;3;22308053
XIAOXU;KOBIETA;3;22308056
ILAKHA;KOBIETA;3;22308059
RAZALIYA;KOBIETA;3;22308062
RASIMA;KOBIETA;3;22308065
GÜLLÜ;KOBIETA;3;22308068
INOCENTYNA;KOBIETA;3;22308071
MI£DA;KOBIETA;3;22308074
CAN;KOBIETA;3;22308077
D¯AMILIA;KOBIETA;3;22308080
MIRETTA;KOBIETA;3;22308083
JAMILYA;KOBIETA;3;22308086
TYLER;KOBIETA;3;22308089
SRUTHY;KOBIETA;3;22308092
BRIHITTA;KOBIETA;3;22308095
GRATIANA;KOBIETA;3;22308098
LILLY-ANNE;KOBIETA;3;22308101
ELENICA;KOBIETA;3;22308104
CAO;KOBIETA;3;22308107
YUHUAN;KOBIETA;3;22308110
RISSA;KOBIETA;3;22308113
SÜEDA;KOBIETA;3;22308116
SUN MI;KOBIETA;3;22308119
DOMINIKIIA;KOBIETA;3;22308122
ALBIKA;KOBIETA;3;22308125
TH? PH??NG ANH;KOBIETA;3;22308128
CEN;KOBIETA;3;22308131
SNIEGUOL?;KOBIETA;3;22308134
LURA;KOBIETA;3;22308137
RAVILIA;KOBIETA;3;22308140
IJEOMA;KOBIETA;3;22308143
FUMIE;KOBIETA;3;22308146
RABIIA;KOBIETA;3;22308149
THI TRAM;KOBIETA;3;22308152
PÉROLA;KOBIETA;3;22308155
RAHELEH;KOBIETA;3;22308158
NORBERTYNA;KOBIETA;3;22308161
NG?C ÁNH;KOBIETA;3;22308164
CAOIMHE;KOBIETA;3;22308167
MARD¯ANA;KOBIETA;3;22308170
AYRIE;KOBIETA;3;22308173
LOVELYN;KOBIETA;3;22308176
DOLORIS;KOBIETA;3;22308179
PEIYAO;KOBIETA;3;22308182
ASSYL;KOBIETA;3;22308185
DRAGICA;KOBIETA;3;22308188
MARIE-LINE;KOBIETA;3;22308191
ADELYN;KOBIETA;3;22308194
GIZA;KOBIETA;3;22308197
CHALINA;KOBIETA;3;22308200
DORKA;KOBIETA;3;22308203
YEUKAI;KOBIETA;3;22308206
ZYULBIE;KOBIETA;3;22308209
KESIA;KOBIETA;3;22308212
SOLOMIIA-OLEKSANDRA;KOBIETA;3;22308215
ALRUN;KOBIETA;3;22308218
KATRI;KOBIETA;3;22308221
SOOAH;KOBIETA;3;22308224
ZIAN;KOBIETA;3;22308227
SUVDAA;KOBIETA;3;22308230
KAELA;KOBIETA;3;22308233
QUYNH CHAU;KOBIETA;3;22308236
VIKTORÍA;KOBIETA;3;22308239
NALEDI;KOBIETA;3;22308242
WIRDZINIA;KOBIETA;3;22308245
HUONG TRA;KOBIETA;3;22308248
LUIDGARDA;KOBIETA;3;22308251
GIOWANNA;KOBIETA;3;22308254
NATALE;KOBIETA;3;22308257
AROA;KOBIETA;3;22308260
EVDOKIJA;KOBIETA;3;22308263
LOANA;KOBIETA;3;22308266
YUSTSINA;KOBIETA;3;22308269
MARIA ELENA;KOBIETA;3;22308272
AYODELE;KOBIETA;3;22308275
THI LAN PHUONG;KOBIETA;3;22308278
DRAUPADI;KOBIETA;3;22308281
JUMAN;KOBIETA;3;22308284
MASAR;KOBIETA;3;22308287
HEDA;KOBIETA;3;22308290
YANXIA;KOBIETA;3;22308293
FERDANE;KOBIETA;3;22308296
TH?Y ANH;KOBIETA;3;22308299
ANDREY;KOBIETA;3;22308302
WIÊCZYS£AWA;KOBIETA;3;22308305
DALLILA;KOBIETA;3;22308308
MARTA-SOFIIA;KOBIETA;3;22308311
NI£A;KOBIETA;3;22308314
TOLES£AWA;KOBIETA;3;22308317
AREEBA;KOBIETA;3;22308320
AIRINA;KOBIETA;3;22308323
KANANA;KOBIETA;3;22308326
WEIPING;KOBIETA;3;22308329
LILYANN;KOBIETA;3;22308332
BERITAN;KOBIETA;3;22308335
SHUYUN;KOBIETA;3;22308338
JIANMEI;KOBIETA;3;22308341
ANASTAZIYA;KOBIETA;3;22308344
KARO;KOBIETA;3;22308347
CHALTU;KOBIETA;3;22308350
ANA MARIE;KOBIETA;3;22308353
KATHERYN;KOBIETA;3;22308356
AILAR;KOBIETA;3;22308359
THI CHI;KOBIETA;3;22308362
THI MO;KOBIETA;3;22308365
MICHELINA;KOBIETA;3;22308368
NH?T;KOBIETA;3;22308371
HARINI;KOBIETA;3;22308374
DZIDRA;KOBIETA;3;22308377
NATLIA;KOBIETA;3;22308380
THEMBELIHLE;KOBIETA;3;22308383
FREDERIKE;KOBIETA;3;22308386
RAYZA;KOBIETA;3;22308389
DANEL;KOBIETA;3;22308392
MAITRAYEE;KOBIETA;3;22308395
USTYNIIA;KOBIETA;3;22308398
YIJIE;KOBIETA;3;22308401
DAJEONG;KOBIETA;3;22308404
ZARGHONA;KOBIETA;3;22308407
JACKA;KOBIETA;3;22308410
ITISHREE;KOBIETA;3;22308413
SHAYLA;KOBIETA;3;22308416
L?VA;KOBIETA;3;22308419
SABRIJE;KOBIETA;3;22308422
ACHIRA;KOBIETA;3;22308425
YAHONG;KOBIETA;3;22308428
SASIKALA;KOBIETA;3;22308431
SHANU;KOBIETA;3;22308434
BETIA;KOBIETA;3;22308437
S£AWENA;KOBIETA;3;22308440
JUNYAN;KOBIETA;3;22308443
SHERINE;KOBIETA;3;22308446
GENELYN;KOBIETA;3;22308449
HALINKA;KOBIETA;3;22308452
JOLKA;KOBIETA;3;22308455
THI KIM NHUNG;KOBIETA;3;22308458
MARIAME;KOBIETA;3;22308461
MAKDA;KOBIETA;3;22308464
NIINA;KOBIETA;3;22308467
MINSOL;KOBIETA;3;22308470
LEA-SOPHIE;KOBIETA;3;22308473
ELZHBIETA;KOBIETA;3;22308476
SINDHURA;KOBIETA;3;22308479
KHRYSTYNA-ANNA;KOBIETA;3;22308482
MÍRIAM;KOBIETA;3;22308485
FORTUNA;KOBIETA;3;22308488
EUNSOO;KOBIETA;3;22308491
IEVGENIYA;KOBIETA;3;22308494
JOLINE;KOBIETA;3;22308497
SEONYOUNG;KOBIETA;3;22308500
IZOLETTA;KOBIETA;3;22308503
LAMIAA;KOBIETA;3;22308506
SARASWATHI;KOBIETA;3;22308509
LYDIIA;KOBIETA;3;22308512
HURSHIDA;KOBIETA;3;22308515
ILAYLA;KOBIETA;3;22308518
SHANTA;KOBIETA;3;22308521
ANA LIZA;KOBIETA;3;22308524
TYTUSA;KOBIETA;3;22308527
ABY;KOBIETA;3;22308530
JEANA;KOBIETA;3;22308533
CHIZOBA;KOBIETA;3;22308536
AMORNRAT;KOBIETA;3;22308539
MARIE-ANGE;KOBIETA;3;22308542
DYALA;KOBIETA;3;22308545
GUILLEMETTE;KOBIETA;3;22308548
HYOBIN;KOBIETA;3;22308551
RAY;KOBIETA;3;22308554
DARCEY;KOBIETA;3;22308557
TAVONGA;KOBIETA;3;22308560
WILHELMINE;KOBIETA;3;22308563
NEVE;KOBIETA;3;22308566
CIPORA;KOBIETA;3;22308569
PERLITA;KOBIETA;3;22308572
TASJA;KOBIETA;3;22308575
AIRONG;KOBIETA;3;22308578
ARLET;KOBIETA;3;22308581
BEILEI;KOBIETA;3;22308584
GOMA;KOBIETA;3;22308587
MANASVI;KOBIETA;3;22308590
ZHADRA;KOBIETA;3;22308593
GÖKÇEM;KOBIETA;3;22308596
LUCKY;KOBIETA;3;22308599
VIOLAINE;KOBIETA;3;22308602
TH? THU TH?O;KOBIETA;3;22308605
LORIDANA;KOBIETA;3;22308608
DUSIA;KOBIETA;3;22308611
¯ANETT;KOBIETA;3;22308614
LIZABET;KOBIETA;3;22308617
TAÍS;KOBIETA;3;22308620
D?LAY;KOBIETA;3;22308623
AHINOAM;KOBIETA;3;22308626
ROKSOLANA-MARIIA;KOBIETA;3;22308629
SAMEEKSHA;KOBIETA;3;22308632
ZALA;KOBIETA;3;22308635
AYCHA;KOBIETA;3;22308638
PIETIMAT;KOBIETA;3;22308641
SOOYEON;KOBIETA;3;22308644
NOLWENN;KOBIETA;3;22308647
UUGANTSETSEG;KOBIETA;3;22308650
IMOLA;KOBIETA;3;22308653
DEEMA;KOBIETA;3;22308656
SEUNGYEON;KOBIETA;3;22308659
KEMI;KOBIETA;3;22308662
SHARLEEN;KOBIETA;3;22308665
LUPITA;KOBIETA;3;22308668
IIULIIA;KOBIETA;3;22308671
KIT;KOBIETA;3;22308674
KEZIAH;KOBIETA;3;22308677
NEOLINA;KOBIETA;3;22308680
LINDI;KOBIETA;3;22308683
MISUN;KOBIETA;3;22308686
DZHAVIDAN;KOBIETA;3;22308689
FIDELIA;KOBIETA;3;22308692
ZHUMAGUL;KOBIETA;3;22308695
RUONAN;KOBIETA;3;22308698
MALEKA;KOBIETA;3;22308701
B?O CHÂU;KOBIETA;3;22308704
ALYBINA;KOBIETA;3;22308707
BRATOMI£A;KOBIETA;3;22308710
KRYSTINE;KOBIETA;3;22308713
SHENGMEI;KOBIETA;3;22308716
HOAI THU;KOBIETA;3;22308719
PARDIS;KOBIETA;3;22308722
MALAJKA;KOBIETA;3;22308725
JINAL;KOBIETA;3;22308728
ARTEMI;KOBIETA;3;22308731
NOURAH;KOBIETA;3;22308734
HUIZHEN;KOBIETA;3;22308737
TH? NH?N;KOBIETA;3;22308740
HUSNIYYA;KOBIETA;3;22308743
RAZIIA;KOBIETA;3;22308746
MISHIKA;KOBIETA;3;22308749
ZWIENIS£AWA;KOBIETA;3;22308752
HYEEUN;KOBIETA;3;22308755
ZHENNI;KOBIETA;3;22308758
JUDITHA;KOBIETA;3;22308761
NADIIA-MARIIA;KOBIETA;3;22308764
NAGALAKSHMI;KOBIETA;3;22308767
LUCZIANA;KOBIETA;3;22308770
HUIRONG;KOBIETA;3;22308773
LILAC;KOBIETA;3;22308776
ZHAKLINA;KOBIETA;3;22308779
YESMINE;KOBIETA;3;22308782
LULJETA;KOBIETA;3;22308785
MIKU;KOBIETA;3;22308788
WEIRONG;KOBIETA;3;22308791
EUGENA;KOBIETA;3;22308794
MUGE;KOBIETA;3;22308797
CHIA-YING;KOBIETA;3;22308800
VESSELINA;KOBIETA;3;22308803
KHALIUN;KOBIETA;3;22308806
AIHONG;KOBIETA;3;22308809
KAMLESH;KOBIETA;3;22308812
PANNA;KOBIETA;3;22308815
LIALINA;KOBIETA;3;22308818
NAMIRA;KOBIETA;3;22308821
RUMANA;KOBIETA;3;22308824
EUSTELLA;KOBIETA;3;22308827
HULSUM;KOBIETA;3;22308830
CHANDANI;KOBIETA;3;22308833
ANASHE;KOBIETA;3;22308836
ROLA;KOBIETA;3;22308839
CORRINE;KOBIETA;3;22308842
RUYU;KOBIETA;3;22308845
SULOCHANA;KOBIETA;3;22308848
IRMHILDA;KOBIETA;3;22308851
SUNGEUN;KOBIETA;3;22308854
TOAN;KOBIETA;3;22308857
AISLINN;KOBIETA;3;22308860
ALMILA;KOBIETA;3;22308863
LUYIZA;KOBIETA;3;22308866
JUNHONG;KOBIETA;3;22308869
NH?N;KOBIETA;3;22308872
SUEDA;KOBIETA;3;22308875
MEIYING;KOBIETA;3;22308878
MARIA BELEN;KOBIETA;3;22308881
NANDI;KOBIETA;3;22308884
CYRINE;KOBIETA;3;22308887
WILTRUD;KOBIETA;3;22308890
BARIYAT;KOBIETA;3;22308893
OLIWERA;KOBIETA;3;22308896
BHARATI;KOBIETA;3;22308899
NOMVELO;KOBIETA;3;22308902
ARUNIMA;KOBIETA;3;22308905
SOFYIA;KOBIETA;3;22308908
JINGLE;KOBIETA;3;22308911
MAKS;KOBIETA;3;22308914
CHRISTEENA;KOBIETA;3;22308917
NAIBA;KOBIETA;3;22308920
SANYA;KOBIETA;3;22308923
HAPPINESS;KOBIETA;3;22308926
DZHOANA;KOBIETA;3;22308929
MINH NGUY?T;KOBIETA;3;22308932
CHARISSE;KOBIETA;3;22308935
LIZAN;KOBIETA;3;22308938
CITRA;KOBIETA;3;22308941
NIE¯NA;KOBIETA;3;22308944
TALMA;KOBIETA;3;22308947
LARIIA;KOBIETA;3;22308950
LEONILIA;KOBIETA;3;22308953
WINIFRED;KOBIETA;3;22308956
JIANPING;KOBIETA;3;22308959
SHAKHSANAM;KOBIETA;3;22308962
SHAYNA;KOBIETA;3;22308965
VERICA;KOBIETA;3;22308968
ENNI;KOBIETA;3;22308971
MOKHIGUL;KOBIETA;3;22308974
NEDIA;KOBIETA;3;22308977
LOBAR;KOBIETA;3;22308980
DANA-MARIIA;KOBIETA;3;22308983
DOMICYLLA;KOBIETA;3;22308986
PENNY;KOBIETA;3;22308989
VIOLANTA;KOBIETA;3;22308992
ANNA-ROMANA;KOBIETA;3;22308995
PARTYCJA;KOBIETA;3;22308998
KIRSI;KOBIETA;3;22309001
AISET;KOBIETA;3;22309004
BIBIÁNA;KOBIETA;3;22309007
KIKUKO;KOBIETA;3;22309010
NEMEZIS;KOBIETA;3;22309013
TR? MY;KOBIETA;3;22309016
BADRIYAH;KOBIETA;3;22309019
SELVIA;KOBIETA;3;22309022
PATRYSJA;KOBIETA;3;22309025
ELAYA;KOBIETA;3;22309028
AAMINA;KOBIETA;3;22309031
LYZAVETA;KOBIETA;3;22309034
ERIS;KOBIETA;3;22309037
TAMELLA;KOBIETA;3;22309040
MEIHUA;KOBIETA;3;22309043
WENQIAN;KOBIETA;3;22309046
JIHEN;KOBIETA;3;22309049
JASWINDER;KOBIETA;3;22309052
SUKHMANI;KOBIETA;3;22309055
AHLEM;KOBIETA;3;22309058
OINDRILA;KOBIETA;3;22309061
MYONG;KOBIETA;3;22309064
LIBERTAD;KOBIETA;3;22309067
ALISS;KOBIETA;3;22309070
KATTY;KOBIETA;3;22309073
IªIK;KOBIETA;3;22309076
TEREZ;KOBIETA;3;22309079
SEOJEONG;KOBIETA;3;22309082
THUY HONG;KOBIETA;3;22309085
WANTING;KOBIETA;3;22309088
MARLENNA;KOBIETA;3;22309091
TALULA;KOBIETA;3;22309094
BRISA;KOBIETA;3;22309097
AYAME;KOBIETA;3;22309100
FATIMA-EZZAHRA;KOBIETA;3;22309103
LYLYIA;KOBIETA;3;22309106
MAIDA;KOBIETA;3;22309109
TH? T?NH;KOBIETA;3;22309112
CWETA;KOBIETA;3;22309115
THERESIE;KOBIETA;3;22309118
M?ZG?N;KOBIETA;3;22309121
H?RA;KOBIETA;3;22309124
THI THANH HANG;KOBIETA;3;22309127
SALO;KOBIETA;3;22309130
SELINI;KOBIETA;3;22309133
ANELLA;KOBIETA;3;22309136
JIAH;KOBIETA;3;22309139
NEVEN;KOBIETA;3;22309142
TANZILYA;KOBIETA;3;22309145
POLYA;KOBIETA;3;22309148
KOMOLA;KOBIETA;3;22309151
TH? THU PH??NG;KOBIETA;3;22309154
MUNKHJARGAL;KOBIETA;3;22309157
THI DIEM;KOBIETA;3;22309160
BAO TRAM;KOBIETA;3;22309163
DANARA;KOBIETA;3;22309166
AYSEN;KOBIETA;3;22309169
SEN;KOBIETA;3;22309172
APHINA;KOBIETA;3;22309175
HEMALATHA;KOBIETA;3;22309178
ANIJA;KOBIETA;3;22309181
D¯AMILLA;KOBIETA;3;22309184
YIJING;KOBIETA;3;22309187
YE JI;KOBIETA;3;22309190
SHAFIRA;KOBIETA;3;22309193
NURHAYAT;KOBIETA;3;22309196
SUWANNA;KOBIETA;3;22309199
ANN-CHRISTIN;KOBIETA;3;22309202
NARAN;KOBIETA;3;22309205
HODAYA;KOBIETA;3;22309208
KATIARYNA;KOBIETA;3;22309211
RAKHIMA;KOBIETA;3;22309214
JAC£AWA;KOBIETA;3;22309217
VALDETE;KOBIETA;3;22309220
KLIO;KOBIETA;3;22309223
SIYUN;KOBIETA;3;22309226
NINETA;KOBIETA;3;22309229
BENEDITA;KOBIETA;3;22309232
DIETLIND;KOBIETA;3;22309235
ORIAN;KOBIETA;3;22309238
LYUDA;KOBIETA;3;22309241
MARIIA-YELYZAVETA;KOBIETA;3;22309244
TH? H??NG GIANG;KOBIETA;3;22309247
TH? TH?M;KOBIETA;3;22309250
SUNAINA;KOBIETA;3;22309253
QAMAR;KOBIETA;3;22309256
LEMLEM;KOBIETA;3;22309259
ASSEMAY;KOBIETA;3;22309262
THI DUC;KOBIETA;3;22309265
BARR;KOBIETA;3;22309268
EVIJA;KOBIETA;3;22309271
LANDA;KOBIETA;3;22309274
TEHREEM;KOBIETA;3;22309277
BAOYI;KOBIETA;3;22309280
FLAVIANA;KOBIETA;3;22309283
THUC ANH;KOBIETA;3;22309286
TH? HI?P;KOBIETA;3;22309289
PAULETTA;KOBIETA;3;22309292
CHIA;KOBIETA;3;22309295
REHAM;KOBIETA;3;22309298
DILIANA;KOBIETA;3;22309301
FAJNA;KOBIETA;3;22309304
HATUN;KOBIETA;3;22309307
AIPING;KOBIETA;3;22309310
BINDA;KOBIETA;3;22309313
NAGINA;KOBIETA;3;22309316
WENJUN;KOBIETA;3;22309319
MIL?NE;KOBIETA;3;22309322
UFUK;KOBIETA;3;22309325
AY?ENUR;KOBIETA;3;22309328
LILIBET;KOBIETA;3;22309331
SHAIMAA;KOBIETA;3;22309334
MOLI;KOBIETA;3;22309337
VASSILISSA;KOBIETA;3;22309340
DZHENNIFIER;KOBIETA;3;22309343
GELILA;KOBIETA;3;22309346
MIJUNG;KOBIETA;3;22309349
FILONA;KOBIETA;3;22309352
BIRGITTA;KOBIETA;3;22309355
BEMNET;KOBIETA;3;22309358
SADHNA;KOBIETA;3;22309361
JOLANNA;KOBIETA;3;22309364
MAREE;KOBIETA;3;22309367
LILLYAN;KOBIETA;3;22309370
ANA LAURA;KOBIETA;3;22309373
SHINGAI;KOBIETA;3;22309376
KIRIANA;KOBIETA;3;22309379
TATIYNA;KOBIETA;3;22309382
HULCHEKHRA;KOBIETA;3;22309385
TYLA;KOBIETA;3;22309388
H??NG GIANG;KOBIETA;3;22309391
HULSARA;KOBIETA;3;22309394
ILUTA;KOBIETA;3;22309397
SUMMAYA;KOBIETA;3;22309400
MADINAT;KOBIETA;3;22309403
JAVIERA;KOBIETA;3;22309406
SENTA;KOBIETA;3;22309409
LOYA;KOBIETA;3;22309412
ILIADA;KOBIETA;3;22309415
NANNAN;KOBIETA;3;22309418
TH? DINH;KOBIETA;3;22309421
ELISAWET;KOBIETA;3;22309424
NILIMA;KOBIETA;3;22309427
NAZIHA;KOBIETA;3;22309430
MINJA;KOBIETA;3;22309433
APOLLONIE;KOBIETA;3;22309436
SMILLA;KOBIETA;3;22309439
ZUCHRA;KOBIETA;3;22309442
AVESTA;KOBIETA;3;22309445
LUNARA;KOBIETA;3;22309448
LYDIAH;KOBIETA;3;22309451
HANS;KOBIETA;3;22309454
HUI-JU;KOBIETA;3;22309457
MARIA FERNANDA;KOBIETA;3;22309460
YRYSTY;KOBIETA;3;22309463
TZIPI;KOBIETA;3;22309466
YUZUKI;KOBIETA;3;22309469
DZULIANA;KOBIETA;3;22309472
JÚLÍA;KOBIETA;3;22309475
PAWE£KA;KOBIETA;3;22309478
DRAGA;KOBIETA;3;22309481
JUNGHYUN;KOBIETA;3;22309484
NAÐA;KOBIETA;3;22309487
NEELU;KOBIETA;3;22309490
SIERRA;KOBIETA;3;22309493
MELAHAT;KOBIETA;3;22309496
SEZ?N;KOBIETA;3;22309499
NIKOLL;KOBIETA;3;22309502
YUNHUI;KOBIETA;3;22309505
HETAL;KOBIETA;3;22309508
TINE;KOBIETA;3;22309511
IVANNA-KHRYSTYNA;KOBIETA;3;22309514
TÉA;KOBIETA;3;22309517
ILLI;KOBIETA;3;22309520
IEVHENIYA;KOBIETA;3;22309523
YIKE;KOBIETA;3;22309526
OMOLOLA;KOBIETA;3;22309529
FAYINA;KOBIETA;3;22309532
KYA;KOBIETA;3;22309535
BASANTI;KOBIETA;3;22309538
CITLALLI;KOBIETA;3;22309541
KUNIGUNDA;KOBIETA;3;22309544
LEMARA;KOBIETA;3;22309547
NADII;KOBIETA;3;22309550
AZAMAT;KOBIETA;3;22309553
TUE MINH;KOBIETA;3;22309556
PASQUALINA;KOBIETA;3;22309559
ATISH;KOBIETA;3;22309562
HALEEMA;KOBIETA;3;22309565
SUKYUNG;KOBIETA;3;22309568
KAYLIE;KOBIETA;3;22309571
MA. THERESA;KOBIETA;3;22309574
KUN;KOBIETA;3;22309577
RUBABA;KOBIETA;3;22309580
YEE;KOBIETA;3;22309583
VIARIKA;KOBIETA;3;22309586
ANN MARIE;KOBIETA;3;22309589
ANNALIA;KOBIETA;3;22309592
INANNA;KOBIETA;3;22309595
UCHECHUKWU;KOBIETA;3;22309598
NATSUKO;KOBIETA;3;22309601
DANY;KOBIETA;3;22309604
YUJUAN;KOBIETA;3;22309607
RADMIRA;KOBIETA;3;22309610
KENZY;KOBIETA;3;22309613
MARLISE;KOBIETA;3;22309616
YOVKA;KOBIETA;3;22309619
MALIWAN;KOBIETA;3;22309622
TH? HUY?N;KOBIETA;3;22309625
NEKANE;KOBIETA;3;22309628
MOEKA;KOBIETA;3;22309631
ARZOO;KOBIETA;3;22309634
BENGI;KOBIETA;3;22309637
W£OCIS£AWA;KOBIETA;3;22309640
TH? PH??NG LINH;KOBIETA;3;22309643
CVETA;KOBIETA;3;22309646
ROWAN;KOBIETA;3;22309649
NENITA;KOBIETA;3;22309652
SUSMA;KOBIETA;3;22309655
KATELYNN;KOBIETA;3;22309658
SERMIN;KOBIETA;3;22309661
PRESCILLIA;KOBIETA;3;22309664
QUYNH NHI;KOBIETA;3;22309667
RAIZA;KOBIETA;3;22309670
THANH MAI;KOBIETA;3;22309673
KOLET;KOBIETA;3;22309676
SHATAKSHI;KOBIETA;3;22309679
SIEW;KOBIETA;3;22309682
MARIA DE FATIMA;KOBIETA;3;22309685
ISKUHI;KOBIETA;3;22309688
BELKIS;KOBIETA;3;22309691
LADISLAVA;KOBIETA;3;22309694
SHIELA MAE;KOBIETA;3;22309697
BOHDANA-MARIIA;KOBIETA;3;22309700
SOL GYONG;KOBIETA;3;22309703
IPSA;KOBIETA;3;22309706
KOMALBEN;KOBIETA;3;22309709
KARNIT;KOBIETA;3;22309712
ALYSHA;KOBIETA;3;22309715
SHAZIA;KOBIETA;3;22309718
WANWISA;KOBIETA;3;22309721
YUWEI;KOBIETA;3;22309724
CATHERIN;KOBIETA;3;22309727
SHAMSA;KOBIETA;3;22309730
PEPA;KOBIETA;3;22309733
NAFISEH;KOBIETA;3;22309736
ANASZTÁZIA;KOBIETA;3;22309739
THI LE HANG;KOBIETA;3;22309742
ROSALI;KOBIETA;3;22309745
PARAMITA;KOBIETA;3;22309748
SUQIN;KOBIETA;3;22309751
THANH THU;KOBIETA;3;22309754
MATLYUBA;KOBIETA;3;22309757
ANCHELINA;KOBIETA;3;22309760
JACINTHA;KOBIETA;3;22309763
JENNIFERA;KOBIETA;3;22309766
AZALEA;KOBIETA;3;22309769
SAYRA;KOBIETA;3;22309772
MIALISA;KOBIETA;3;22309775
LEILIA;KOBIETA;3;22309778
SERINE;KOBIETA;3;22309781
ELYANA;KOBIETA;3;22309784
DHALIA;KOBIETA;3;22309787
ANNA-KRISTINA;KOBIETA;3;22309790
RYS£AWA;KOBIETA;3;22309793
KRYSTIN;KOBIETA;3;22309796
RAMZIYYA;KOBIETA;3;22309799
VALERINA;KOBIETA;3;22309802
CHERIFA;KOBIETA;3;22309805
IRATI;KOBIETA;3;22309808
THI HOP;KOBIETA;3;22309811
HULSINA;KOBIETA;3;22309814
MARILINA;KOBIETA;3;22309817
SUDESHNA;KOBIETA;3;22309820
YASUKO;KOBIETA;3;22309823
YOONJEONG;KOBIETA;3;22309826
EUGENE;KOBIETA;3;22309829
EVANGELYN;KOBIETA;3;22309832
FARIDE;KOBIETA;3;22309835
ZEYRA;KOBIETA;3;22309838
SHEILLA;KOBIETA;3;22309841
GYURI;KOBIETA;3;22309844
SYLWENA;KOBIETA;3;22309847
YAFEI;KOBIETA;3;22309850
THIEN AN;KOBIETA;3;22309853
KHADIGA;KOBIETA;3;22309856
RO¯YNA;KOBIETA;3;22309859
ICA;KOBIETA;3;22309862
PRATIKSHA;KOBIETA;3;22309865
BERNARDETTE;KOBIETA;3;22309868
KHRYSTIA;KOBIETA;3;22309871
PRIYANGA;KOBIETA;3;22309874
SEHAM;KOBIETA;3;22309877
CHAEMIN;KOBIETA;3;22309880
QIUJU;KOBIETA;3;22309883
JINXIA;KOBIETA;3;22309886
SEMIA;KOBIETA;3;22309889
ISALINE;KOBIETA;3;22309892
LIEKE;KOBIETA;3;22309895
BAGILA;KOBIETA;3;22309898
ROVZAN;KOBIETA;3;22309901
SAWINA;KOBIETA;3;22309904
REUMA;KOBIETA;3;22309907
SOPHY;KOBIETA;3;22309910
ALTANSUVD;KOBIETA;3;22309913
GUNAI;KOBIETA;3;22309916
SOPHIJA;KOBIETA;3;22309919
AYJEMAL;KOBIETA;3;22309922
I£ONA;KOBIETA;3;22309925
KINNERET;KOBIETA;3;22309928
SAMEERA;KOBIETA;3;22309931
KOMILA;KOBIETA;3;22309934
MAHIKA;KOBIETA;3;22309937
SUSI;KOBIETA;3;22309940
BLAGA;KOBIETA;3;22309943
STERIANI;KOBIETA;3;22309946
DANIAH;KOBIETA;3;22309949
KADEK SRI;KOBIETA;3;22309952
FADOUA;KOBIETA;3;22309955
SALEHA;KOBIETA;3;22309958
MARISEL;KOBIETA;3;22309961
NICHOLLE;KOBIETA;3;22309964
SWASTIKA;KOBIETA;3;22309967
RAKHAT;KOBIETA;3;22309970
ANNA-KAROLINA;KOBIETA;3;22309973
SACHI;KOBIETA;3;22309976
MARZIYEH;KOBIETA;3;22309979
TH? PHÚ;KOBIETA;3;22309982
SAIARA;KOBIETA;3;22309985
MARTA-MARIYA;KOBIETA;3;22309988
KHANH NGOC;KOBIETA;3;22309991
USTINIA;KOBIETA;3;22309994
HUMAY;KOBIETA;3;22309997
EWALINA;KOBIETA;3;22310000
KRISTI;KOBIETA;3;22310003
ANN-SOPHIE;KOBIETA;3;22310006
ADRIEN;KOBIETA;3;22310009
FABRIZIA;KOBIETA;3;22310012
ASIMA;KOBIETA;3;22310015
SITLANA;KOBIETA;3;22310018
YEVGENYA;KOBIETA;3;22310021
PAYEL;KOBIETA;3;22310024
MIELISSA;KOBIETA;3;22310027
ZINAYDA;KOBIETA;3;22310030
ANA MARIJA;KOBIETA;3;22310033
LIR;KOBIETA;3;22310036
NICKI;KOBIETA;3;22310039
GOODNESS;KOBIETA;3;22310042
REYA;KOBIETA;3;22310045
ELIJA;KOBIETA;3;22310048
DZIUANNA;KOBIETA;3;22310051
HERMIONE;KOBIETA;3;22310054
THI PHUONG MAI;KOBIETA;3;22310057
ANA CRISTINA;KOBIETA;3;22310060
NTALIIA;KOBIETA;3;22310063
SAYESHA;KOBIETA;3;22310066
KIRIAKI;KOBIETA;3;22310069
JOSE;KOBIETA;3;22310072
AZGANUSH;KOBIETA;3;22310075
INHRID;KOBIETA;3;22310078
ADIRA;KOBIETA;3;22310081
JAYLA;KOBIETA;3;22310084
VIVIANN;KOBIETA;3;22310087
ELISABEDI;KOBIETA;3;22310090
ZANNATUL;KOBIETA;3;22310093
NADYIA;KOBIETA;3;22310096
SARHA;KOBIETA;3;22310099
KVETOSLAVA;KOBIETA;3;22310102
GÜLIN;KOBIETA;3;22310105
JASTINA;KOBIETA;3;22310108
EVAN;KOBIETA;3;22310111
MYKHALYNA;KOBIETA;3;22310114
YEVSEVIIA;KOBIETA;3;22310117
STÉFANIE;KOBIETA;3;22310120
NURIYE;KOBIETA;3;22310123
KHANH MY;KOBIETA;3;22310126
CHARLOTE;KOBIETA;3;22310129
XIAOQI;KOBIETA;3;22310132
SAILAJA;KOBIETA;3;22310135
LUO;KOBIETA;3;22310138
ªEHRIBAN;KOBIETA;3;22310141
GULSHIRIN;KOBIETA;3;22310144
NYARADZO;KOBIETA;3;22310147
PRARTHANA;KOBIETA;3;22310150
ABBIGAIL;KOBIETA;3;22310153
JEVANGELINA;KOBIETA;3;22310156
JUAH;KOBIETA;3;22310159
MARIJONA;KOBIETA;3;22310162
KATHI;KOBIETA;3;22310165
KHADIJEH;KOBIETA;3;22310168
GYULBAHAR;KOBIETA;3;22310171
GÛLÇIN;KOBIETA;3;22310174
MAURELA;KOBIETA;3;22310177
DWI;KOBIETA;3;22310180
D¯ENI;KOBIETA;3;22310183
JACOBA;KOBIETA;3;22310186
MIKHAELA;KOBIETA;3;22310189
AFEF;KOBIETA;3;22310192
TH? ??O;KOBIETA;3;22310195
BARNABA;KOBIETA;3;22310198
ENKHTUUL;KOBIETA;3;22310201
UMUHOZA;KOBIETA;3;22310204
MARTE;KOBIETA;3;22310207
INAJA;KOBIETA;3;22310210
DONGYUE;KOBIETA;3;22310213
ZYUMBYUL;KOBIETA;3;22310216
EPIPHANIA;KOBIETA;3;22310219
SEILA;KOBIETA;3;22310222
BOWIE;KOBIETA;3;22310225
SAVANAH;KOBIETA;3;22310228
SOVDAT;KOBIETA;3;22310231
DIGNA;KOBIETA;3;22310234
NITYA;KOBIETA;3;22310237
TAEHEE;KOBIETA;3;22310240
AWIA;KOBIETA;3;22310243
SEANNA;KOBIETA;3;22310246
ANTIGONA;KOBIETA;3;22310249
PETMAT;KOBIETA;3;22310252
TRUDY;KOBIETA;3;22310255
SINDIA;KOBIETA;3;22310258
JEVG?NIJA;KOBIETA;3;22310261
NAVIA;KOBIETA;3;22310264
OSHRAT;KOBIETA;3;22310267
NETALY;KOBIETA;3;22310270
MAI PH??NG;KOBIETA;3;22310273
IREEN;KOBIETA;3;22310276
BOLORTSETSEG;KOBIETA;3;22310279
YON;KOBIETA;3;22310282
ILONA-MARIIA;KOBIETA;3;22310285
TAMANNA;KOBIETA;3;22310288
MILITYNA;KOBIETA;3;22310291
PRIIA;KOBIETA;3;22310294
PREETY;KOBIETA;3;22310297
COVADONGA;KOBIETA;3;22310300
MELANKA;KOBIETA;3;22310303
DZHORZHETA;KOBIETA;3;22310306
CHERISH;KOBIETA;3;22310309
ISRAT;KOBIETA;3;22310312
SIGLINDE;KOBIETA;3;22310315
CELESTA;KOBIETA;3;22310318
HSIN-YUN;KOBIETA;3;22310321
NIHARA;KOBIETA;3;22310324
ANINDITA;KOBIETA;3;22310327
ALABAMA;KOBIETA;3;22310330
SEYEON;KOBIETA;3;22310333
SLAWA;KOBIETA;3;22310336
PASCALINE;KOBIETA;3;22310339
GULNOZ;KOBIETA;3;22310342
THI THANH HAI;KOBIETA;3;22310345
BARAN;KOBIETA;3;22310348
ANDJELIJA;KOBIETA;3;22310351
MARIANELLA;KOBIETA;3;22310354
LIGIJA;KOBIETA;3;22310357
XUÂN;KOBIETA;3;22310360
CSENGE;KOBIETA;3;22310363
TH? TH?Y DUNG;KOBIETA;3;22310366
TH? MÂY;KOBIETA;3;22310369
MERYL;KOBIETA;3;22310372
RUSKA;KOBIETA;3;22310375
VEERA;KOBIETA;3;22310378
SMARANDA;KOBIETA;3;22310381
KARLOTA;KOBIETA;3;22310384
AMELIA-MARIA;KOBIETA;3;22310387
GIUSI;KOBIETA;3;22310390
GAN;KOBIETA;3;22310393
MIRACLE;KOBIETA;3;22310396
ZINAB;KOBIETA;3;22310399
ELSY;KOBIETA;3;22310402
LIMIN;KOBIETA;3;22310405
ALLIA;KOBIETA;3;22310408
CHIDOCHASHE;KOBIETA;3;22310411
ARLIN;KOBIETA;3;22310414
TERI;KOBIETA;3;22310417
SARUUL;KOBIETA;3;22310420
WILA;KOBIETA;3;22310423
TH? KI?U TRANG;KOBIETA;3;22310426
ANDREANA;KOBIETA;3;22310429
SHARON MAE;KOBIETA;3;22310432
KALIA;KOBIETA;3;22310435
TYTTI;KOBIETA;3;22310438
HEAVEN;KOBIETA;3;22310441
HARIETTA;KOBIETA;3;22310444
ALIAKSANDR;KOBIETA;3;22310447
IELYSAVETA;KOBIETA;3;22310450
DORIA;KOBIETA;3;22310453
THANIA;KOBIETA;3;22310456
CERENIA;KOBIETA;3;22310459
DANELLE;KOBIETA;3;22310462
M?D?LINA;KOBIETA;3;22310465
ANDI;KOBIETA;3;22310468
KERI;KOBIETA;3;22310471
ANH NGOC;KOBIETA;3;22310474
VANIKA;KOBIETA;3;22310477
IFUNANYA;KOBIETA;3;22310480
MARIIETTA;KOBIETA;3;22310483
PIOTRA;KOBIETA;3;22310486
KHADY;KOBIETA;3;22310489
RAHNEDA;KOBIETA;3;22310492
BITNA;KOBIETA;3;22310495
AHHA;KOBIETA;3;22310498
LUAN;KOBIETA;3;22310501
SYCYLIA;KOBIETA;3;22310504
DEBBY;KOBIETA;3;22310507
GAMILA;KOBIETA;3;22310510
VERONIGUE;KOBIETA;3;22310513
NELLIIA;KOBIETA;3;22310516
SERAFIA;KOBIETA;3;22310519
EM?LIJA;KOBIETA;3;22310522
CORNELLIA;KOBIETA;3;22310525
CHIH-HSUAN;KOBIETA;3;22310528
SEWDALINA;KOBIETA;3;22310531
STELINA;KOBIETA;3;22310534
OSANA;KOBIETA;3;22310537
GOZAL;KOBIETA;3;22310540
ENRIQUETA;KOBIETA;3;22310543
RÓ¯A-MARIA;KOBIETA;3;22310546
EVONA;KOBIETA;3;22310549
HAINAL;KOBIETA;3;22310552
AAVYA;KOBIETA;3;22310555
TABARIK;KOBIETA;3;22310558
NA'AMA;KOBIETA;3;22310561
TH? L?;KOBIETA;3;22310564
DENIA;KOBIETA;3;22310567
MAKENZIE;KOBIETA;3;22310570
DORRA;KOBIETA;3;22310573
TEIJA;KOBIETA;3;22310576
XIAOXIAN;KOBIETA;3;22310579
HRETTA;KOBIETA;3;22310582
HABRYELA;KOBIETA;3;22310585
PARASKEVIYA;KOBIETA;3;22310588
YASENIIA;KOBIETA;3;22310591
AIKHANYM;KOBIETA;3;22310594
RAZEL;KOBIETA;3;22310597
LAORA;KOBIETA;3;22310600
RUSINA;KOBIETA;3;22310603
ARIJANA;KOBIETA;3;22310606
LIMARA;KOBIETA;3;22310609
GENRIETTA;KOBIETA;3;22310612
ANARGUL;KOBIETA;3;22310615
KYUNGJA;KOBIETA;3;22310618
IRAYIDA;KOBIETA;3;22310621
VANILIA;KOBIETA;3;22310624
MIJI;KOBIETA;3;22310627
MEGGY;KOBIETA;3;22310630
TUY?T;KOBIETA;3;22310633
MEDIANCA;KOBIETA;3;22310636
YELIM;KOBIETA;3;22310639
HENOVEFA;KOBIETA;3;22310642
MERCI;KOBIETA;3;22310645
CHEILA;KOBIETA;3;22310648
DARMI£A;KOBIETA;3;22310651
ROSSA;KOBIETA;3;22310654
RANIT;KOBIETA;3;22310657
SALZINA;KOBIETA;3;22310660
SANCJA;KOBIETA;3;22310663
NOËMI;KOBIETA;3;22310666
NIGHAT;KOBIETA;3;22310669
HAS?BE;KOBIETA;3;22310672
BRYTANIA;KOBIETA;3;22310675
BALJIT KAUR;KOBIETA;3;22310678
TAI;KOBIETA;3;22310681
KRISHA;KOBIETA;3;22310684
MICOL;KOBIETA;3;22310687
RÜYA;KOBIETA;3;22310690
PHILADELPHIA;KOBIETA;3;22310693
ILLYA;KOBIETA;3;22310696
MAIDER;KOBIETA;3;22310699
RAJ;KOBIETA;3;22310702
MINOU;KOBIETA;3;22310705
THI HONG YEN;KOBIETA;3;22310708
KAMI£A;KOBIETA;3;22310711
JERMINA;KOBIETA;3;22310714
ADALET;KOBIETA;3;22310717
DAYAMI;KOBIETA;3;22310720
ANIL;KOBIETA;3;22310723
DIEU MY;KOBIETA;3;22310726
NHAT;KOBIETA;3;22310729
KULWINDER;KOBIETA;3;22310732
KHEIRANSA;KOBIETA;3;22310735
MIHAIELA;KOBIETA;3;22310738
LUIZE;KOBIETA;3;22310741
FLORIE;KOBIETA;3;22310744
CHANDRANI;KOBIETA;3;22310747
MARIA VICTORIA;KOBIETA;3;22310750
MARCHELA;KOBIETA;3;22310753
NAYELI;KOBIETA;3;22310756
KAREENA;KOBIETA;3;22310759
KER?ME;KOBIETA;3;22310762
TULIKA;KOBIETA;3;22310765
DELIIA;KOBIETA;3;22310768
MENGYAO;KOBIETA;3;22310771
SNIGDHA;KOBIETA;3;22310774
ADAMANTIA;KOBIETA;3;22310777
FERIAL;KOBIETA;3;22310780
SEER;KOBIETA;3;22310783
LARIANA;KOBIETA;3;22310786
TUCA;KOBIETA;3;22310789
FEIYAN;KOBIETA;3;22310792
NG?C ANH;KOBIETA;3;22310795
GANA;KOBIETA;3;22310798
KIRIENA;KOBIETA;3;22310801
THI HONG NGA;KOBIETA;3;22310804
WILGA;KOBIETA;3;22310807
ANTHONIA;KOBIETA;3;22310810
MENGYING;KOBIETA;3;22310813
FIDANKA;KOBIETA;3;22310816
ELVA;KOBIETA;3;22310819
MANDIRA;KOBIETA;3;22310822
HIRALBEN;KOBIETA;3;22310825
SHANNY;KOBIETA;3;22310828
MARWAH;KOBIETA;3;22310831
BETELIHEM;KOBIETA;3;22310834
YIJIA;KOBIETA;3;22310837
TH? KIM LI?N;KOBIETA;3;22310840
OLUWANIFEMI;KOBIETA;3;22310843
KUAN-YU;KOBIETA;3;22310846
AANCHAL;KOBIETA;3;22310849
ANNALISE;KOBIETA;3;22310852
IIS;KOBIETA;3;22310855
CHIDINMA;KOBIETA;3;22310858
ANZHIK;KOBIETA;3;22310861
HYE JUNG;KOBIETA;3;22310864
LIVIEN;KOBIETA;3;22310867
POLEN;KOBIETA;3;22310870
ASPEN;KOBIETA;3;22310873
ASA;KOBIETA;3;22310876
MYLANIIA;KOBIETA;3;22310879
MERDZHAN;KOBIETA;3;22310882
THI DIEN;KOBIETA;3;22310885
DOSTA;KOBIETA;3;22310888
MITSUKI;KOBIETA;3;22310891
ILIT;KOBIETA;3;22310894
BLEN;KOBIETA;3;22310897
PURNA;KOBIETA;3;22310900
DOBRONIEGA;KOBIETA;3;22310903
MEGA;KOBIETA;3;22310906
THI THANH HOA;KOBIETA;3;22310909
CHELSY;KOBIETA;3;22310912
ANALENA;KOBIETA;3;22310915
KAELYN;KOBIETA;3;22310918
GYUNESH;KOBIETA;3;22310921
NIONELA;KOBIETA;3;22310924
TIANNA;KOBIETA;3;22310927
ZARJA;KOBIETA;3;22310930
YAIMA;KOBIETA;3;22310933
YEVNIKA;KOBIETA;3;22310936
PREKSHA;KOBIETA;3;22310939
STEPHY;KOBIETA;3;22310942
BELISA;KOBIETA;3;22310945
ARSHALUYS;KOBIETA;3;22310948
VINITHA;KOBIETA;3;22310951
DOROTEYA;KOBIETA;3;22310954
DZSENIFER;KOBIETA;3;22310957
REWEKA;KOBIETA;3;22310960
MENKA;KOBIETA;3;22310963
YUWEN;KOBIETA;3;22310966
TZUF;KOBIETA;3;22310969
SPIWE;KOBIETA;3;22310972
MERIAN;KOBIETA;3;22310975
SOMAJA;KOBIETA;3;22310978
CIRI;KOBIETA;3;22310981
TETA;KOBIETA;3;22310984
NATALLA;KOBIETA;3;22310987
GINNY;KOBIETA;3;22310990
ARMENUI;KOBIETA;3;22310993
LINDY;KOBIETA;3;22310996
KADIATA;KOBIETA;3;22310999
THI HONG PHUONG;KOBIETA;3;22311002
DALLIA;KOBIETA;3;22311005
LYNA;KOBIETA;3;22311008
OMRI;KOBIETA;3;22311011
AFRAH;KOBIETA;3;22311014
MINU;KOBIETA;3;22311017
AARTHI;KOBIETA;3;22311020
LIESA;KOBIETA;3;22311023
TAPIWANASHE;KOBIETA;3;22311026
MYURVET;KOBIETA;3;22311029
THU QUYNH;KOBIETA;3;22311032
WENA;KOBIETA;3;22311035
RAIHANA;KOBIETA;3;22311038
THI THANH HIEN;KOBIETA;3;22311041
GYULI;KOBIETA;3;22311044
A?CHA;KOBIETA;3;22311047
YUVIKA;KOBIETA;3;22311050
RAMANDEEP KAUR;KOBIETA;3;22311053
ORCHIDEA;KOBIETA;3;22311056
KIFAIAT;KOBIETA;3;22311059
EHRENTRAUT;KOBIETA;3;22311062
SITARA;KOBIETA;3;22311065
XANTHE;KOBIETA;3;22311068
RENELYN;KOBIETA;3;22311071
AIYING;KOBIETA;3;22311074
AMALI;KOBIETA;3;22311077
BENJAPORN;KOBIETA;3;22311080
MINGZHU;KOBIETA;3;22311083
FARIA;KOBIETA;3;22311086
SHOSH;KOBIETA;3;22311089
ZACHAROULA;KOBIETA;3;22311092
YINGXUAN;KOBIETA;3;22311095
HUR?YE;KOBIETA;3;22311098
URVASHI;KOBIETA;3;22311101
ROLANDE;KOBIETA;3;22311104
LIOLIA;KOBIETA;3;22311107
MAHDIS;KOBIETA;3;22311110
LORIE;KOBIETA;3;22311113
MARLIZA;KOBIETA;3;22311116
DHANA;KOBIETA;3;22311119
MINGMING;KOBIETA;3;22311122
LIEZL;KOBIETA;3;22311125
LAYLO;KOBIETA;3;22311128
ARIUNTUYA;KOBIETA;3;22311131
THI HOI;KOBIETA;3;22311134
H? VY;KOBIETA;3;22311137
IDIA;KOBIETA;3;22311140
PUREVSUREN;KOBIETA;3;22311143
XUELIAN;KOBIETA;3;22311146
REN;KOBIETA;3;22311149
AMIELIYA;KOBIETA;3;22311152
CIGDEM;KOBIETA;3;22311155
RUSUDANA;KOBIETA;3;22311158
LYUDMY£A;KOBIETA;3;22311161
ARONA;KOBIETA;3;22311164
MÜJGAN;KOBIETA;3;22311167
KHADI¯A;KOBIETA;3;22311170
LETTICIA;KOBIETA;3;22311173
JOSIPA;KOBIETA;3;22311176
NINJIN;KOBIETA;3;22311179
LORINE;KOBIETA;3;22311182
OYUNTSETSEG;KOBIETA;3;22311185
JEWEL;KOBIETA;3;22311188
NATALIIA-OKSANA;KOBIETA;3;22311191
TILLA;KOBIETA;3;22311194
THI TAN;KOBIETA;3;22311197
MARIIA-EVELINA;KOBIETA;3;22311200
NADIMA;KOBIETA;3;22311203
THUONG;KOBIETA;3;22311206
SOHYEON;KOBIETA;3;22311209
OMOTOLA;KOBIETA;3;22311212
YIHONG;KOBIETA;3;22311215
ZLATICA;KOBIETA;3;22311218
TRISHNA;KOBIETA;3;22311221
ISHTAR;KOBIETA;3;22311224
SHUKUFA;KOBIETA;3;22311227
EUGÉNIE;KOBIETA;3;22311230
RAYENE;KOBIETA;3;22311233
SHEVCHUK;KOBIETA;3;22311236
BEATRIKS;KOBIETA;3;22311239
THI VUONG;KOBIETA;3;22311242
THI SUONG;KOBIETA;3;22311245
OLGARDA;KOBIETA;3;22311248
IULEA;KOBIETA;3;22311251
ZIANA;KOBIETA;3;22311254
FIORENZA;KOBIETA;3;22311257
YEVDOKIA;KOBIETA;3;22311260
RAIZEL;KOBIETA;3;22311263
JÁZMIN;KOBIETA;3;22311266
THI KIM TUYEN;KOBIETA;3;22311269
NEILIA;KOBIETA;3;22311272
THI CHUYEN;KOBIETA;3;22311275
FLOOR;KOBIETA;3;22311278
ZAKIIA;KOBIETA;3;22311281
EWDOKSIA;KOBIETA;3;22311284
GHUFRAN;KOBIETA;3;22311287
TSETSGEE;KOBIETA;3;22311290
EYAR;KOBIETA;3;22311293
HYUNJU;KOBIETA;3;22311296
ANA FILIPA;KOBIETA;3;22311299
SONDOS;KOBIETA;3;22311302
ZRINKA;KOBIETA;3;22311305
ADELTRAUTA;KOBIETA;3;22311308
YESSIKA;KOBIETA;3;22311311
RIVER;KOBIETA;3;22311314
RAMONA-IOANA;KOBIETA;3;22311317
XIANGYI;KOBIETA;3;22311320
GRAYNA;KOBIETA;3;22311323
XUEJUN;KOBIETA;3;22311326
ALYN;KOBIETA;3;22311329
NURAI;KOBIETA;3;22311332
ANVIKA;KOBIETA;3;22311335
NILLY;KOBIETA;3;22311338
WEIQI;KOBIETA;3;22311341
GAYEONG;KOBIETA;3;22311344
PRABHJOT KAUR;KOBIETA;3;22311347
KHA HAN;KOBIETA;3;22311350
JAMILLA;KOBIETA;3;22311353
LAURENE;KOBIETA;3;22311356
MENGXUAN;KOBIETA;3;22311359
MARUSYA;KOBIETA;3;22311362
YEVIELINA;KOBIETA;3;22311365
MARIA DE FÁTIMA;KOBIETA;3;22311368
¯ULIETTA;KOBIETA;3;22311371
NAR?N;KOBIETA;3;22311374
SALIDA;KOBIETA;3;22311377
DI?U LINH;KOBIETA;3;22311380
LYUDVIKA;KOBIETA;3;22311383
AAKRITI;KOBIETA;3;22311386
NOMTHANDAZO;KOBIETA;3;22311389
MASUMA;KOBIETA;3;22311392
JOLIEN;KOBIETA;3;22311395
YEVSTAKHIIA;KOBIETA;3;22311398
SEOA;KOBIETA;3;22311401
BIRGYUL;KOBIETA;3;22311404
NIRVANA;KOBIETA;3;22311407
MIN YOUNG;KOBIETA;3;22311410
GIZELDA;KOBIETA;3;22311413
NARANGOO;KOBIETA;3;22311416
ALANI;KOBIETA;3;22311419
SHALALE;KOBIETA;3;22311422
SYNDY;KOBIETA;3;22311425
KHAMSAT;KOBIETA;3;22311428
ANNITA;KOBIETA;3;22311431
TSVIETANA;KOBIETA;3;22311434
YUEHONG;KOBIETA;3;22311437
GULIA;KOBIETA;3;22311440
NEDIALKA;KOBIETA;3;22311443
AITURGAN;KOBIETA;3;22311446
THAO NHI;KOBIETA;3;22311449
NAJIA;KOBIETA;3;22311452
MIA-SOPHIE;KOBIETA;3;22311455
AUHUSTSINA;KOBIETA;3;22311458
RABEEH;KOBIETA;3;22311461
CHARISSA;KOBIETA;3;22311464
NIGELLA;KOBIETA;3;22311467
SASANKA;KOBIETA;3;22311470
LAKSHMIPRIYA;KOBIETA;3;22311473
FAZILET;KOBIETA;3;22311476
IOANA-MARIA;KOBIETA;3;22311479
LILLY-MARIE;KOBIETA;3;22311482
HELOÍSA;KOBIETA;3;22311485
BINNAZ;KOBIETA;3;22311488
JANAE;KOBIETA;3;22311491
JIAMING;KOBIETA;3;22311494
CUIFEN;KOBIETA;3;22311497
PAULIN;KOBIETA;3;22311500
RUTUJA;KOBIETA;3;22311503
MOTRIA;KOBIETA;3;22311506
TACIANA;KOBIETA;3;22311509
BARNOKHON;KOBIETA;3;22311512
VUI;KOBIETA;3;22311515
IFIGENIA;KOBIETA;3;22311518
RIHAB;KOBIETA;3;22311521
AMERA;KOBIETA;3;22311524
MARSA;KOBIETA;3;22311527
SORANA;KOBIETA;3;22311530
MANALI;KOBIETA;3;22311533
SAKTHI;KOBIETA;3;22311536
DILªA;KOBIETA;3;22311539
DALMARA;KOBIETA;3;22311542
YOO;KOBIETA;3;22311545
EDELGART;KOBIETA;3;22311548
GAGANDEEP;KOBIETA;3;22311551
IMARA;KOBIETA;3;22311554
LE MAI;KOBIETA;3;22311557
FIZZA;KOBIETA;3;22311560
ANNELORA;KOBIETA;3;22311563
XINYANG;KOBIETA;3;22311566
URU;KOBIETA;3;22311569
GABIA;KOBIETA;3;22311572
IELENA;KOBIETA;3;22311575
LETISIIA;KOBIETA;3;22311578
BHAWANI;KOBIETA;3;22311581
ABIGAL;KOBIETA;3;22311584
NIRI;KOBIETA;3;22311587
DOMINIKA-MARIIA;KOBIETA;3;22311590
ARIIA;KOBIETA;3;22311593
FENGHUA;KOBIETA;3;22311596
ZEKIIE;KOBIETA;3;22311599
DIANA CAROLINA;KOBIETA;3;22311602
GULSINA;KOBIETA;3;22311605
YESIKA;KOBIETA;3;22311608
MAME;KOBIETA;3;22311611
MAKPAL;KOBIETA;3;22311614
CRISTINA-MARIA;KOBIETA;3;22311617
XIAOYANG;KOBIETA;3;22311620
FELIKSJA;KOBIETA;3;22311623
PEYTON;KOBIETA;3;22311626
NGÂN;KOBIETA;3;22311629
MOKHICHEKHRA;KOBIETA;3;22311632
DONALDA;KOBIETA;3;22311635
PREETHA;KOBIETA;3;22311638
ANRAN;KOBIETA;3;22311641
ARAM;KOBIETA;3;22311644
ARNITA;KOBIETA;3;22311647
KANLAYA;KOBIETA;3;22311650
YIMIN;KOBIETA;3;22311653
CATTALEYA;KOBIETA;3;22311656
VIDHYA;KOBIETA;3;22311659
ZSUZSÁNNA;KOBIETA;3;22311662
MICHIYO;KOBIETA;3;22311665
VALERY;KOBIETA;3;22311668
MARYSE;KOBIETA;3;22311671
ZAMILA;KOBIETA;3;22311674
YOVITA;KOBIETA;3;22311677
SONIIA;KOBIETA;3;22311680
ROSTISLAVA;KOBIETA;3;22311683
ADELFINA;KOBIETA;3;22311686
TH? H?O;KOBIETA;3;22311689
KALINDI;KOBIETA;3;22311692
ANNA-KATHARINA;KOBIETA;3;22311695
LIMDA;KOBIETA;3;22311698
DZIDOS£AWA;KOBIETA;3;22311701
SYRA;KOBIETA;3;22311704
TATIIANA;KOBIETA;3;22311707
TU;KOBIETA;3;22311710
MERCE;KOBIETA;3;22311713
KARITA;KOBIETA;3;22311716
EUNHA;KOBIETA;3;22311719
MAËLYS;KOBIETA;3;22311722
D¯ENNETA;KOBIETA;3;22311725
MARGRITA;KOBIETA;3;22311728
GULSUM;KOBIETA;3;22311731
ALIMAA;KOBIETA;3;22311734
OZANA;KOBIETA;3;22311737
NIKITHA;KOBIETA;3;22311740
SAIKA;KOBIETA;3;22311743
SHULAMITH;KOBIETA;3;22311746
ELLIS;KOBIETA;3;22311749
VICA;KOBIETA;3;22311752
JANIN;KOBIETA;3;22311755
TSEVELMAA;KOBIETA;3;22311758
ALIZIA;KOBIETA;3;22311761
LYENA;KOBIETA;3;22311764
JUNYING;KOBIETA;3;22311767
SNIEZANA;KOBIETA;3;22311770
ATYNA;KOBIETA;3;22311773
YEVHEN;KOBIETA;3;22311776
HYE SUN;KOBIETA;3;22311779
IRACEMA;KOBIETA;3;22311782
ADALMINA;KOBIETA;3;22311785
WIROS£AWA;KOBIETA;3;22311788
MAOR;KOBIETA;3;22311791
NARANTSATSRAL;KOBIETA;3;22311794
AISANA;KOBIETA;3;22311797
NONHLANHLA;KOBIETA;3;22311800
NÉLIA;KOBIETA;3;22311803
JEHUDITH;KOBIETA;3;22311806
YULITA;KOBIETA;3;22311809
FATMATA;KOBIETA;3;22311812
NURAIA;KOBIETA;3;22311815
ALLIANA;KOBIETA;3;22311818
NURDZHAN;KOBIETA;3;22311821
MABELL;KOBIETA;3;22311824
KATIANE;KOBIETA;3;22311827
JINLIAN;KOBIETA;3;22311830
NEMI;KOBIETA;3;22311833
ZHIJUAN;KOBIETA;3;22311836
VELIA;KOBIETA;3;22311839
EFTYMIA;KOBIETA;3;22311842
IMOGENA;KOBIETA;3;22311845
SAEIDEH;KOBIETA;3;22311848
NARANTSETSEG;KOBIETA;3;22311851
DOLIA;KOBIETA;3;22311854
SAROJINI;KOBIETA;3;22311857
CYPOJRA;KOBIETA;3;22311860
THI SAU;KOBIETA;3;22311863
SZADIA;KOBIETA;3;22311866
SOFIIA-VIKTORIIA;KOBIETA;3;22311869
THI THUY HA;KOBIETA;3;22311872
OTYLDA;KOBIETA;3;22311875
ZINKA;KOBIETA;3;22311878
STEFI;KOBIETA;3;22311881
NAZARII;KOBIETA;3;22311884
MARIA ESTHER;KOBIETA;3;22311887
MARYSA;KOBIETA;3;22311890
SANGHEE;KOBIETA;3;22311893
ROSANNE;KOBIETA;3;22311896
MALEK;KOBIETA;3;22311899
ULVIIE;KOBIETA;3;22311902
SEDRINA;KOBIETA;3;22311905
THI NU;KOBIETA;3;22311908
BENITTA;KOBIETA;3;22311911
KATRYN;KOBIETA;3;22311914
INTIZOR;KOBIETA;3;22311917
RENAT;KOBIETA;3;22311920
MARILU;KOBIETA;3;22311923
PERIHAN;KOBIETA;3;22311926
SWETABEN;KOBIETA;3;22311929
YU-YI;KOBIETA;3;22311932
KAMYLA;KOBIETA;3;22311935
MARCELIA;KOBIETA;3;22311938
HARIET;KOBIETA;3;22311941
LISAVETA;KOBIETA;3;22311944
REHANA;KOBIETA;3;22311947
RABEYA;KOBIETA;3;22311950
ARJANA;KOBIETA;3;22311953
FÉLICIA;KOBIETA;3;22311956
KWIETA;KOBIETA;3;22311959
NADIAH;KOBIETA;3;22311962
YERIN;KOBIETA;3;22311965
SOAD;KOBIETA;3;22311968
HONG DIEP;KOBIETA;3;22311971
CZARNA;KOBIETA;3;22311974
BRUCHA;KOBIETA;3;22311977
CHARA;KOBIETA;3;22311980
ANNA-KARINA;KOBIETA;3;22311983
YOUNG MI;KOBIETA;3;22311986
WANGIELICA;KOBIETA;3;22311989
DZIS£AWA;KOBIETA;3;22311992
GULSEN;KOBIETA;3;22311995
AISZAT;KOBIETA;3;22311998
JAKOBINA;KOBIETA;3;22312001
SUBHA;KOBIETA;3;22312004
STEPANIJA;KOBIETA;3;22312007
MARÍA DEL CARMEN;KOBIETA;3;22312010
VIRINEIA;KOBIETA;3;22312013
KATHIA;KOBIETA;3;22312016
GWENETH;KOBIETA;3;22312019
GIORDANA;KOBIETA;3;22312022
YONI;KOBIETA;3;22312025
HUONG THAO;KOBIETA;3;22312028
PARYSA;KOBIETA;3;22312031
ILONARDA;KOBIETA;3;22312034
BETY;KOBIETA;3;22312037
ADELHEIT;KOBIETA;3;22312040
GÜLÇIN;KOBIETA;3;22312043
MONTANA;KOBIETA;3;22312046
SAMAYA;KOBIETA;3;22312049
ROSMARIE;KOBIETA;3;22312052
XINHUI;KOBIETA;3;22312055
ALON;KOBIETA;3;22312058
MEIXUAN;KOBIETA;3;22312061
N?MET;KOBIETA;3;22312064
REEVA;KOBIETA;3;22312067
ZHANET;KOBIETA;3;22312070
KENIUL;KOBIETA;3;22312073
ZDISLAVA;KOBIETA;3;22312076
EUNSUK;KOBIETA;3;22312079
NADIIA-ANASTASIIA;KOBIETA;3;22312082
EGIJA;KOBIETA;3;22312085
GAHHA;KOBIETA;3;22312088
ANDRONIKI;KOBIETA;3;22312091
SOBIA;KOBIETA;3;22312094
YANTI;KOBIETA;3;22312097
LILIANN;KOBIETA;3;22312100
STEPANOVA;KOBIETA;3;22312103
OISHA;KOBIETA;3;22312106
RUSIKO;KOBIETA;3;22312109
TSETSEGMAA;KOBIETA;3;22312112
LILAN;KOBIETA;3;22312115
D¯ANETTA;KOBIETA;3;22312118
MARZHANAT;KOBIETA;3;22312121
LAYLAH;KOBIETA;3;22312124
OIHANA;KOBIETA;3;22312127
AXANA;KOBIETA;3;22312130
VALERIY;KOBIETA;3;22312133
SERWINA;KOBIETA;3;22312136
RAHINI;KOBIETA;3;22312139
SMRITI;KOBIETA;3;22312142
KEJLA;KOBIETA;3;22312145
AMANGUL;KOBIETA;3;22312148
SHAHLO;KOBIETA;3;22312151
MA. CORAZON;KOBIETA;3;22312154
YEHUDITH;KOBIETA;3;22312157
SHAFIQA;KOBIETA;3;22312160
BILLY;KOBIETA;3;22312163
JIN-AH;KOBIETA;3;22312166
ALESSYA;KOBIETA;3;22312169
CALANIT;KOBIETA;3;22312172
MELANNIA;KOBIETA;3;22312175
NI KOMANG AYU;KOBIETA;3;22312178
MÜJDE;KOBIETA;3;22312181
SILIA;KOBIETA;3;22312184
DIONYSIA;KOBIETA;3;22312187
LIDKA;KOBIETA;3;22312190
JIIN;KOBIETA;3;22312193
MITZI;KOBIETA;3;22312196
SUDIPA;KOBIETA;3;22312199
TH? THU THANH;KOBIETA;3;22312202
NAGIMA;KOBIETA;3;22312205
CORIN;KOBIETA;3;22312208
NASTAZIA;KOBIETA;3;22312211
TSERENDULAM;KOBIETA;3;22312214
ANTONETTE;KOBIETA;3;22312217
GUIZHEN;KOBIETA;3;22312220
KHÁNH CHI;KOBIETA;3;22312223
AIKA;KOBIETA;3;22312226
JIANA;KOBIETA;3;22312229
SUYUN;KOBIETA;3;22312232
JUNNA;KOBIETA;3;22312235
BOEUN;KOBIETA;3;22312238
H?NG;KOBIETA;3;22312241
WEIZHEN;KOBIETA;3;22312244
ZENTA;KOBIETA;3;22312247
DIANA-ANASTASIIA;KOBIETA;3;22312250
CRISTINA-MIHAELA;KOBIETA;3;22312253
FRAUKE;KOBIETA;3;22312256
BANDANA;KOBIETA;3;22312259
WERONA;KOBIETA;3;22312262
TH? THU UY?N;KOBIETA;3;22312265
YUEMEI;KOBIETA;3;22312268
REY;KOBIETA;3;22312271
NUNIK;KOBIETA;3;22312274
SEVINC;KOBIETA;3;22312277
MILITSA;KOBIETA;3;22312280
GONCHA;KOBIETA;3;22312283
BANOVSHA;KOBIETA;3;22312286
ALIZE;KOBIETA;3;22312289
MILAHRES;KOBIETA;3;22312292
MUKHLISA;KOBIETA;3;22312295
NIRALI;KOBIETA;3;22312298
MEL;KOBIETA;3;22312301
SEOHEE;KOBIETA;3;22312304
TH? NG?C ANH;KOBIETA;3;22312307
TIYA;KOBIETA;3;22312310
GIULNAZ;KOBIETA;3;22312313
FANTA;KOBIETA;3;22312316
AULIA;KOBIETA;3;22312319
ZHANBOTA;KOBIETA;3;22312322
SHOKHISTA;KOBIETA;3;22312325
JESIENIJA;KOBIETA;3;22312328
KATALAYA;KOBIETA;3;22312331
SHOHREH;KOBIETA;3;22312334
ZORIANA-MARIIA;KOBIETA;3;22312337
RADANA;KOBIETA;3;22312340
MARY ANNE;KOBIETA;3;22312343
EVA-MARIE;KOBIETA;3;22312346
DIEU THUY;KOBIETA;3;22312349
MAHO;KOBIETA;3;22312352
SHARIFAH;KOBIETA;3;22312355
BILANA;KOBIETA;3;22312358
HYO;KOBIETA;3;22312361
TONIS£AWA;KOBIETA;3;22312364
JIALING;KOBIETA;3;22312367
PELA;KOBIETA;3;22312370
CHELSEY;KOBIETA;3;22312373
PETRYNA;KOBIETA;3;22312376
HYERI;KOBIETA;3;22312379
YOSELYN;KOBIETA;3;22312382
RUIXI;KOBIETA;3;22312385
PAHOLA;KOBIETA;3;22312388
NATASCIA;KOBIETA;3;22312391
SINÉAD;KOBIETA;3;22312394
SHIHUA;KOBIETA;3;22312397
HELINA;KOBIETA;3;22312400
SHAKHADAT;KOBIETA;3;22312403
CONG;KOBIETA;3;22312406
AYSHEGYUL;KOBIETA;3;22312409
CHAMPA;KOBIETA;3;22312412
LEJLI;KOBIETA;3;22312415
HULSHAT;KOBIETA;3;22312418
KAWSAR;KOBIETA;3;22312421
OLIYA;KOBIETA;3;22312424
CARMINE;KOBIETA;3;22312427
AMAKA;KOBIETA;3;22312430
DEBARATI;KOBIETA;3;22312433
PHUONG VY;KOBIETA;3;22312436
ZAKHAR;KOBIETA;3;22312439
TH? NINH;KOBIETA;3;22312442
SVIATOSLAV;KOBIETA;3;22312445
ADILIE;KOBIETA;3;22312448
NEEMA;KOBIETA;3;22312451
YURA;KOBIETA;3;22312454
GÜLBEN;KOBIETA;3;22312457
LYAZAT;KOBIETA;3;22312460
MARIUM;KOBIETA;3;22312463
LOANE;KOBIETA;3;22312466
NIKOLINE;KOBIETA;3;22312469
MARIIAT;KOBIETA;3;22312472
THI UT;KOBIETA;3;22312475
SHELI;KOBIETA;3;22312478
IBOIA;KOBIETA;3;22312481
MEY;KOBIETA;3;22312484
KAMOLCHANOK;KOBIETA;3;22312487
DARIIA-MARIIA;KOBIETA;3;22312490
HEDWIGE;KOBIETA;3;22312493
ELEONARDA;KOBIETA;3;22312496
MIHERET;KOBIETA;3;22312499
ROSETTA;KOBIETA;3;22312502
SHUHUI;KOBIETA;3;22312505
BO¯ANA;KOBIETA;3;22312508
JASSMINA;KOBIETA;3;22312511
T??NG VY;KOBIETA;3;22312514
ADEJUMOKE;KOBIETA;3;22312517
MA. CRISTINA;KOBIETA;3;22312520
SILWIJA;KOBIETA;3;22312523
ARMENA;KOBIETA;3;22312526
MAI KHANH;KOBIETA;3;22312529
KI?U OANH;KOBIETA;3;22312532
FIANA;KOBIETA;3;22312535
SIYONA;KOBIETA;3;22312538
ODEYA;KOBIETA;3;22312541
TH? TH?Y LINH;KOBIETA;3;22312544
ANELISE;KOBIETA;3;22312547
SHULA;KOBIETA;3;22312550
BELLINDA;KOBIETA;3;22312553
SHAILY;KOBIETA;3;22312556
LO?S;KOBIETA;3;22312559
CVETANKA;KOBIETA;3;22312562
NIRINA;KOBIETA;3;22312565
FAREEDA;KOBIETA;3;22312568
GUILING;KOBIETA;3;22312571
SIONA;KOBIETA;3;22312574
HAE;KOBIETA;3;22312577
BERTINA;KOBIETA;3;22312580
MIHYUN;KOBIETA;3;22312583
RASHIDAH;KOBIETA;3;22312586
TRUDE;KOBIETA;3;22312589
GLENKORA;KOBIETA;3;22312592
SIDALIA;KOBIETA;3;22312595
SOSINA;KOBIETA;3;22312598
RUHAN;KOBIETA;3;22312601
NAJIBA;KOBIETA;3;22312604
ELSTERA;KOBIETA;3;22312607
GULZHAMAL;KOBIETA;3;22312610
LAIBA;KOBIETA;3;22312613
HURIYE;KOBIETA;3;22312616
SAINA;KOBIETA;3;22312619
RABEB;KOBIETA;3;22312622
AFNAN;KOBIETA;3;22312625
DARIUSZA;KOBIETA;3;22312628
FERIEL;KOBIETA;3;22312631
AKILINA;KOBIETA;3;22312634
MANIK;KOBIETA;3;22312637
CHIA-LING;KOBIETA;3;22312640
JIRINA;KOBIETA;3;22312643
BEATRYS;KOBIETA;3;22312646
ALIKSANDRA;KOBIETA;3;22312649
MALIZHA;KOBIETA;3;22312652
KHANSA;KOBIETA;3;22312655
SARIUNA;KOBIETA;3;22312658
VIJETHA;KOBIETA;3;22312661
YATING;KOBIETA;3;22312664
RAFIGA;KOBIETA;3;22312667
TULSI;KOBIETA;3;22312670
SELVER;KOBIETA;3;22312673
ALISIJA;KOBIETA;3;22312676
XUWEI;KOBIETA;3;22312679
ANAITA;KOBIETA;3;22312682
EGZONA;KOBIETA;3;22312685
RUYI;KOBIETA;3;22312688
TH? NG?C ÁNH;KOBIETA;3;22312691
MAILENE;KOBIETA;3;22312694
KACEY;KOBIETA;3;22312697
FREJDA;KOBIETA;3;22312700
HRIPSIK;KOBIETA;3;22312703
JEN;KOBIETA;3;22312706
RAIKHONA;KOBIETA;3;22312709
DONYA;KOBIETA;3;22312712
BAZHANA;KOBIETA;3;22312715
KVÌTOSLAVA;KOBIETA;3;22312718
AMMARA;KOBIETA;3;22312721
LILIES;KOBIETA;3;22312724
ANDONIA;KOBIETA;3;22312727
IMMACOLATA;KOBIETA;3;22312730
SHAOJUN;KOBIETA;3;22312733
VIWIANA;KOBIETA;3;22312736
TIBA;KOBIETA;3;22312739
KARLEEN;KOBIETA;3;22312742
RIWKA;KOBIETA;3;22312745
AMIYA;KOBIETA;3;22312748
JOSELYN;KOBIETA;3;22312751
JUSSARA;KOBIETA;3;22312754
VARIA;KOBIETA;3;22312757
KHAVANI;KOBIETA;3;22312760
LIDJA;KOBIETA;3;22312763
TANSYLU;KOBIETA;3;22312766
HANYA;KOBIETA;3;22312769
NAEMI;KOBIETA;3;22312772
AG£AJA;KOBIETA;3;22312775
SHOBA;KOBIETA;3;22312778
LENIIE;KOBIETA;3;22312781
TZU-CHUN;KOBIETA;3;22312784
NOHAR;KOBIETA;3;22312787
?EVVAL;KOBIETA;3;22312790
BILIANA;KOBIETA;3;22312793
HRISTINKA;KOBIETA;3;22312796
BORISLAVA;KOBIETA;3;22312799
YAJUN;KOBIETA;3;22312802
KALLA;KOBIETA;3;22312805
GAHYUN;KOBIETA;3;22312808
SINDA;KOBIETA;3;22312811
NAINIKA;KOBIETA;3;22312814
XIAODAN;KOBIETA;3;22312817
KHADRA;KOBIETA;3;22312820
HAIFEN;KOBIETA;3;22312823
NAVNEET;KOBIETA;3;22312826
THI PHU;KOBIETA;3;22312829
HIAM;KOBIETA;3;22312832
HAYASTAN;KOBIETA;3;22312835
HANNY;KOBIETA;3;22312838
JULIA-MARIA;KOBIETA;3;22312841
RAGHAD;KOBIETA;3;22312844
ADONIA;KOBIETA;3;22312847
LUCIANNA;KOBIETA;3;22312850
CELENA;KOBIETA;3;22312853
GAUDENCJA;KOBIETA;3;22312856
ISHITA;KOBIETA;3;22312859
SIMON;KOBIETA;3;22312862
QUYNH MAI;KOBIETA;3;22312865
GALIIA;KOBIETA;3;22312868
FATIMATA;KOBIETA;3;22312871
NOMATHEMBA;KOBIETA;3;22312874
AIHUA;KOBIETA;3;22312877
BAHAREH;KOBIETA;3;22312880
BERYL;KOBIETA;3;22312883
YAARIT;KOBIETA;3;22312886
YUERU;KOBIETA;3;22312889
RACHELL;KOBIETA;3;22312892
KEELY;KOBIETA;3;22312895
TR?N;KOBIETA;3;22312898
IORDANA;KOBIETA;3;22312901
MINH CHÂU;KOBIETA;3;22312904
YAYOI;KOBIETA;3;22312907
KUMUSHAI;KOBIETA;3;22312910
FANIYA;KOBIETA;3;22312913
AVLEEN;KOBIETA;3;22312916
KAVERI;KOBIETA;3;22312919
LALAINE;KOBIETA;3;22312922
SAUSAN;KOBIETA;3;22312925
MOZHGAN;KOBIETA;3;22312928
SHAMBHAVI;KOBIETA;3;22312931
NDIDIAMAKA;KOBIETA;3;22312934
OLEKSANDRA-VIKTORIIA;KOBIETA;3;22312937
LERMA;KOBIETA;3;22312940
BHANU;KOBIETA;3;22312943
VANA;KOBIETA;3;22312946
BIRTE;KOBIETA;3;22312949
TH? MAI HOA;KOBIETA;3;22312952
ORYSA;KOBIETA;3;22312955
FLORIKA;KOBIETA;3;22312958
LAYRA;KOBIETA;3;22312961
KARAKOZ;KOBIETA;3;22312964
ARNETTA;KOBIETA;3;22312967
HALLA;KOBIETA;3;22312970
NODIRAKHON;KOBIETA;3;22312973
YARIN;KOBIETA;3;22312976
RIGINA;KOBIETA;3;22312979
ONYINYECHI;KOBIETA;3;22312982
TH? MY;KOBIETA;3;22312985
GINETA;KOBIETA;3;22312988
ELLAH;KOBIETA;3;22312991
GEOVANA;KOBIETA;3;22312994
DELMA;KOBIETA;3;22312997
CLARITA;KOBIETA;3;22313000
YNNA;KOBIETA;3;22313003
EFFIMIA;KOBIETA;3;22313006
ANOUSHA;KOBIETA;3;22313009
DAYEONG;KOBIETA;3;22313012
JAYCEE;KOBIETA;3;22313015
ANDRÉE;KOBIETA;3;22313018
TSERING;KOBIETA;3;22313021
LATOIA;KOBIETA;3;22313024
HYEIN;KOBIETA;3;22313027
THANH THÚY;KOBIETA;3;22313030
WON;KOBIETA;3;22313033
IOLANNA;KOBIETA;3;22313036
LAN NHI;KOBIETA;3;22313039
INGRI;KOBIETA;3;22313042
ZHOU;KOBIETA;3;22313045
MELLANIE;KOBIETA;3;22313048
SU HYANG;KOBIETA;3;22313051
YUEQIN;KOBIETA;3;22313054
BÜªRA NUR;KOBIETA;3;22313057
HULNAR;KOBIETA;3;22313060
JAVZANDULAM;KOBIETA;3;22313063
NEJRA;KOBIETA;3;22313066
AGORICA;KOBIETA;3;22313069
SLÁVKA;KOBIETA;3;22313072
BEGONIA;KOBIETA;3;22313075
DARLINA;KOBIETA;3;22313078
ALINA-MIHAELA;KOBIETA;3;22313081
TH? SEN;KOBIETA;3;22313084
OMAIMA;KOBIETA;3;22313087
GUOFENG;KOBIETA;3;22313090
MUKADDAMKHON;KOBIETA;3;22313093
RABAB;KOBIETA;3;22313096
GÜLSEREN;KOBIETA;3;22313099
RAYMAN;KOBIETA;3;22313102
ARIENA;KOBIETA;3;22313105
RAKHEE;KOBIETA;3;22313108
THI MY;KOBIETA;3;22313111
THENMOZHI;KOBIETA;3;22313114
YUPIN;KOBIETA;3;22313117
OLESKANDRA;KOBIETA;3;22313120
MAVZUNA;KOBIETA;3;22313123
KAROLYNE;KOBIETA;3;22313126
MASHO;KOBIETA;3;22313129
WINANDA;KOBIETA;3;22313132
EFTALIA;KOBIETA;3;22313135
BONKA;KOBIETA;3;22313138
RANIM;KOBIETA;3;22313141
ANASTSIYA;KOBIETA;3;22313144
OLI;KOBIETA;3;22313147
AIYU;KOBIETA;3;22313150
XOAN;KOBIETA;3;22313153
VANESSZA;KOBIETA;3;22313156
MARCIANA;KOBIETA;3;22313159
THI NGU;KOBIETA;3;22313162
YULIIA-OLHA;KOBIETA;3;22313165
ADELGUNDE;KOBIETA;3;22313168
CONSTANTIA;KOBIETA;3;22313171
SHULI;KOBIETA;3;22313174
D??NG;KOBIETA;3;22313177
BRONKA;KOBIETA;3;22313180
LUMINA;KOBIETA;3;22313183
STELU?A;KOBIETA;3;22313186
TUE AN;KOBIETA;3;22313189
AURIANE;KOBIETA;3;22313192
HYUNJOO;KOBIETA;3;22313195
BESJANA;KOBIETA;3;22313198
ALDINA;KOBIETA;3;22313201
THI MINH THUY;KOBIETA;3;22313204
REVA;KOBIETA;3;22313207
PASCHALIA;KOBIETA;3;22313210
BURMAA;KOBIETA;3;22313213
OLLA;KOBIETA;3;22313216
WIWINA;KOBIETA;3;22313219
JAFFA;KOBIETA;3;22313222
TÜRKAN;KOBIETA;3;22313225
GERHILD;KOBIETA;3;22313228
JUNGYEON;KOBIETA;3;22313231
LOUISIANA;KOBIETA;3;22313234
ANNA-OLEKSANDRA;KOBIETA;3;22313237
SHIBA;KOBIETA;3;22313240
PIERRETTE;KOBIETA;3;22313243
THOMAI;KOBIETA;3;22313246
ARUSHI;KOBIETA;3;22313249
¯AKELINA;KOBIETA;3;22313252
ALETA;KOBIETA;3;22313255
LARUSA;KOBIETA;3;22313258
SEPIYAT;KOBIETA;3;22313261
ANIK;KOBIETA;3;22313264
DOBROMILA;KOBIETA;3;22313267
FLORYDA;KOBIETA;3;22313270
ZENOWIJA;KOBIETA;3;22313273
JOWITTA;KOBIETA;3;22313276
GIESELA;KOBIETA;3;22313279
HOJUNG;KOBIETA;3;22313282
ELIGIUSZA;KOBIETA;3;22313285
IRENKA;KOBIETA;3;22313288
DZHANET;KOBIETA;3;22313291
LARITA;KOBIETA;3;22313294
AKKU;KOBIETA;3;22313297
XIULIAN;KOBIETA;3;22313300
ELLEONORA;KOBIETA;3;22313303
KYUNGSUK;KOBIETA;3;22313306
YUKAKO;KOBIETA;3;22313309
MA?DE;KOBIETA;3;22313312
ENORA;KOBIETA;3;22313315
OLEHA;KOBIETA;3;22313318
ZIYADA;KOBIETA;3;22313321
NEVEEN;KOBIETA;3;22313324
SEMILA;KOBIETA;3;22313327
AN?ELKA;KOBIETA;3;22313330
JUMANAH;KOBIETA;3;22313333
WALFRAND;KOBIETA;3;22313336
NENEH;KOBIETA;3;22313339
YEVA-SOFIIA;KOBIETA;3;22313342
ANNA-NIKOL;KOBIETA;3;22313345
LEANILA;KOBIETA;3;22313348
NEETI;KOBIETA;3;22313351
FLORIANE;KOBIETA;3;22313354
POORVA;KOBIETA;3;22313357
SIRJANA;KOBIETA;3;22313360
STENOBIA;KOBIETA;3;22313363
SUN JONG;KOBIETA;3;22313366
ARADHANA;KOBIETA;3;22313369
YASMEN;KOBIETA;3;22313372
GEORGIJA;KOBIETA;3;22313375
GUY;KOBIETA;3;22313378
SHIQI;KOBIETA;3;22313381
TH? THUY?N;KOBIETA;3;22313384
SOLOMIIA-IRYNA;KOBIETA;3;22313387
ANCHAL;KOBIETA;3;22313390
SU JEONG;KOBIETA;3;22313393
KHRYSTYNA-HANNA;KOBIETA;3;22313396
TH? Y?N NHI;KOBIETA;3;22313399
IRMHILD;KOBIETA;3;22313402
BATCHIMEG;KOBIETA;3;22313405
NNEOMA;KOBIETA;3;22313408
SEV?L;KOBIETA;3;22313411
GABBY;KOBIETA;3;22313414
KADDY;KOBIETA;3;22313417
MATHANGI;KOBIETA;3;22313420
BRIGID;KOBIETA;3;22313423
MISATO;KOBIETA;3;22313426
AISA;KOBIETA;3;22313429
THI THUY LAN;KOBIETA;3;22313432
HANALORA;KOBIETA;3;22313435
TAJANA;KOBIETA;3;22313438
SERAH;KOBIETA;3;22313441
NESE;KOBIETA;3;22313444
MOJMIRA;KOBIETA;3;22313447
ZHAOXIA;KOBIETA;3;22313450
ÁNGELA;KOBIETA;3;22313453
KHAI;KOBIETA;3;22313456
THI THU THAO;KOBIETA;3;22313459
YENI;KOBIETA;3;22313462
BABA;KOBIETA;3;22313465
IVANOVA;KOBIETA;3;22313468
VALDA;KOBIETA;3;22313471
MARIIA-MYROSLAVA;KOBIETA;3;22313474
ZERINA;KOBIETA;3;22313477
KRAVETS;KOBIETA;3;22313480
XIAOFEI;KOBIETA;3;22313483
TINKA;KOBIETA;3;22313486
SEUNGA;KOBIETA;3;22313489
DAYOUNG;KOBIETA;3;22313492
SENA NUR;KOBIETA;3;22313495
MONISHA;KOBIETA;3;22313498
TH? L?C;KOBIETA;3;22313501
VIKRORIIA;KOBIETA;3;22313504
BRAK IMIENIA;KOBIETA;3;22313507
YENLIK;KOBIETA;3;22313510
NATSAI;KOBIETA;3;22313513
JINHUI;KOBIETA;3;22313516
NAZMA;KOBIETA;3;22313519
SECIL;KOBIETA;3;22313522
LEVIA;KOBIETA;3;22313525
KATERYNA-MARIIA;KOBIETA;3;22313528
VICTORINA;KOBIETA;3;22313531
MARCIANNA;KOBIETA;3;22313534
ARABELA;KOBIETA;3;22313537
THI MINH HIEN;KOBIETA;3;22313540
LIARA;KOBIETA;3;22313543
WINDY;KOBIETA;3;22313546
BOTA;KOBIETA;3;22313549
NUPUR;KOBIETA;3;22313552
SLADJANA;KOBIETA;3;22313555
NEVIA;KOBIETA;3;22313558
JUDES;KOBIETA;3;22313561
THANH TU;KOBIETA;3;22313564
AYDIMA;KOBIETA;3;22313567
ILGA;KOBIETA;3;22313570
ADORA;KOBIETA;3;22313573
AURI;KOBIETA;3;22313576
K£AUDIA;KOBIETA;3;22313579
ZOSHA;KOBIETA;3;22313582
OLAYINKA;KOBIETA;3;22313585
ANA-MARIJA;KOBIETA;3;22313588
ALITSIA;KOBIETA;3;22313591
CHUNLI;KOBIETA;3;22313594
MELPOMENI;KOBIETA;3;22313597
GANIRA;KOBIETA;3;22313600
GYULHAN;KOBIETA;3;22313603
JOLÁN;KOBIETA;3;22313606
VINAYA;KOBIETA;3;22313609
EIRIN;KOBIETA;3;22313612
OLEKSADRA;KOBIETA;3;22313615
MARHARET;KOBIETA;3;22313618
PER?HAN;KOBIETA;3;22313621
VIKTRIIA;KOBIETA;3;22313624
SHAKHNAZ;KOBIETA;3;22313627
ASHAT;KOBIETA;3;22313630
JAQUELYN;KOBIETA;3;22313633
ALEKSANDERA;KOBIETA;3;22313636
SAJIA;KOBIETA;3;22313639
THI NAM;KOBIETA;3;22313642
NIOUSHA;KOBIETA;3;22313645
SEERAT;KOBIETA;3;22313648
THIDARAT;KOBIETA;3;22313651
MANILA;KOBIETA;3;22313654
MEKDES;KOBIETA;3;22313657
SNIAZHANNA;KOBIETA;3;22313660
LUKERIA;KOBIETA;3;22313663
LYSAVETA;KOBIETA;3;22313666
GHALIA;KOBIETA;3;22313669
TH? BÍCH LI?N;KOBIETA;3;22313672
BERGIT;KOBIETA;3;22313675
MERILIN;KOBIETA;3;22313678
QUINN;KOBIETA;3;22313681
FULDEN;KOBIETA;3;22313684
MUGUETTE;KOBIETA;3;22313687
BAIRMA;KOBIETA;3;22313690
HEBATALLAH;KOBIETA;3;22313693
KAMALIA;KOBIETA;3;22313696
ELAHE;KOBIETA;3;22313699
QIANWEN;KOBIETA;3;22313702
XUEER;KOBIETA;3;22313705
ANNALIESA;KOBIETA;3;22313708
JUBILEE;KOBIETA;3;22313711
CHANTALL;KOBIETA;3;22313714
KRZYSZTOFORA;KOBIETA;3;22313717
VYACHESLAVA;KOBIETA;3;22313720
NEO;KOBIETA;3;22313723
JADA;KOBIETA;3;22313726
CUI;KOBIETA;3;22313729
NGO;KOBIETA;3;22313732
YUNJUNG;KOBIETA;3;22313735
SOFIIA-ANNA;KOBIETA;3;22313738
SARAHI;KOBIETA;3;22313741
KRISTALINA;KOBIETA;3;22313744
VIJA;KOBIETA;3;22313747
MARITE;KOBIETA;3;22313750
SABR?YE;KOBIETA;3;22313753
SIBILA;KOBIETA;3;22313756
FERHAN;KOBIETA;3;22313759
IMREN;KOBIETA;3;22313762
BONDARENKO;KOBIETA;3;22313765
JESLIN;KOBIETA;3;22313768
AREEN;KOBIETA;3;22313771
KEUM;KOBIETA;3;22313774
LINGXIAO;KOBIETA;3;22313777
ONOS£AWA;KOBIETA;3;22313780
IGLIKA;KOBIETA;3;22313783
ULINA;KOBIETA;3;22313786
MIRIEM;KOBIETA;3;22313789
DAPHNIE;KOBIETA;3;22313792
ROSMARIA;KOBIETA;3;22313795
SHERIDAN;KOBIETA;3;22313798
LONIS£AWA;KOBIETA;3;22313801
ONDINA;KOBIETA;3;22313804
JANNIKA;KOBIETA;3;22313807
THEKLA;KOBIETA;3;22313810
IWELINA;KOBIETA;3;22313813
YULIIIA;KOBIETA;3;22313816
ELSI;KOBIETA;3;22313819
SHAYMAA;KOBIETA;3;22313822
NEERAJ;KOBIETA;3;22313825
MILIIA;KOBIETA;3;22313828
NILGÜN;KOBIETA;3;22313831
HYE SONG;KOBIETA;3;22313834
BEI;KOBIETA;3;22313837
ANASTASIIA-KHRYSTYNA;KOBIETA;3;22313840
BELIZ;KOBIETA;3;22313843
CAMRYN;KOBIETA;3;22313846
XUEJIAO;KOBIETA;3;22313849
NERM?N;KOBIETA;3;22313852
PIOTR;KOBIETA;3;22313855
GODELINA;KOBIETA;3;22313858
KAYE;KOBIETA;3;22313861
NICKOL;KOBIETA;3;22313864
RASHANA;KOBIETA;3;22313867
SERA;KOBIETA;3;22313870
ESHAL;KOBIETA;3;22313873
KOVALCHUK;KOBIETA;3;22313876
MARIA DE LAS NIEVES;KOBIETA;3;22313879
HAYR?YE;KOBIETA;3;22313882
CHEMEN;KOBIETA;3;22313885
ENISE;KOBIETA;3;22313888
ENKHMAA;KOBIETA;3;22313891
BA;KOBIETA;3;22313894
HYUNSOOK;KOBIETA;3;22313897
SURIIA;KOBIETA;3;22313900
KIMIA;KOBIETA;3;22313903
ELYSA;KOBIETA;3;22313906
WAN-YU;KOBIETA;3;22313909
CHAYMAE;KOBIETA;3;22313912
ROZÁLIE;KOBIETA;3;22313915
CONSTAN?A;KOBIETA;3;22313918
DANYLO;KOBIETA;3;22313921
JINGLI;KOBIETA;3;22313924
VIENA;KOBIETA;3;22313927
THI HAN;KOBIETA;3;22313930
SVIETA;KOBIETA;3;22313933
D?LEM;KOBIETA;3;22313936
DOMINKA;KOBIETA;3;22313939
DARLA;KOBIETA;3;22313942
EMIE;KOBIETA;3;22313945
ARMELLA;KOBIETA;3;22313948
JINXUAN;KOBIETA;3;22313951
PAYALBEN;KOBIETA;3;22313954
HYESU;KOBIETA;3;22313957
MYOUNG HEE;KOBIETA;3;22313960
VALENT?NA;KOBIETA;3;22313963
LYNSEY;KOBIETA;3;22313966
TALISA;KOBIETA;3;22313969
RUQAYYAH;KOBIETA;3;22313972
ZIXI;KOBIETA;3;22313975
VERDIANA;KOBIETA;3;22313978
DAGNE;KOBIETA;3;22313981
ANAMARIJA;KOBIETA;3;22313984
BAZYLINA;KOBIETA;3;22313987
AREEG;KOBIETA;3;22313990
QINGHUA;KOBIETA;3;22313993
CYRIA;KOBIETA;3;22313996
THI THUY DUONG;KOBIETA;3;22313999
YONG SUN;KOBIETA;3;22314002
LEILEI;KOBIETA;3;22314005
MIHAELA-ALEXANDRA;KOBIETA;3;22314008
GYULDZHIHAN;KOBIETA;3;22314011
LIZBET;KOBIETA;3;22314014
DYMITRULA;KOBIETA;3;22314017
REGELINDA;KOBIETA;3;22314020
IRUNE;KOBIETA;3;22314023
JAHNAVI;KOBIETA;3;22314026
FEDRA;KOBIETA;3;22314029
YASEMEN;KOBIETA;3;22314032
ROKSOLANA-ANASTASIIA;KOBIETA;3;22314035
MILYENA;KOBIETA;3;22314038
THI TY;KOBIETA;3;22314041
FIRUZE;KOBIETA;3;22314044
KEROLAIN;KOBIETA;3;22314047
LEONITA;KOBIETA;3;22314050
SOLEIL;KOBIETA;3;22314053
YUNITA;KOBIETA;3;22314056
JAISHREE;KOBIETA;3;22314059
LUBERTA;KOBIETA;3;22314062
DHARINI;KOBIETA;3;22314065
ODILLA;KOBIETA;3;22314068
BAILEY;KOBIETA;3;22314071
MARLENY;KOBIETA;3;22314074
ÜMMÜ;KOBIETA;3;22314077
TAMANA;KOBIETA;3;22314080
SYDORCHUK;KOBIETA;3;22314083
ONIKA;KOBIETA;3;22314086
SANTYNA;KOBIETA;3;22314089
ANZHELYA;KOBIETA;3;22314092
KIM HOA;KOBIETA;3;22314095
MANESSA;KOBIETA;3;22314098
AIRIN;KOBIETA;3;22314101
XUEHUA;KOBIETA;3;22314104
EWDOKIJA;KOBIETA;3;22314107
ANNA-IRYNA;KOBIETA;3;22314110
VIORELIA;KOBIETA;3;22314113
AKINA;KOBIETA;3;22314116
KLAUDIYA;KOBIETA;3;22314119
LORELEY;KOBIETA;3;22314122
BURÇAK;KOBIETA;3;22314125
AZIN;KOBIETA;3;22314128
REYHANEH;KOBIETA;3;22314131
YANPING;KOBIETA;3;22314134
URIE;KOBIETA;3;22314137
HILTRAUD;KOBIETA;3;22314140
ÕZLEM;KOBIETA;3;22314143
DIEM MY;KOBIETA;3;22314146
JANNEKE;KOBIETA;3;22314149
MOTUNRAYO;KOBIETA;3;22314152
HAIDE;KOBIETA;3;22314155
GAVRIELLA;KOBIETA;3;22314158
MARIE CLAIRE;KOBIETA;3;22314161
MARCHA;KOBIETA;3;22314164
SUREKHA;KOBIETA;3;22314167
RISHIKA;KOBIETA;3;22314170
ALAYNA;KOBIETA;3;22314173
OLHA-YULIIA;KOBIETA;3;22314176
HIEN ANH;KOBIETA;3;22314179
AR?FE;KOBIETA;3;22314182
SANDRA MILENA;KOBIETA;3;22314185
AFSHAN;KOBIETA;3;22314188
DIOR;KOBIETA;3;22314191
YULIANIYA;KOBIETA;3;22314194
NESLI;KOBIETA;3;22314197
LUDOMIERA;KOBIETA;3;22314200
STACIE;KOBIETA;3;22314203
SELENGE;KOBIETA;3;22314206
ESMÉE;KOBIETA;3;22314209
MIRAFLOR;KOBIETA;3;22314212
OLEVIA;KOBIETA;3;22314215
TH?M;KOBIETA;3;22314218
TARANE;KOBIETA;3;22314221
DIONISIA;KOBIETA;3;22314224
JARKA;KOBIETA;3;22314227
GUIHUA;KOBIETA;3;22314230
TORA;KOBIETA;3;22314233
MARIE-CHARLOTTE;KOBIETA;3;22314236
KHYSTYNA;KOBIETA;3;22314239
HAFIZE;KOBIETA;3;22314242
SHALU;KOBIETA;3;22314245
AIDAH;KOBIETA;3;22314248
JOYLEEN;KOBIETA;3;22314251
SOUMAYA;KOBIETA;3;22314254
TH? ÁNH TUY?T;KOBIETA;3;22314257
SUSMITHA;KOBIETA;3;22314260
TIFANY;KOBIETA;3;22314263
KORAL;KOBIETA;3;22314266
MAHDER;KOBIETA;3;22314269
N?LAY;KOBIETA;3;22314272
CONSTANCJA;KOBIETA;3;22314275
JONETTA;KOBIETA;3;22314278
LEXIA;KOBIETA;3;22314281
MOUNIRA;KOBIETA;3;22314284
ESTREJA;KOBIETA;3;22314287
MAHALAKSHMI;KOBIETA;3;22314290
AIHUN;KOBIETA;3;22314293
JANUKA;KOBIETA;3;22314296
PRATHA;KOBIETA;3;22314299
YUQIAN;KOBIETA;3;22314302
ESTEE;KOBIETA;3;22314305
JUDI;KOBIETA;3;22314308
VARYA;KOBIETA;3;22314311
ZORE;KOBIETA;3;22314314
SHIH-TING;KOBIETA;3;22314317
KAILI;KOBIETA;3;22314320
UJWALA;KOBIETA;3;22314323
MALGOZHATA;KOBIETA;3;22314326
MZISADAR;KOBIETA;3;22314329
SOIOMIYA;KOBIETA;3;22314332
DORJANA;KOBIETA;3;22314335
SPANDANA;KOBIETA;3;22314338
B?RSEN;KOBIETA;3;22314341
ROOHI;KOBIETA;3;22314344
SOUNDARYA;KOBIETA;3;22314347
ANERI;KOBIETA;3;22314350
DZHENNI;KOBIETA;3;22314353
BAO THY;KOBIETA;3;22314356
RADZHANA;KOBIETA;3;22314359
IZYTA;KOBIETA;3;22314362
GYULSECHER;KOBIETA;3;22314365
ERUM;KOBIETA;3;22314368
ARIBA;KOBIETA;3;22314371
MITTALBEN;KOBIETA;3;22314374
ELILIA;KOBIETA;3;22314377
MYRTHE;KOBIETA;3;22314380
SKARLETT;KOBIETA;3;22314383
VALIIA;KOBIETA;3;22314386
NOZIPHO;KOBIETA;3;22314389
GULIZAR;KOBIETA;3;22314392
RACHA;KOBIETA;3;22314395
ROMANIJA;KOBIETA;3;22314398
DOLGORMAA;KOBIETA;3;22314401
MARIELL;KOBIETA;3;22314404
NEBAHAT;KOBIETA;3;22314407
JAVERIA;KOBIETA;3;22314410
SYIFA;KOBIETA;3;22314413
SZVITLÁNA;KOBIETA;3;22314416
LUXI;KOBIETA;3;22314419
MÜCELLA;KOBIETA;3;22314422
EMELDA;KOBIETA;3;22314425
MENNATALLAH;KOBIETA;3;22314428
BEATA-MARIIA;KOBIETA;3;22314431
YAMINI;KOBIETA;3;22314434
CHAMA;KOBIETA;3;22314437
TADZIS£AWA;KOBIETA;3;22314440
CHIN;KOBIETA;3;22314443
SUN HUI;KOBIETA;3;22314446
DOAN;KOBIETA;3;22314449
JANI;KOBIETA;3;22314452
FEN;KOBIETA;3;22314455
KIRIKIIA;KOBIETA;3;22314458
MARIIA-NADIIA;KOBIETA;3;22314461
MUSLIMA;KOBIETA;3;22314464
VYKTORIIA;KOBIETA;3;22314467
LEONTIA;KOBIETA;3;22314470
THI THUYET;KOBIETA;3;22314473
NAZLIHAN;KOBIETA;3;22314476
TINGYU;KOBIETA;3;22314479
BAHA;KOBIETA;3;22314482
IRAM;KOBIETA;3;22314485
RITCHEL;KOBIETA;3;22314488
ELLANA;KOBIETA;3;22314491
LIDOS£AWA;KOBIETA;3;22314494
OSANNA;KOBIETA;3;22314497
ENIE;KOBIETA;3;22314500
LAJWANTI;KOBIETA;3;22314503
MARZENKA;KOBIETA;3;22314506
FRESHTA;KOBIETA;3;22314509
AMANTA;KOBIETA;3;22314512
SHIRLEI;KOBIETA;3;22314515
ANNASTASIIA;KOBIETA;3;22314518
THÉA;KOBIETA;3;22314521
NGOC DUNG;KOBIETA;3;22314524
DER?N;KOBIETA;3;22314527
CEYLIN;KOBIETA;3;22314530
MAJOLA;KOBIETA;3;22314533
AZITA;KOBIETA;3;22314536
TRAYANA;KOBIETA;3;22314539
YA?MUR;KOBIETA;3;22314542
OLIVA;KOBIETA;3;22314545
VIENIERA;KOBIETA;3;22314548
SOUMYA;KOBIETA;3;22314551
ADIT;KOBIETA;3;22314554
SPERANTA;KOBIETA;3;22314557
KIM THOA;KOBIETA;3;22314560
TRACIE;KOBIETA;3;22314563
TEMINA;KOBIETA;3;22314566
YANFANG;KOBIETA;3;22314569
ADRIJA;KOBIETA;3;22314572
WAKAKO;KOBIETA;3;22314575
RACHNA;KOBIETA;3;22314578
WIORIKA;KOBIETA;3;22314581
KASZMIR;KOBIETA;3;22314584
DAILA;KOBIETA;3;22314587
EUFORIA;KOBIETA;3;22314590
DAMIANINA;KOBIETA;3;22314593
JI HYE;KOBIETA;3;22314596
XIXI;KOBIETA;3;22314599
DANIELINA;KOBIETA;3;22314602
STELLINA;KOBIETA;3;22314605
JANCHIV;KOBIETA;3;22314608
SHAHRZAD;KOBIETA;3;22314611
WANGELI;KOBIETA;3;22314614
VANISHA;KOBIETA;3;22314617
SHEVCHENKO;KOBIETA;3;22314620
RUTYNA;KOBIETA;3;22314623
THI DONG;KOBIETA;3;22314626
RAIMA;KOBIETA;3;22314629
RAJSHREE;KOBIETA;3;22314632
SHARIAT;KOBIETA;3;22314635
DIANDRA;KOBIETA;3;22314638
THU NGAN;KOBIETA;3;22314641
ARIFA;KOBIETA;3;22314644
BALZHAN;KOBIETA;3;22314647
BELLE;KOBIETA;3;22314650
KOKA;KOBIETA;3;22314653
OLDYNA;KOBIETA;3;22314656
LIBO;KOBIETA;3;22314659
VLATKA;KOBIETA;3;22314662
MAGDALIENA;KOBIETA;3;22314665
THI THA;KOBIETA;3;22314668
ARMINDA;KOBIETA;3;22314671
YAYAN;KOBIETA;3;22314674
REVEKA;KOBIETA;3;22314677
NHAT ANH;KOBIETA;3;22314680
BHUPINDER;KOBIETA;3;22314683
MY HANH;KOBIETA;3;22314686
NIRU;KOBIETA;3;22314689
ANASTASIIA-VIKTORIIA;KOBIETA;3;22314692
YUN-TING;KOBIETA;3;22314695
IWETT;KOBIETA;3;22314698
KAJ;KOBIETA;3;22314701
WEDAD;KOBIETA;3;22314704
XIULING;KOBIETA;3;22314707
FILKA;KOBIETA;3;22314710
NICOLÉ;KOBIETA;3;22314713
THALITA;KOBIETA;3;22314716
SERIN;KOBIETA;3;22314719
THI BICH HONG;KOBIETA;3;22314722
JEIRAN;KOBIETA;3;22314725
MARGRETE;KOBIETA;3;22314728
DIPALI;KOBIETA;3;22314731
JUSTICE;KOBIETA;3;22314734
JUNIOR;KOBIETA;3;22314737
AMILIANA;KOBIETA;3;22314740
CHAEYOUNG;KOBIETA;3;22314743
ASWINI;KOBIETA;3;22314746
KIRANMAI;KOBIETA;3;22314749
AKLIMA;KOBIETA;3;22314752
AICHUROK;KOBIETA;3;22314755
MORELA;KOBIETA;3;22314758
TAMIRES;KOBIETA;3;22314761
VIRGIE;KOBIETA;3;22314764
TAERIM;KOBIETA;3;22314767
BERÇEM;KOBIETA;3;22314770
ZEBO;KOBIETA;3;22314773
FATSIMA;KOBIETA;3;22314776
LIAMAN;KOBIETA;3;22314779
TAISSIA;KOBIETA;3;22314782
RUPINDER;KOBIETA;3;22314785
MIRIJANA;KOBIETA;3;22314788
LIUBOMYLA;KOBIETA;3;22314791
NILOFAR;KOBIETA;3;22314794
THI GAM;KOBIETA;3;22314797
MANJARI;KOBIETA;3;22314800
TZEELA;KOBIETA;3;22314803
ODRI;KOBIETA;3;22314806
YARMILA;KOBIETA;3;22314809
YANIA;KOBIETA;3;22314812
ELLIN;KOBIETA;3;22314815
OLIIA;KOBIETA;3;22314818
SHIVANSHI;KOBIETA;3;22314821
THI NGOC MINH;KOBIETA;3;22314824
RYFKA;KOBIETA;3;22314827
MY PHUONG;KOBIETA;3;22314830
PHUONG NHI;KOBIETA;3;22314833
ANGELIGUE;KOBIETA;3;22314836
REMI;KOBIETA;3;22314839
INGELORA;KOBIETA;3;22314842
MARAYA;KOBIETA;3;22314845
OLEKSANRA;KOBIETA;3;22314848
BRAJNA;KOBIETA;3;22314851
ZEZAG;KOBIETA;3;22314854
VENETIA;KOBIETA;3;22314857
LOBNA;KOBIETA;3;22314860
GERELMAA;KOBIETA;3;22314863
CHRYSTEL;KOBIETA;3;22314866
NARUMOL;KOBIETA;3;22314869
LILLIEN;KOBIETA;3;22314872
ANDREEA-MIHAELA;KOBIETA;3;22314875
VANGIE;KOBIETA;3;22314878
MAIRAM;KOBIETA;3;22314881
GWENN;KOBIETA;3;22314884
MARIA DE LOURDES;KOBIETA;3;22314887
YILING;KOBIETA;3;22314890
NEHAL;KOBIETA;3;22314893
LARIKA;KOBIETA;3;22314896
DAYAN;KOBIETA;3;22314899
DELGERTSETSEG;KOBIETA;3;22314902
POLI;KOBIETA;3;22314905
YANWEI;KOBIETA;3;22314908
SHAFAG;KOBIETA;3;22314911
YEFROSINIIA;KOBIETA;3;22314914
PARGANA;KOBIETA;3;22314917
UCHENNA;KOBIETA;3;22314920
TASIA;KOBIETA;3;22314923
RUKHIA;KOBIETA;3;22314926
OLFA;KOBIETA;3;22314929
YESSENIYA;KOBIETA;3;22314932
SEENA;KOBIETA;3;22314935
KARIS;KOBIETA;3;22314938
DIANA-ELENA;KOBIETA;3;22314941
RETA;KOBIETA;3;22314944
LEJBA;KOBIETA;3;22314947
XIAOHE;KOBIETA;3;22314950
ELNA;KOBIETA;3;22314953
ZOLUSHKA;KOBIETA;3;22314956
SWARNIMA;KOBIETA;3;22314959
YASHVI;KOBIETA;3;22314962
THANH H??NG;KOBIETA;3;22314965
JUST?;KOBIETA;3;22314968
HENRIKA;KOBIETA;3;22314971
SIEDA;KOBIETA;3;22314974
ELEZAVETA;KOBIETA;3;22314977
BOYANA;KOBIETA;3;22314980
TAJSIJA;KOBIETA;3;22314983
JOYLINE;KOBIETA;3;22314986
MARYJANE;KOBIETA;3;22314989
ETSEGENET;KOBIETA;3;22314992
NEZAKET;KOBIETA;3;22314995
MERIÇ;KOBIETA;3;22314998
DEE;KOBIETA;3;22315001
IAKHA;KOBIETA;3;22315004
HIKMET;KOBIETA;3;22315007
ROZIK;KOBIETA;3;22315010
KADIA;KOBIETA;3;22315013
AVANTIKA;KOBIETA;3;22315016
AHAFIYA;KOBIETA;3;22315019
MAIMOUNA;KOBIETA;3;22315022
TINEVIMBO;KOBIETA;3;22315025
MANISHABEN;KOBIETA;3;22315028
WA£ERIJA;KOBIETA;3;22315031
OLAJUMOKE;KOBIETA;3;22315034
D¯ANNAT;KOBIETA;3;22315037
MEE;KOBIETA;3;22315040
LORELIE;KOBIETA;3;22315043
TSILA;KOBIETA;3;22315046
KYLE;KOBIETA;3;22315049
DELARA;KOBIETA;3;22315052
RYNALDA;KOBIETA;3;22315055
LENA-MARIE;KOBIETA;3;22315058
DILBER;KOBIETA;3;22315061
MARZYS£AWA;KOBIETA;3;22315064
ZYNOVIIA;KOBIETA;3;22315067
SILVARD;KOBIETA;3;22315070
EMME;KOBIETA;3;22315073
JAELA;KOBIETA;3;22315076
HIMENA;KOBIETA;3;22315079
TIHANA;KOBIETA;3;22315082
HAYKUSH;KOBIETA;3;22315085
STRZE¯YS£AWA;KOBIETA;3;22315088
GWLADYS;KOBIETA;3;22315091
BOGDANIA;KOBIETA;3;22315094
LINGJUAN;KOBIETA;3;22315097
L¥GINA;KOBIETA;3;22315100
LIUSINE;KOBIETA;3;22315103
BALNUR;KOBIETA;3;22315106
THI HAU;KOBIETA;3;22315109
GAYEON;KOBIETA;3;22315112
LADYSLAVA;KOBIETA;3;22315115
YU-CHEN;KOBIETA;3;22315118
MYUNGHEE;KOBIETA;3;22315121
WENYI;KOBIETA;3;22315124
ED?BE;KOBIETA;3;22315127
FARIHA;KOBIETA;3;22315130
ALEGRA;KOBIETA;3;22315133
KHAWLA;KOBIETA;3;22315136
DRISHTI;KOBIETA;3;22315139
BIBIROBIYA;KOBIETA;3;22315142
WAAD;KOBIETA;3;22315145
AIDI;KOBIETA;3;22315148
THI BICH THUY;KOBIETA;3;22315151
LENNIE;KOBIETA;3;22315154
YNES;KOBIETA;3;22315157
VITALISA;KOBIETA;3;22315160
ALITSIYA;KOBIETA;3;22315163
ZABELA;KOBIETA;3;22315166
SARIA;KOBIETA;3;22315169
MANREET;KOBIETA;3;22315172
WESE£A;KOBIETA;3;22315175
XIAORAN;KOBIETA;3;22315178
MERNA;KOBIETA;3;22315181
ROZALIN;KOBIETA;3;22315184
TH? HO?N;KOBIETA;3;22315187
EKRAM;KOBIETA;3;22315190
SUCHAYA;KOBIETA;3;22315193
MAGRETH;KOBIETA;3;22315196
GIJA;KOBIETA;3;22315199
LISSY;KOBIETA;3;22315202
MARYSOL;KOBIETA;3;22315205
KRESTSINA;KOBIETA;3;22315208
MARKELA;KOBIETA;3;22315211
ZARIN;KOBIETA;3;22315214
TÚ ANH;KOBIETA;3;22315217
YHALI;KOBIETA;3;22315220
KAHORI;KOBIETA;3;22315223
THI HONG ANH;KOBIETA;3;22315226
LIOBOV;KOBIETA;3;22315229
SUNEE;KOBIETA;3;22315232
MAYRAM;KOBIETA;3;22315235
KAIYA;KOBIETA;3;22315238
ROZINA;KOBIETA;3;22315241
GANKA;KOBIETA;3;22315244
SAYYARA;KOBIETA;3;22315247
ANISIJA;KOBIETA;3;22315250
FAWZIA;KOBIETA;3;22315253
DIBA;KOBIETA;3;22315256
MANJUSHA;KOBIETA;3;22315259
INGEBORK;KOBIETA;3;22315262
MARIA DE LOS MILAGROS;KOBIETA;3;22315265
DZHEMILA;KOBIETA;3;22315268
CLEMENCIA;KOBIETA;3;22315271
GORGONIA;KOBIETA;3;22315274
LI-TING;KOBIETA;3;22315277
SHATHA;KOBIETA;3;22315280
SONALIKA;KOBIETA;3;22315283
LUY?N;KOBIETA;3;22315286
JARA;KOBIETA;3;22315289
ARAVA;KOBIETA;3;22315292
DUA;KOBIETA;3;22315295
GRAZIANA;KOBIETA;3;22315298
ANNU;KOBIETA;3;22315301
ALIAA;KOBIETA;3;22315304
WIJA;KOBIETA;3;22315307
TOLGONAI;KOBIETA;3;22315310
HUMAIRA;KOBIETA;3;22315313
SAWITREE;KOBIETA;3;22315316
BRUNELLA;KOBIETA;3;22315319
MERINA;KOBIETA;3;22315322
KYOUNGHEE;KOBIETA;3;22315325
MITALI;KOBIETA;3;22315328
I-HSUAN;KOBIETA;3;22315331
JUMAGUL;KOBIETA;3;22315334
USTSINA;KOBIETA;3;22315337
ADELTRUDA;KOBIETA;3;22315340
HEDDY;KOBIETA;3;22315343
FARIDAH;KOBIETA;3;22315346
MAILÉN;KOBIETA;3;22315349
YENNEFER;KOBIETA;3;22315352
HIUNAI;KOBIETA;3;22315355
LINH ?AN;KOBIETA;3;22315358
MERCÉDESZ;KOBIETA;3;22315361
NILÜFER;KOBIETA;3;22315364
XIUZHU;KOBIETA;3;22315367
SUBHADRA;KOBIETA;3;22315370
AIXA;KOBIETA;3;22315373
QU?NH TRANG;KOBIETA;3;22315376
JUYOUNG;KOBIETA;3;22315379
MARY FE;KOBIETA;3;22315382
ARADHYA;KOBIETA;3;22315385
DYAN;KOBIETA;3;22315388
TETIANA-ANNA;KOBIETA;3;22315391
JOVANNA;KOBIETA;3;22315394
JIHO;KOBIETA;3;22315397
JOSÉ;KOBIETA;3;22315400
ANA CAROLINA;KOBIETA;3;22315403
DARYNA-MARIIA;KOBIETA;3;22315406
SA;KOBIETA;3;22315409
PIHLA;KOBIETA;3;22315412
XILING;KOBIETA;3;22315415
KALEY;KOBIETA;3;22315418
SHAMIM;KOBIETA;3;22315421
MOUNIA;KOBIETA;3;22315424
LUCYA;KOBIETA;3;22315427
IMGARD;KOBIETA;3;22315430
SADIKA;KOBIETA;3;22315433
DAROMIRA;KOBIETA;3;22315436
SHAOFEN;KOBIETA;3;22315439
KIKI;KOBIETA;3;22315442
SEMELI;KOBIETA;3;22315445
ELFIDA;KOBIETA;3;22315448
GERTRUDIS;KOBIETA;3;22315451
ARTEMIZJA;KOBIETA;3;22315454
YURCHENKO;KOBIETA;3;22315457
JOUDI;KOBIETA;3;22315460
ANG?LE;KOBIETA;3;22315463
GÜL?AH;KOBIETA;3;22315466
ROZEMARI;KOBIETA;3;22315469
MYOUNG;KOBIETA;3;22315472
IRKA;KOBIETA;3;22315475
GÜZIDE;KOBIETA;3;22315478
SÓNIA;KOBIETA;3;22315481
DOHA;KOBIETA;3;22315484
SZYJA;KOBIETA;3;22315487
MARIONETTA;KOBIETA;3;22315490
WANDEE;KOBIETA;3;22315493
ARYANNA;KOBIETA;3;22315496
ROMIE;KOBIETA;3;22315499
MARIA DE LA PAZ;KOBIETA;3;22315502
BENICJA;KOBIETA;3;22315505
FEIGA;KOBIETA;3;22315508
MIHAELA-ROXANA;KOBIETA;3;22315511
WEIQING;KOBIETA;3;22315514
THUY HANG;KOBIETA;3;22315517
NATRULI;KOBIETA;3;22315520
ANASTASIIA-NADIIA;KOBIETA;3;22315523
GRZEGORZA;KOBIETA;3;22315526
SVJETLANA;KOBIETA;3;22315529
SAYYORA;KOBIETA;3;22315532
MILIAUSHA;KOBIETA;3;22315535
ELSHADAY;KOBIETA;3;22315538
EUN MI;KOBIETA;3;22315541
BOLUWATIFE;KOBIETA;3;22315544
ZÉLIE;KOBIETA;3;22315547
AYBALA;KOBIETA;3;22315550
ERIDA;KOBIETA;3;22315553
GOSPODINA;KOBIETA;3;22315556
OSKANA;KOBIETA;3;22315559
ALDONIA;KOBIETA;3;22315562
QIANRU;KOBIETA;3;22315565
DESANKA;KOBIETA;3;22315568
MANOLYA;KOBIETA;3;22315571
SENNA;KOBIETA;3;22315574
AKULINA;KOBIETA;3;22315577
SREEDEVI;KOBIETA;3;22315580
TH? NGÂN H?;KOBIETA;3;22315583
ALYSIA;KOBIETA;3;22315586
WESELA;KOBIETA;3;22315589
GURVINDER;KOBIETA;3;22315592
GOEUN;KOBIETA;3;22315595
TH? THU HO?I;KOBIETA;3;22315598
MAVLINA;KOBIETA;3;22315601
WILLEMINA;KOBIETA;3;22315604
JURI;KOBIETA;3;22315607
DELINA;KOBIETA;3;22315610
EWELIN;KOBIETA;3;22315613
AKTOTY;KOBIETA;3;22315616
MAI PHUONG;KOBIETA;3;22315619
THI MINH NGUYET;KOBIETA;3;22315622
GÜNES;KOBIETA;3;22315625
MYRIAN;KOBIETA;3;22315628
SANDIE;KOBIETA;3;22315631
JESUSA;KOBIETA;3;22315634
XINGQIN;KOBIETA;3;22315637
ROZAMARIA;KOBIETA;3;22315640
EIJA;KOBIETA;3;22315643
YUXIAO;KOBIETA;3;22315646
ELLISA;KOBIETA;3;22315649
MADHVI;KOBIETA;3;22315652
YAHELI;KOBIETA;3;22315655
MONALIZA;KOBIETA;3;22315658
ALKMINI;KOBIETA;3;22315661
HOFIT;KOBIETA;3;22315664
BEHESHTA;KOBIETA;3;22315667
GÜLCE;KOBIETA;3;22315670
ANNE-CLAIRE;KOBIETA;3;22315673
TUOI;KOBIETA;3;22315676
TSARINA;KOBIETA;3;22315679
KIRSTIE;KOBIETA;3;22315682
ELIZABETHA;KOBIETA;3;22315685
SEOEUN;KOBIETA;3;22315688
SIBUSISO;KOBIETA;3;22315691
ALEEZA;KOBIETA;3;22315694
LIAISAN;KOBIETA;3;22315697
MAIDE;KOBIETA;3;22315700
HUILIN;KOBIETA;3;22315703
ZAJA;KOBIETA;3;22315706
ENIKA;KOBIETA;3;22315709
JEONGAE;KOBIETA;3;22315712
DVORAH;KOBIETA;3;22315715
SYDRA;KOBIETA;3;22315718
YASAMEEN;KOBIETA;3;22315721
NAMA;KOBIETA;3;22315724
DIEP ANH;KOBIETA;3;22315727
TH? TH?Y;KOBIETA;3;22315730
PRATHYUSHA;KOBIETA;3;22315733
ANA LUIZA;KOBIETA;3;22315736
SHERMIN;KOBIETA;3;22315739
JIHAD;KOBIETA;3;22315742
CHHAVI;KOBIETA;3;22315745
CHINENYE;KOBIETA;3;22315748
SOFFIIA;KOBIETA;3;22315751
SABRIYE;KOBIETA;3;22315754
ELAHEH;KOBIETA;3;22315757
PRAPTI;KOBIETA;3;22315760
ANEMONA;KOBIETA;3;22315763
LILIE;KOBIETA;3;22315766
ICHINKHORLOO;KOBIETA;3;22315769
INTISSAR;KOBIETA;3;22315772
SAUMYA;KOBIETA;3;22315775
XIAOFENG;KOBIETA;3;22315778
ZAKLIN;KOBIETA;3;22315781
SABRIJA;KOBIETA;3;22315784
EUNIKE;KOBIETA;3;22315787
NANXI;KOBIETA;3;22315790
TYMONA;KOBIETA;3;22315793
NARYNE;KOBIETA;3;22315796
FEKLA;KOBIETA;3;22315799
THI CHIN;KOBIETA;3;22315802
ELIZJA;KOBIETA;3;22315805
RADINA;KOBIETA;3;22315808
RUTHA;KOBIETA;3;22315811
KRASSIMIRA;KOBIETA;3;22315814
THI HI?N;KOBIETA;3;22315817
MUTLU;KOBIETA;3;22315820
TRIADA;KOBIETA;3;22315823
RISAKO;KOBIETA;3;22315826
TH? PHÚC;KOBIETA;3;22315829
SIBYLLA;KOBIETA;3;22315832
FATINE;KOBIETA;3;22315835
ANEESA;KOBIETA;3;22315838
CHENAI;KOBIETA;3;22315841
JACKLIN;KOBIETA;3;22315844
XUEJING;KOBIETA;3;22315847
QUINCY;KOBIETA;3;22315850
?CLAL;KOBIETA;3;22315853
JELA;KOBIETA;3;22315856
SARNAI;KOBIETA;3;22315859
ZOLJARGAL;KOBIETA;3;22315862
LIANLIAN;KOBIETA;3;22315865
NICOLLY;KOBIETA;3;22315868
TANU;KOBIETA;3;22315871
IAKHITA;KOBIETA;3;22315874
ANHELINA-ANNA;KOBIETA;3;22315877
PHUÖNG;KOBIETA;3;22315880
EILAT;KOBIETA;3;22315883
INANA;KOBIETA;3;22315886
YEONJU;KOBIETA;3;22315889
DORI;KOBIETA;3;22315892
LEONIKA;KOBIETA;3;22315895
YOUN;KOBIETA;3;22315898
TH? PH??NG TH?O;KOBIETA;3;22315901
NAGLAA;KOBIETA;3;22315904
LIZZY;KOBIETA;3;22315907
ANNAH;KOBIETA;3;22315910
SOA;KOBIETA;3;22315913
KAMILE;KOBIETA;3;22315916
ROSANGELA;KOBIETA;3;22315919
APPLE;KOBIETA;3;22315922
APHSANA;KOBIETA;3;22315925
ZÜMRA;KOBIETA;3;22315928
AMPARO;KOBIETA;3;22315931
BAO QUYEN;KOBIETA;3;22315934
WEN WEN;KOBIETA;3;22315937
NARJES;KOBIETA;3;22315940
TRA;KOBIETA;3;22315943
KYUNG HWA;KOBIETA;3;22315946
DIBYA;KOBIETA;3;22315949
DURNA;KOBIETA;3;22315952
ALVIRA;KOBIETA;3;22315955
HANGA;KOBIETA;3;22315958
WIWIENA;KOBIETA;3;22315961
ZHANNETTA;KOBIETA;3;22315964
ROSAVA;KOBIETA;3;22315967
ASUMAN;KOBIETA;3;22315970
VAHIDE;KOBIETA;3;22315973
MARCJANA;KOBIETA;3;22315976
AISHANI;KOBIETA;3;22315979
ZARNISHAN;KOBIETA;3;22315982
FARYAL;KOBIETA;3;22315985
YUCUI;KOBIETA;3;22315988
AGNIESKA;KOBIETA;3;22315991
HEEJEONG;KOBIETA;3;22315994
CHINH;KOBIETA;3;22315997
PNINIT;KOBIETA;3;22316000
RUCHITA;KOBIETA;3;22316003
ALM?NA;KOBIETA;3;22316006
ELDINA;KOBIETA;3;22316009
MARIYA-ANNA;KOBIETA;3;22316012
GÖKCE;KOBIETA;3;22316015
HONGWEI;KOBIETA;3;22316018
VESA;KOBIETA;3;22316021
SUDESH;KOBIETA;3;22316024
AIMEI;KOBIETA;3;22316027
LUMINITSA;KOBIETA;3;22316030
TATUANA;KOBIETA;3;22316033
LENUÞA;KOBIETA;3;22316036
PEIPEI;KOBIETA;3;22316039
HUONG LY;KOBIETA;3;22316042
MAISY;KOBIETA;3;22316045
ZAINEB;KOBIETA;3;22316048
NEHARA;KOBIETA;3;22316051
AKSENA;KOBIETA;3;22316054
MIEN;KOBIETA;3;22316057
MZEONA;KOBIETA;3;22316060
AYANE;KOBIETA;3;22316063
ªIRIN;KOBIETA;3;22316066
Z£ATKA;KOBIETA;3;22316069
LATISHA;KOBIETA;3;22316072
MATLA;KOBIETA;3;22316075
ZILDA;KOBIETA;3;22316078
YONG OK;KOBIETA;3;22316081
ANIZA;KOBIETA;3;22316084
DEMA;KOBIETA;3;22316087
SUJANA;KOBIETA;3;22316090
HAL?DE;KOBIETA;3;22316093
BADE;KOBIETA;3;22316096
TAMAKI;KOBIETA;3;22316099
JEFROSINIA;KOBIETA;3;22316102
LABRINI;KOBIETA;3;22316105
ANTON;KOBIETA;3;22316108
YESTER;KOBIETA;3;22316111
YONAT;KOBIETA;3;22316114
DAYSI;KOBIETA;3;22316117
URTNASAN;KOBIETA;3;22316120
HERUBINA;KOBIETA;3;22316123
RAINE;KOBIETA;3;22316126
SHWETHA;KOBIETA;3;22316129
H?A;KOBIETA;3;22316132
I GUSTI AYU;KOBIETA;3;22316135
DOMOS£AWA;KOBIETA;3;22316138
YIYAN;KOBIETA;3;22316141
NHU QUYNH;KOBIETA;3;22316144
JAGUSIA;KOBIETA;3;22316147
MYKAELA;KOBIETA;3;22316150
LEYANA;KOBIETA;3;22316153
DIANA-MARIA;KOBIETA;3;22316156
OYINDAMOLA;KOBIETA;3;22316159
YOU;KOBIETA;3;22316162
BRANDLA;KOBIETA;3;22316165
ELAIA;KOBIETA;3;22316168
KATRIANA;KOBIETA;3;22316171
XUEMIN;KOBIETA;3;22316174
DOINI?A;KOBIETA;3;22316177
EFROSENIA;KOBIETA;3;22316180
B?O TRÂM;KOBIETA;3;22316183
ROSHINI;KOBIETA;3;22316186
LADOMYRA;KOBIETA;3;22316189
NARANGEREL;KOBIETA;3;22316192
ZAYNA;KOBIETA;3;22316195
MIKYEONG;KOBIETA;3;22316198
TH? THANH HUY?N;KOBIETA;3;22316201
REETA;KOBIETA;3;22316204
KHEDIDJA;KOBIETA;3;22316207
KHALIUNAA;KOBIETA;3;22316210
CLAUDE;KOBIETA;3;22316213
JI MIN;KOBIETA;3;22316216
SALLI;KOBIETA;3;22316219
DRZESIKA;KOBIETA;3;22316222
YEABSIRA;KOBIETA;3;22316225
LACHYN;KOBIETA;3;22316228
SALMINAZ;KOBIETA;3;22316231
NANAKO;KOBIETA;3;22316234
ZAKHIDA;KOBIETA;3;22316237
VLERA;KOBIETA;3;22316240
MARIIA-OKSANA;KOBIETA;3;22316243
ILLY;KOBIETA;3;22316246
NABEELA;KOBIETA;3;22316249
BENJAMAS;KOBIETA;3;22316252
JADZIA;KOBIETA;3;22316255
LIIANA;KOBIETA;3;22316258
AAISHA;KOBIETA;3;22316261
DRORIT;KOBIETA;3;22316264
EUSTAZJA;KOBIETA;3;22316267
JOLIANTA;KOBIETA;3;22316270
SIWAR;KOBIETA;3;22316273
ROQAYA;KOBIETA;3;22316276
HUZEL;KOBIETA;3;22316279
TH?O NHI;KOBIETA;3;22316282
ERLENA;KOBIETA;3;22316285
LANG;KOBIETA;3;22316288
PINKA;KOBIETA;3;22316291
DELICJA;KOBIETA;3;22316294
SOFY;KOBIETA;3;22316297
KASHISH;KOBIETA;3;22316300
TABARAK;KOBIETA;3;22316303
GIULMIRA;KOBIETA;3;22316306
JACQUELINA;KOBIETA;3;22316309
D¯ESYKA;KOBIETA;3;22316312
CHARIKLIA;KOBIETA;3;22316315
CHRYSANTHI;KOBIETA;3;22316318
LUCHIKA;KOBIETA;3;22316321
SOKHIBA;KOBIETA;3;22316324
GUSTI;KOBIETA;3;22316327
CHUNHONG;KOBIETA;3;22316330
YUNPING;KOBIETA;3;22316333
YI-CHIEH;KOBIETA;3;22316336
SEHAR;KOBIETA;3;22316339
ZINE;KOBIETA;3;22316342
DIL;KOBIETA;3;22316345
BELYSE;KOBIETA;3;22316348
JINAH;KOBIETA;3;22316351
HIKARU;KOBIETA;3;22316354
DEVON;KOBIETA;3;22316357
AITAJ;KOBIETA;3;22316360
ZYNAYDA;KOBIETA;3;22316363
MARZANA;KOBIETA;3;22316366
SEMENIUK;KOBIETA;3;22316369
JIAHE;KOBIETA;3;22316372
MARIA LOURDES;KOBIETA;3;22316375
DANHUA;KOBIETA;3;22316378
EMER;KOBIETA;3;22316381
SWAPNALI;KOBIETA;3;22316384
CICILIA;KOBIETA;3;22316387
OKTIABRINA;KOBIETA;3;22316390
URSHULYA;KOBIETA;3;22316393
RANJANI;KOBIETA;3;22316396
RUSALYNA;KOBIETA;3;22316399
ALFA;KOBIETA;3;22316402
TAMUZ;KOBIETA;3;22316405
BABETTE;KOBIETA;3;22316408
TAKUNDA;KOBIETA;3;22316411
ANUPAM;KOBIETA;3;22316414
ELISABETHA;KOBIETA;3;22316417
HUIJUN;KOBIETA;3;22316420
OLAKSANDRA;KOBIETA;3;22316423
EMMILY;KOBIETA;3;22316426
ª?MAL;KOBIETA;3;22316429
MAR?A;KOBIETA;3;22316432
VARSHINI;KOBIETA;3;22316435
ZHULDYZAY;KOBIETA;3;22316438
TATIJANA;KOBIETA;3;22316441
IRNA;KOBIETA;3;22316444
KIRSTIN;KOBIETA;3;22316447
ZUSANNA;KOBIETA;3;22316450
?RIKA;KOBIETA;3;22316453
MISEON;KOBIETA;3;22316456
THI THINH;KOBIETA;3;22316459
NYNA;KOBIETA;3;22316462
OSIYA;KOBIETA;3;22316465
DHUHA;KOBIETA;3;22316468
HILDYGARDA;KOBIETA;3;22316471
FARRAH;KOBIETA;3;22316474
VIRA-MARIIA;KOBIETA;3;22316477
NEELIMA;KOBIETA;3;22316480
GERTRAUDA;KOBIETA;3;22316483
SHOSHANNA;KOBIETA;3;22316486
MARCYJANNA;KOBIETA;3;22316489
ALUNA;KOBIETA;3;22316492
KEITH;KOBIETA;3;22316495
XIYUAN;KOBIETA;3;22316498
PAYTSAR;KOBIETA;3;22316501
GIULKHANUM;KOBIETA;3;22316504
KELTOUM;KOBIETA;3;22316507
GULSEZIM;KOBIETA;3;22316510
MELIZA;KOBIETA;3;22316513
KHÁNH VY;KOBIETA;3;22316516
SOFIIA-OLHA;KOBIETA;3;22316519
MLADENA;KOBIETA;3;22316522
JOANALYN;KOBIETA;3;22316525
HAVVA NUR;KOBIETA;3;22316528
ALTEA;KOBIETA;3;22316531
ASHLIN;KOBIETA;3;22316534
MERVIN;KOBIETA;3;22316537
AIZHARKYN;KOBIETA;3;22316540
EMMANUILA;KOBIETA;3;22316543
HLIB;KOBIETA;3;22316546
ECRIN;KOBIETA;3;22316549
NETSANET;KOBIETA;3;22316552
VITTORIIA;KOBIETA;3;22316555
TH? TUY?T MAI;KOBIETA;3;22316558
EILA;KOBIETA;3;22316561
FRANCHESCA;KOBIETA;3;22316564
KONSTANTIA;KOBIETA;3;22316567
JADVIGA;KOBIETA;3;22316570
JO ANN;KOBIETA;3;22316573
GYEONGEUN;KOBIETA;3;22316576
SIEJA;KOBIETA;3;22316579
JEKATERYNA;KOBIETA;3;22316582
RAJDA;KOBIETA;3;22316585
DILARAM;KOBIETA;3;22316588
CHRISTAL;KOBIETA;3;22316591
ILONA-SOFIIA;KOBIETA;3;22316594
TUE ANH;KOBIETA;3;22316597
JULISSA;KOBIETA;3;22316600
SOEUN;KOBIETA;3;22316603
FREDERICA;KOBIETA;3;22316606
YOHANA;KOBIETA;3;22316609
ANNA-SOLOMIIA;KOBIETA;3;22316612
THRESIAMMA;KOBIETA;3;22316615
MADELINA;KOBIETA;3;22316618
KETELINA;KOBIETA;3;22316621
BICH HONG;KOBIETA;3;22316624
VIRHINIIA;KOBIETA;3;22316627
ZEENAT;KOBIETA;3;22316630
WINNY;KOBIETA;3;22316633
CHAGIT;KOBIETA;3;22316636
ESTRA;KOBIETA;3;22316639
AGNEKA;KOBIETA;3;22316642
ERINDA;KOBIETA;3;22316645
HAGIGAT;KOBIETA;3;22316648
MISOOK;KOBIETA;3;22316651
ADILIA;KOBIETA;3;22316654
XIAOLEI;KOBIETA;3;22316657
ANASTASSIIA;KOBIETA;3;22316660
SYUZAN;KOBIETA;3;22316663
TIKO;KOBIETA;3;22316666
HABRIEL;KOBIETA;3;22316669
MZEKALA;KOBIETA;3;22316672
HYUNMI;KOBIETA;3;22316675
XENIE;KOBIETA;3;22316678
LISABETH;KOBIETA;3;22316681
ULYNA;KOBIETA;3;22316684
MINDRA;KOBIETA;3;22316687
ROMANDA;KOBIETA;3;22316690
PERRY;KOBIETA;3;22316693
SOLENA;KOBIETA;3;22316696
POULAMI;KOBIETA;3;22316699
JIAYUE;KOBIETA;3;22316702
MEIQIN;KOBIETA;3;22316705
ANESSA;KOBIETA;3;22316708
GYZYLGUL;KOBIETA;3;22316711
KHAIALE;KOBIETA;3;22316714
FLYURA;KOBIETA;3;22316717
CAROLENA;KOBIETA;3;22316720
ALAKSANDRA;KOBIETA;3;22316723
MALIHA;KOBIETA;3;22316726
RYANA;KOBIETA;3;22316729
GAI;KOBIETA;3;22316732
LEONELA;KOBIETA;3;22316735
DAPHINE;KOBIETA;3;22316738
TH? THO;KOBIETA;3;22316741
BATOOL;KOBIETA;3;22316744
FORTUNATE;KOBIETA;3;22316747
KENNEDY;KOBIETA;3;22316750
SACHIE;KOBIETA;3;22316753
LODIA;KOBIETA;3;22316756
SHU-HAN;KOBIETA;3;22316759
LOUBNA;KOBIETA;3;22316762
MONINA;KOBIETA;3;22316765
TIANJIAO;KOBIETA;3;22316768
YUJIAO;KOBIETA;3;22316771
UNURJARGAL;KOBIETA;3;22316774
MIRYNA;KOBIETA;3;22316777
GEANINA;KOBIETA;3;22316780
JERALDINE;KOBIETA;3;22316783
MICOLE;KOBIETA;3;22316786
WITOMI£A;KOBIETA;3;22316789
XUEFEN;KOBIETA;3;22316792
ANNE-LISE;KOBIETA;3;22316795
YOUNGSOOK;KOBIETA;3;22316798
DAMARISA;KOBIETA;3;22316801
YIMENG;KOBIETA;3;22316804
PATTY;KOBIETA;3;22316807
SAU;KOBIETA;3;22316810
MANYI;KOBIETA;3;22316813
YONG SIM;KOBIETA;3;22316816
NURSULU;KOBIETA;3;22316819
THI BICH VAN;KOBIETA;3;22316822
SHENGYUL;KOBIETA;3;22316825
MUKHAYYO;KOBIETA;3;22316828
THI TOAN;KOBIETA;3;22316831
BULGAN;KOBIETA;3;22316834
AYªEN;KOBIETA;3;22316837
IOLANA;KOBIETA;3;22316840
GUDRONA;KOBIETA;3;22316843
LOTAN;KOBIETA;3;22316846
YUNJU;KOBIETA;3;22316849
SINAM;KOBIETA;3;22316852
IYAR;KOBIETA;3;22316855
ESE;KOBIETA;3;22316858
SKYLAH;KOBIETA;3;22316861
DALIBORKA;KOBIETA;3;22316864
HADI¯A;KOBIETA;3;22316867
LIEZELOTTE;KOBIETA;3;22316870
KAROLENA;KOBIETA;3;22316873
PLATON;KOBIETA;3;22316876
EWHENIA;KOBIETA;3;22316879
SIBELA;KOBIETA;3;22316882
ELIENE;KOBIETA;3;22316885
MIRONIA;KOBIETA;3;22316888
ARSEN;KOBIETA;3;22316891
SUJUAN;KOBIETA;3;22316894
KUM HUI;KOBIETA;3;22316897
W£ASTA;KOBIETA;3;22316900
ANNALIESE;KOBIETA;3;22316903
AGUEDA;KOBIETA;3;22316906
VIYALETTA;KOBIETA;3;22316909
RUOXIN;KOBIETA;3;22316912
OREL;KOBIETA;3;22316915
JUJUNA;KOBIETA;3;22316918
TEOFILIYA;KOBIETA;3;22316921
IL SIM;KOBIETA;3;22316924
THI BAO NGOC;KOBIETA;3;22316927
AIIDA;KOBIETA;3;22316930
YULISA;KOBIETA;3;22316933
OURIDA;KOBIETA;3;22316936
PRZYBYS£AWA;KOBIETA;3;22316939
GAMAR;KOBIETA;3;22316942
TINIKO;KOBIETA;3;22316945
MARITSA;KOBIETA;3;22316948
YANYU;KOBIETA;3;22316951
ANTONINE;KOBIETA;3;22316954
MARIIETA;KOBIETA;3;22316957
NIPAPORN;KOBIETA;3;22316960
KAMIELIIA;KOBIETA;3;22316963
NURSENA;KOBIETA;3;22316966
YOO JIN;KOBIETA;3;22316969
LIHEE;KOBIETA;3;22316972
CHALIDA;KOBIETA;3;22316975
HYERIM;KOBIETA;3;22316978
BURUL;KOBIETA;3;22316981
ROSSI;KOBIETA;3;22316984
GRETEL;KOBIETA;3;22316987
ZHIYAN;KOBIETA;3;22316990
ALEKSANDRYIA;KOBIETA;3;22316993
FAHMIDA;KOBIETA;3;22316996
GIULARA;KOBIETA;3;22316999
OANA-MARIA;KOBIETA;3;22317002
LAURIANNE;KOBIETA;3;22317005
ASOL;KOBIETA;3;22317008
SEV?LAY;KOBIETA;3;22317011
CYBELE;KOBIETA;3;22317014
ESHLI;KOBIETA;3;22317017
LYLIANNA;KOBIETA;3;22317020
ATALYA;KOBIETA;3;22317023
JUANJUAN;KOBIETA;3;22317026
MERCAN;KOBIETA;3;22317029
TH? TH?;KOBIETA;3;22317032
SAMRA;KOBIETA;3;22317035
NOBUKHOSI;KOBIETA;3;22317038
BAO UYEN;KOBIETA;3;22317041
JOCHWETA;KOBIETA;3;22317044
JOICE;KOBIETA;3;22317047
MINGYEONG;KOBIETA;3;22317050
MERIN;KOBIETA;3;22317053
ANTONETTA;KOBIETA;3;22317056
GILY;KOBIETA;3;22317059
VINUTHA;KOBIETA;3;22317062
SRBUI;KOBIETA;3;22317065
NANNETTE;KOBIETA;3;22317068
A£INA;KOBIETA;3;22317071
KHALIDE;KOBIETA;3;22317074
NITZA;KOBIETA;3;22317077
PAULIEN;KOBIETA;3;22317080
DZHEMRE;KOBIETA;3;22317083
DONGYUN;KOBIETA;3;22317086
SRILATHA;KOBIETA;3;22317089
KAMINI;KOBIETA;3;22317092
SOUZAN;KOBIETA;3;22317095
CHAITHANYA;KOBIETA;3;22317098
SEOWON;KOBIETA;3;22317101
ZHEYNA;KOBIETA;3;22317104
MI JUNG;KOBIETA;3;22317107
CHUCHU;KOBIETA;3;22317110
THI MINH TRANG;KOBIETA;3;22317113
HYOEUN;KOBIETA;3;22317116
JIANFANG;KOBIETA;3;22317119
?LKSEN;KOBIETA;3;22317122
GHAIDAA;KOBIETA;3;22317125
YINGZI;KOBIETA;3;22317128
ZENOFIA;KOBIETA;3;22317131
TH? THANH TÂM;KOBIETA;3;22317134
RASITA;KOBIETA;3;22317137
JUNGSUK;KOBIETA;3;22317140
DAMILA;KOBIETA;3;22317143
¯YWIS£AWA;KOBIETA;3;22317146
ELÇIN;KOBIETA;3;22317149
MIRSADA;KOBIETA;3;22317152
NIVEDITHA;KOBIETA;3;22317155
THI THANH LOAN;KOBIETA;3;22317158
ELIZAVETTA;KOBIETA;3;22317161
EMILLIE;KOBIETA;3;22317164
SALVINA;KOBIETA;3;22317167
HALIDA;KOBIETA;3;22317170
GENA;KOBIETA;3;22317173
BIRCAN;KOBIETA;3;22317176
KSIENIA;KOBIETA;3;22317179
GERTRAUTA;KOBIETA;3;22317182
MARGRÉT;KOBIETA;3;22317185
HRYSTINA;KOBIETA;3;22317188
ACHINOAM;KOBIETA;3;22317191
ASSUMPTA;KOBIETA;3;22317194
NORI;KOBIETA;3;22317197
SHIYI;KOBIETA;3;22317200
PETEL;KOBIETA;3;22317203
KHUSHBUBEN;KOBIETA;3;22317206
JEMILE;KOBIETA;3;22317209
HA EUN;KOBIETA;3;22317212
MI YOUNG;KOBIETA;3;22317215
PERISTERA;KOBIETA;3;22317218
HSIN;KOBIETA;3;22317221
TAZAGUL;KOBIETA;3;22317224
IRMTRAUTA;KOBIETA;3;22317227
JEYHUNA;KOBIETA;3;22317230
NAHAL;KOBIETA;3;22317233
PHUONG VI;KOBIETA;3;22317236
LABONI;KOBIETA;3;22317239
KRISTIINA;KOBIETA;3;22317242
SAHARA;KOBIETA;3;22317245
SHURONG;KOBIETA;3;22317248
SMILJANA;KOBIETA;3;22317251
BHAGYASHREE;KOBIETA;3;22317254
EREN;KOBIETA;3;22317257
WALIENTINA;KOBIETA;3;22317260
URVI;KOBIETA;3;22317263
KADISHA;KOBIETA;3;22317266
NYASHADZASHE;KOBIETA;3;22317269
ZARINE;KOBIETA;3;22317272
ESEOGHENE;KOBIETA;3;22317275
IRELIA;KOBIETA;3;22317278
YUKTA;KOBIETA;3;22317281
JINGYUN;KOBIETA;3;22317284
HASNAA;KOBIETA;3;22317287
YINGLI;KOBIETA;3;22317290
MADLIEN;KOBIETA;3;22317293
FARZANEH;KOBIETA;3;22317296
MÁXIMA;KOBIETA;3;22317299
TH? HO?I PH??NG;KOBIETA;3;22317302
IFEOLUWA;KOBIETA;3;22317305
HONGLING;KOBIETA;3;22317308
N?HAL;KOBIETA;3;22317311
SNI¯HANA;KOBIETA;3;22317314
MARUA;KOBIETA;3;22317317
RYM;KOBIETA;3;22317320
KYLEE;KOBIETA;3;22317323
CINDI;KOBIETA;3;22317326
JOOYOUNG;KOBIETA;3;22317329
LENIANA;KOBIETA;3;22317332
TH? THU H?NG;KOBIETA;3;22317335
JAKLIN;KOBIETA;3;22317338
THI TUYET MAI;KOBIETA;3;22317341
IAANNA;KOBIETA;3;22317344
LARINE;KOBIETA;3;22317347
LARYNA;KOBIETA;3;22317350
DILMA;KOBIETA;3;22317353
LOTTY;KOBIETA;3;22317356
MARIA-TERESA;KOBIETA;3;22317359
VITALIANA;KOBIETA;3;22317362
MIRLA;KOBIETA;3;22317365
MALAYA;KOBIETA;3;22317368
WIOLLETTA;KOBIETA;3;22317371
NAMINA;KOBIETA;3;22317374
MARLO;KOBIETA;3;22317377
MAI TRANG;KOBIETA;3;22317380
ZHAN;KOBIETA;3;22317383
SHOKHSANAM;KOBIETA;3;22317386
JIHYO;KOBIETA;3;22317389
CHAEYOON;KOBIETA;3;22317392
HAREEM;KOBIETA;3;22317395
FENGJUAN;KOBIETA;3;22317398
ROSYTA;KOBIETA;3;22317401
HUILI;KOBIETA;3;22317404
ADMIRA;KOBIETA;3;22317407
NG?C Y?N;KOBIETA;3;22317410
BENSU;KOBIETA;3;22317413
KEILY;KOBIETA;3;22317416
SIYANG;KOBIETA;3;22317419
MARJONA;KOBIETA;3;22317422
KHAZHAR;KOBIETA;3;22317425
ITIR;KOBIETA;3;22317428
PESLA;KOBIETA;3;22317431
YUNJI;KOBIETA;3;22317434
MARYLENE;KOBIETA;3;22317437
AARIKA;KOBIETA;3;22317440
DAHYEON;KOBIETA;3;22317443
VIACHESLAV;KOBIETA;3;22317446
TH? S?N;KOBIETA;3;22317449
MIREN;KOBIETA;3;22317452
BELEMIR;KOBIETA;3;22317455
SABITRI;KOBIETA;3;22317458
SEIKO;KOBIETA;3;22317461
JHOANNA;KOBIETA;3;22317464
MIN JUNG;KOBIETA;3;22317467
MILEVA;KOBIETA;3;22317470
PHILLIPPA;KOBIETA;3;22317473
MADILYN;KOBIETA;3;22317476
AIVI;KOBIETA;3;22317479
MAËVA;KOBIETA;3;22317482
MAR'IANA;KOBIETA;3;22317485
JULKA;KOBIETA;3;22317488
KANGTING;KOBIETA;2;22317490
MONAH;KOBIETA;2;22317492
NIKHITA;KOBIETA;2;22317494
KOROLENKO;KOBIETA;2;22317496
MAKTINA;KOBIETA;2;22317498
JIAWEI;KOBIETA;2;22317500
KONOMI;KOBIETA;2;22317502
ZHONGLI;KOBIETA;2;22317504
DZHANETA;KOBIETA;2;22317506
GUSTI AYU PUTU;KOBIETA;2;22317508
SALUA;KOBIETA;2;22317510
FREHIWOT;KOBIETA;2;22317512
BUSANA;KOBIETA;2;22317514
NAEVIA;KOBIETA;2;22317516
DAIRA;KOBIETA;2;22317518
NIRAN;KOBIETA;2;22317520
BRYSTAL;KOBIETA;2;22317522
MIKEJLA;KOBIETA;2;22317524
YUZI;KOBIETA;2;22317526
SOLVEIGA;KOBIETA;2;22317528
D¯INA;KOBIETA;2;22317530
ABIBA;KOBIETA;2;22317532
MISK;KOBIETA;2;22317534
KAILEY;KOBIETA;2;22317536
RUOXI;KOBIETA;2;22317538
YULU;KOBIETA;2;22317540
FARIRAI;KOBIETA;2;22317542
KHADEEJA;KOBIETA;2;22317544
NORALYN;KOBIETA;2;22317546
KERRIE;KOBIETA;2;22317548
MERINE;KOBIETA;2;22317550
NICOLETA-ANDREEA;KOBIETA;2;22317552
NYLAH;KOBIETA;2;22317554
SUJITA;KOBIETA;2;22317556
ENAYA;KOBIETA;2;22317558
BIBIANE;KOBIETA;2;22317560
THI CHAM;KOBIETA;2;22317562
ASLA;KOBIETA;2;22317564
SASI;KOBIETA;2;22317566
ROSANKA;KOBIETA;2;22317568
YI-CHI;KOBIETA;2;22317570
TINOTENDAISHE;KOBIETA;2;22317572
DENYSA;KOBIETA;2;22317574
NOÉLIE;KOBIETA;2;22317576
GUSTI KOMANG;KOBIETA;2;22317578
NISSO;KOBIETA;2;22317580
STEFANNY;KOBIETA;2;22317582
SOFIIA-MELANIIA;KOBIETA;2;22317584
SHENSHEN;KOBIETA;2;22317586
NICOL-MARIA;KOBIETA;2;22317588
ARINE;KOBIETA;2;22317590
CHERRIE;KOBIETA;2;22317592
SEMEN;KOBIETA;2;22317594
MANUSH;KOBIETA;2;22317596
MARESA;KOBIETA;2;22317598
SAGHAR;KOBIETA;2;22317600
PATCHAREE;KOBIETA;2;22317602
ENKHTUNGALAG;KOBIETA;2;22317604
OLEANNA;KOBIETA;2;22317606
RUGARE;KOBIETA;2;22317608
LOU-ANNE;KOBIETA;2;22317610
STERRE;KOBIETA;2;22317612
ANNEROSE;KOBIETA;2;22317614
ENKHSAIKHAN;KOBIETA;2;22317616
FELITSYIA;KOBIETA;2;22317618
ROSAMARIA;KOBIETA;2;22317620
AIFEN;KOBIETA;2;22317622
ASHLIE;KOBIETA;2;22317624
SUPATTA;KOBIETA;2;22317626
XIUZHI;KOBIETA;2;22317628
HONORIA;KOBIETA;2;22317630
SAGI;KOBIETA;2;22317632
HSIN-JUNG;KOBIETA;2;22317634
YEONGEUN;KOBIETA;2;22317636
JORID;KOBIETA;2;22317638
NEDZHVAN;KOBIETA;2;22317640
BIRTHE;KOBIETA;2;22317642
SUHAILA;KOBIETA;2;22317644
HEDI;KOBIETA;2;22317646
HOARIK;KOBIETA;2;22317648
HYEONJIN;KOBIETA;2;22317650
CHUNQIU;KOBIETA;2;22317652
MINERWA;KOBIETA;2;22317654
CORNÉLIE;KOBIETA;2;22317656
DAYANE;KOBIETA;2;22317658
KI;KOBIETA;2;22317660
GUDIERA;KOBIETA;2;22317662
LIXUAN;KOBIETA;2;22317664
JLONA;KOBIETA;2;22317666
NIK;KOBIETA;2;22317668
IRMUUN;KOBIETA;2;22317670
PARIMALA;KOBIETA;2;22317672
RAIJA;KOBIETA;2;22317674
BRAK;KOBIETA;2;22317676
ANCY;KOBIETA;2;22317678
KOSTA;KOBIETA;2;22317680
YADVIHA-VANDA;KOBIETA;2;22317682
ZHUQING;KOBIETA;2;22317684
SEIN;KOBIETA;2;22317686
XIURONG;KOBIETA;2;22317688
XIAOKE;KOBIETA;2;22317690
MENCÍA;KOBIETA;2;22317692
ANANA;KOBIETA;2;22317694
MONIC;KOBIETA;2;22317696
INTIZAR;KOBIETA;2;22317698
DMYTRENKO;KOBIETA;2;22317700
YIMI;KOBIETA;2;22317702
SISASENKOSI;KOBIETA;2;22317704
COFIIA;KOBIETA;2;22317706
TH? TR?;KOBIETA;2;22317708
SHANNI;KOBIETA;2;22317710
WAJEEHA;KOBIETA;2;22317712
NANIK;KOBIETA;2;22317714
MEHEK;KOBIETA;2;22317716
ORIANTHI;KOBIETA;2;22317718
SADE;KOBIETA;2;22317720
VIKTORY;KOBIETA;2;22317722
BENG?;KOBIETA;2;22317724
YUNSEON;KOBIETA;2;22317726
ALEFTSINA;KOBIETA;2;22317728
EUNMI;KOBIETA;2;22317730
THAO NGUYEN;KOBIETA;2;22317732
SILAV;KOBIETA;2;22317734
YI YI;KOBIETA;2;22317736
RABU;KOBIETA;2;22317738
LOONA;KOBIETA;2;22317740
ARMIK;KOBIETA;2;22317742
MERJA;KOBIETA;2;22317744
ALONA-MARIIA;KOBIETA;2;22317746
BOGENA;KOBIETA;2;22317748
WENXUAN;KOBIETA;2;22317750
THI THUYEN;KOBIETA;2;22317752
ANALIZ;KOBIETA;2;22317754
TSVETANA;KOBIETA;2;22317756
SANI;KOBIETA;2;22317758
DARYEEN;KOBIETA;2;22317760
LÉOPOLDINE;KOBIETA;2;22317762
MAGALY;KOBIETA;2;22317764
BIRAY;KOBIETA;2;22317766
DIONI;KOBIETA;2;22317768
HAJEONG;KOBIETA;2;22317770
SOUSAN;KOBIETA;2;22317772
AISHET;KOBIETA;2;22317774
NI MADE RAI;KOBIETA;2;22317776
CÉLINA;KOBIETA;2;22317778
NAZ?YE;KOBIETA;2;22317780
KRYSTSIANA;KOBIETA;2;22317782
YADI;KOBIETA;2;22317784
KLAVDIJA;KOBIETA;2;22317786
MUYAO;KOBIETA;2;22317788
OBIANUJU;KOBIETA;2;22317790
GULZIRA;KOBIETA;2;22317792
PABAJ;KOBIETA;2;22317794
SUZUKA;KOBIETA;2;22317796
LUCIA-MIHAELA;KOBIETA;2;22317798
BAREKET;KOBIETA;2;22317800
ISAURE;KOBIETA;2;22317802
JESENIJA;KOBIETA;2;22317804
GULNARI;KOBIETA;2;22317806
THI NHIEN;KOBIETA;2;22317808
LEMIA;KOBIETA;2;22317810
EULADIA;KOBIETA;2;22317812
TRINE;KOBIETA;2;22317814
NADIR;KOBIETA;2;22317816
AINOUR;KOBIETA;2;22317818
OK JU;KOBIETA;2;22317820
TINH;KOBIETA;2;22317822
VIRDZHYNIIA;KOBIETA;2;22317824
KAREL;KOBIETA;2;22317826
MARITANA;KOBIETA;2;22317828
VIESIA;KOBIETA;2;22317830
DESY;KOBIETA;2;22317832
D?REN;KOBIETA;2;22317834
MARIIA-SVITLANA;KOBIETA;2;22317836
NOMATHAMSANQA;KOBIETA;2;22317838
MAVILIE;KOBIETA;2;22317840
RUKHSANA;KOBIETA;2;22317842
SUNAI;KOBIETA;2;22317844
ZOYAH;KOBIETA;2;22317846
VYRA;KOBIETA;2;22317848
DRORA;KOBIETA;2;22317850
FUMIKA;KOBIETA;2;22317852
ZIJING;KOBIETA;2;22317854
MOREBLESSING;KOBIETA;2;22317856
MARAH;KOBIETA;2;22317858
MIRTILL;KOBIETA;2;22317860
GILYA;KOBIETA;2;22317862
MARIA INMACULADA;KOBIETA;2;22317864
THI KIM PHUONG;KOBIETA;2;22317866
FILA;KOBIETA;2;22317868
THU TH?O;KOBIETA;2;22317870
JINGHUI;KOBIETA;2;22317872
ROUBA;KOBIETA;2;22317874
IZOVRA;KOBIETA;2;22317876
ISHWARI;KOBIETA;2;22317878
YOCHI;KOBIETA;2;22317880
DOCZKA;KOBIETA;2;22317882
SPIRIDULA;KOBIETA;2;22317884
ALORA;KOBIETA;2;22317886
TOWAKO;KOBIETA;2;22317888
MINAXI;KOBIETA;2;22317890
MAYBELLINE;KOBIETA;2;22317892
RAKHYL;KOBIETA;2;22317894
CHAROTHORN;KOBIETA;2;22317896
TUGSJARGAL;KOBIETA;2;22317898
ELIOT;KOBIETA;2;22317900
HANUSIA;KOBIETA;2;22317902
WERANIKA;KOBIETA;2;22317904
SUDENAZ;KOBIETA;2;22317906
MARIA-VIKTORIA;KOBIETA;2;22317908
THAEL;KOBIETA;2;22317910
YUEXIN;KOBIETA;2;22317912
WANGFEN;KOBIETA;2;22317914
XIAOSHUANG;KOBIETA;2;22317916
MEDEYA;KOBIETA;2;22317918
MARIE LOUISE;KOBIETA;2;22317920
ESSIE;KOBIETA;2;22317922
JALPABAHEN;KOBIETA;2;22317924
PRISCAH;KOBIETA;2;22317926
ANATOLII;KOBIETA;2;22317928
ASENIIA;KOBIETA;2;22317930
YAMEI;KOBIETA;2;22317932
XINLING;KOBIETA;2;22317934
ANASTACIYA;KOBIETA;2;22317936
KIRIL;KOBIETA;2;22317938
JAZMINA;KOBIETA;2;22317940
HEEKYUNG;KOBIETA;2;22317942
EYAL;KOBIETA;2;22317944
NARMATHA;KOBIETA;2;22317946
ONYSIA;KOBIETA;2;22317948
MZISADARI;KOBIETA;2;22317950
JUNGSUN;KOBIETA;2;22317952
MINJIA;KOBIETA;2;22317954
LUYING;KOBIETA;2;22317956
DANIIELLA;KOBIETA;2;22317958
ARUANA;KOBIETA;2;22317960
TUGÇE;KOBIETA;2;22317962
TSETSEG;KOBIETA;2;22317964
LOUANNE;KOBIETA;2;22317966
PRESLAVA;KOBIETA;2;22317968
SEUNGHYUN;KOBIETA;2;22317970
ALONUSHKA;KOBIETA;2;22317972
HYEONYOUNG;KOBIETA;2;22317974
SOPHIE-CHARLOTTE;KOBIETA;2;22317976
ROSALEEN;KOBIETA;2;22317978
D¯EMA;KOBIETA;2;22317980
LI-WEN;KOBIETA;2;22317982
IOLA;KOBIETA;2;22317984
LUKRÉCIA;KOBIETA;2;22317986
NEZAHAT;KOBIETA;2;22317988
DILAYLA;KOBIETA;2;22317990
PARNITA;KOBIETA;2;22317992
VIOLETT;KOBIETA;2;22317994
NIIA;KOBIETA;2;22317996
RUHI;KOBIETA;2;22317998
ANASTASSIJA;KOBIETA;2;22318000
L?CIJA;KOBIETA;2;22318002
WERDIANA;KOBIETA;2;22318004
EMBER;KOBIETA;2;22318006
YANFEN;KOBIETA;2;22318008
THAO LY;KOBIETA;2;22318010
JOLLY;KOBIETA;2;22318012
ARMANCE;KOBIETA;2;22318014
YEVA-ANHELINA;KOBIETA;2;22318016
MANGALA;KOBIETA;2;22318018
MORIN;KOBIETA;2;22318020
KHRYSTYNA-IRYNA;KOBIETA;2;22318022
SARADA;KOBIETA;2;22318024
JIA YI;KOBIETA;2;22318026
YAIRA;KOBIETA;2;22318028
BLESILDA;KOBIETA;2;22318030
NIUSIA;KOBIETA;2;22318032
KHARYTYNA;KOBIETA;2;22318034
NORIKA;KOBIETA;2;22318036
IVA;KOBIETA;2;22318038
MYRTE;KOBIETA;2;22318040
DEIA;KOBIETA;2;22318042
¯ANETTE;KOBIETA;2;22318044
TIFFANIE;KOBIETA;2;22318046
MEKLIT;KOBIETA;2;22318048
MANJIRI;KOBIETA;2;22318050
NISSY;KOBIETA;2;22318052
SANUBAR;KOBIETA;2;22318054
EWIN;KOBIETA;2;22318056
USCINNIA;KOBIETA;2;22318058
MUFARO;KOBIETA;2;22318060
MYEONGJI;KOBIETA;2;22318062
SMILT?;KOBIETA;2;22318064
DEKEL;KOBIETA;2;22318066
ANGELIYA;KOBIETA;2;22318068
MENIA;KOBIETA;2;22318070
SEOWOO;KOBIETA;2;22318072
SADIFE;KOBIETA;2;22318074
GULLU;KOBIETA;2;22318076
LENYA;KOBIETA;2;22318078
ERNITA;KOBIETA;2;22318080
JUNFANG;KOBIETA;2;22318082
KHANITTHA;KOBIETA;2;22318084
ELEONÓRA;KOBIETA;2;22318086
HSIU-MEI;KOBIETA;2;22318088
MAHAK;KOBIETA;2;22318090
NINIKO;KOBIETA;2;22318092
THI MINH HUONG;KOBIETA;2;22318094
WEIJUAN;KOBIETA;2;22318096
KATERYNA-DIANA;KOBIETA;2;22318098
MEICHEN;KOBIETA;2;22318100
LUTA;KOBIETA;2;22318102
BREE;KOBIETA;2;22318104
THI THU NGA;KOBIETA;2;22318106
ZIYAN;KOBIETA;2;22318108
ANFAL;KOBIETA;2;22318110
BIANCA-OANA;KOBIETA;2;22318112
RAYOON;KOBIETA;2;22318114
AMMIE;KOBIETA;2;22318116
CHUI;KOBIETA;2;22318118
ZULPIA;KOBIETA;2;22318120
CHUNHUA;KOBIETA;2;22318122
WALBORGA;KOBIETA;2;22318124
YUPHA;KOBIETA;2;22318126
ISABELITA;KOBIETA;2;22318128
RAJAN;KOBIETA;2;22318130
LINGHUI;KOBIETA;2;22318132
NAZ?FE;KOBIETA;2;22318134
GUENDALINA;KOBIETA;2;22318136
REGLA;KOBIETA;2;22318138
ANGELA DEL CARMEN;KOBIETA;2;22318140
JIARONG;KOBIETA;2;22318142
CWETANA;KOBIETA;2;22318144
KIRI;KOBIETA;2;22318146
JANNY;KOBIETA;2;22318148
CHAOYUAN;KOBIETA;2;22318150
JUWON;KOBIETA;2;22318152
JINFENG;KOBIETA;2;22318154
RAYAH;KOBIETA;2;22318156
SUZZANA;KOBIETA;2;22318158
HADIYA;KOBIETA;2;22318160
GISLINDA;KOBIETA;2;22318162
TYANNA;KOBIETA;2;22318164
DAPHN?;KOBIETA;2;22318166
SIBELLA;KOBIETA;2;22318168
SVIYLANA;KOBIETA;2;22318170
NHAI;KOBIETA;2;22318172
THI NGOC TRANG;KOBIETA;2;22318174
MISZELINA;KOBIETA;2;22318176
KATERINI;KOBIETA;2;22318178
NOKUTHABA;KOBIETA;2;22318180
ANANIA;KOBIETA;2;22318182
GYUZEL;KOBIETA;2;22318184
KHEYRANSA;KOBIETA;2;22318186
SHIZUKU;KOBIETA;2;22318188
RUAA;KOBIETA;2;22318190
SEZIN;KOBIETA;2;22318192
MIHOKO;KOBIETA;2;22318194
JASTINE;KOBIETA;2;22318196
YANIT;KOBIETA;2;22318198
HYORIM;KOBIETA;2;22318200
SWASTI;KOBIETA;2;22318202
OYUNPUREV;KOBIETA;2;22318204
BATUL;KOBIETA;2;22318206
CHARLLOTE;KOBIETA;2;22318208
TH? HI?U;KOBIETA;2;22318210
RUMBIDZO;KOBIETA;2;22318212
TH? MONG;KOBIETA;2;22318214
MARY JEAN;KOBIETA;2;22318216
?NC?NUR;KOBIETA;2;22318218
SUKHORUKOVA;KOBIETA;2;22318220
MASARRA;KOBIETA;2;22318222
YUMO;KOBIETA;2;22318224
AYAMI;KOBIETA;2;22318226
SULU;KOBIETA;2;22318228
TOSHIE;KOBIETA;2;22318230
DONJETA;KOBIETA;2;22318232
GIULSUM;KOBIETA;2;22318234
ORDANA;KOBIETA;2;22318236
YLIYA;KOBIETA;2;22318238
BYKOVA;KOBIETA;2;22318240
DUMITRIJA;KOBIETA;2;22318242
VARBARA;KOBIETA;2;22318244
LIESL;KOBIETA;2;22318246
WEITING;KOBIETA;2;22318248
JUNI;KOBIETA;2;22318250
NAGHMEH;KOBIETA;2;22318252
CELEDONIA;KOBIETA;2;22318254
DAKSHA;KOBIETA;2;22318256
TERANE;KOBIETA;2;22318258
MARICOR;KOBIETA;2;22318260
NES?BE;KOBIETA;2;22318262
DAMIANNA;KOBIETA;2;22318264
IUMZHANA;KOBIETA;2;22318266
TASSIA;KOBIETA;2;22318268
SIHONG;KOBIETA;2;22318270
JÓZEFATA;KOBIETA;2;22318272
HIROE;KOBIETA;2;22318274
LIGAYA;KOBIETA;2;22318276
RATIH;KOBIETA;2;22318278
HÜDA;KOBIETA;2;22318280
ADRYANA;KOBIETA;2;22318282
ANSAF;KOBIETA;2;22318284
HASSNAA;KOBIETA;2;22318286
YOUNGJI;KOBIETA;2;22318288
YUNO;KOBIETA;2;22318290
YANNING;KOBIETA;2;22318292
?MGE;KOBIETA;2;22318294
ADELHAIDA;KOBIETA;2;22318296
LUCHERIA;KOBIETA;2;22318298
DANILIA;KOBIETA;2;22318300
BELLATRIX;KOBIETA;2;22318302
LAMIAE;KOBIETA;2;22318304
TUYANA;KOBIETA;2;22318306
YAGNA;KOBIETA;2;22318308
D¯ENY;KOBIETA;2;22318310
WENHUA;KOBIETA;2;22318312
DANETTA;KOBIETA;2;22318314
SANCHITA;KOBIETA;2;22318316
ANALAURA;KOBIETA;2;22318318
JONITA;KOBIETA;2;22318320
KEITA;KOBIETA;2;22318322
RITSA;KOBIETA;2;22318324
PARAM;KOBIETA;2;22318326
LIUDMIYLA;KOBIETA;2;22318328
FANIJA;KOBIETA;2;22318330
ZORES£AWA;KOBIETA;2;22318332
AILENE;KOBIETA;2;22318334
M?;KOBIETA;2;22318336
MIHAELA-ANDREEA;KOBIETA;2;22318338
CRISTEL;KOBIETA;2;22318340
IVANNA-ANASTASIIA;KOBIETA;2;22318342
SHAHANAZ;KOBIETA;2;22318344
BOSMAT;KOBIETA;2;22318346
ASNA;KOBIETA;2;22318348
MANDEEP KAUR;KOBIETA;2;22318350
KAAYA;KOBIETA;2;22318352
YUHENG;KOBIETA;2;22318354
SAIKAL;KOBIETA;2;22318356
MAIADA;KOBIETA;2;22318358
MARITANNA;KOBIETA;2;22318360
JAWARIA;KOBIETA;2;22318362
ZAYN;KOBIETA;2;22318364
ILAIA;KOBIETA;2;22318366
NATTAPORN;KOBIETA;2;22318368
DAISY-MAY;KOBIETA;2;22318370
TKHU;KOBIETA;2;22318372
STIEFANIIA;KOBIETA;2;22318374
RASHIM;KOBIETA;2;22318376
AYANNA;KOBIETA;2;22318378
AINÉ;KOBIETA;2;22318380
ANTISAR;KOBIETA;2;22318382
HOANG MAI;KOBIETA;2;22318384
ELMÍRA;KOBIETA;2;22318386
NORINA;KOBIETA;2;22318388
OPHÉLIA;KOBIETA;2;22318390
HALETA;KOBIETA;2;22318392
ELLIOT;KOBIETA;2;22318394
LINGYUN;KOBIETA;2;22318396
MARINEL;KOBIETA;2;22318398
MOU;KOBIETA;2;22318400
DUNIASZA;KOBIETA;2;22318402
CARLIJN;KOBIETA;2;22318404
ANNORA;KOBIETA;2;22318406
HONGMI;KOBIETA;2;22318408
PERIS;KOBIETA;2;22318410
DANIYELA;KOBIETA;2;22318412
SHAMIRA;KOBIETA;2;22318414
MAH RUKH;KOBIETA;2;22318416
BENIGIA;KOBIETA;2;22318418
YUNTING;KOBIETA;2;22318420
AHRYPYNA;KOBIETA;2;22318422
DI?P;KOBIETA;2;22318424
ZARGALAM;KOBIETA;2;22318426
ZARANA;KOBIETA;2;22318428
ANRI;KOBIETA;2;22318430
DIANA-MARTA;KOBIETA;2;22318432
HUNEL;KOBIETA;2;22318434
JULINA;KOBIETA;2;22318436
AIGA;KOBIETA;2;22318438
TH? SÁU;KOBIETA;2;22318440
DMITRO;KOBIETA;2;22318442
BIPANA;KOBIETA;2;22318444
BINDI;KOBIETA;2;22318446
GILLIANE;KOBIETA;2;22318448
BEAUTY;KOBIETA;2;22318450
NISRIN;KOBIETA;2;22318452
CARLIN;KOBIETA;2;22318454
SARAH-LOUISE;KOBIETA;2;22318456
IRHA;KOBIETA;2;22318458
MARYAME;KOBIETA;2;22318460
MELLA;KOBIETA;2;22318462
SHELTER;KOBIETA;2;22318464
LIEN HOA;KOBIETA;2;22318466
ABIOLA;KOBIETA;2;22318468
NICAISE;KOBIETA;2;22318470
SVITANA;KOBIETA;2;22318472
MARCZELLA;KOBIETA;2;22318474
CALEIGH;KOBIETA;2;22318476
ISHEANOPA;KOBIETA;2;22318478
NEKO;KOBIETA;2;22318480
SUCCESS;KOBIETA;2;22318482
SAE;KOBIETA;2;22318484
JAKLINA;KOBIETA;2;22318486
IEGANA;KOBIETA;2;22318488
QIAOLING;KOBIETA;2;22318490
THOAN;KOBIETA;2;22318492
ALFINA;KOBIETA;2;22318494
HAVIVA;KOBIETA;2;22318496
PADMA;KOBIETA;2;22318498
ELLIANNA;KOBIETA;2;22318500
RUIXIN;KOBIETA;2;22318502
VELYZAVETA;KOBIETA;2;22318504
RABIAH;KOBIETA;2;22318506
BAIARMA;KOBIETA;2;22318508
YUNAH;KOBIETA;2;22318510
TH? M?;KOBIETA;2;22318512
ALA?A;KOBIETA;2;22318514
CHUNYUE;KOBIETA;2;22318516
JASEMINA;KOBIETA;2;22318518
CAO K? DUY?N;KOBIETA;2;22318520
VESILA;KOBIETA;2;22318522
THI KIM THU;KOBIETA;2;22318524
LILLIANN;KOBIETA;2;22318526
ANWEN;KOBIETA;2;22318528
ANULKA;KOBIETA;2;22318530
ZAINABBIBI;KOBIETA;2;22318532
JESTINA;KOBIETA;2;22318534
RUOYAN;KOBIETA;2;22318536
ATIN;KOBIETA;2;22318538
SAYORA;KOBIETA;2;22318540
PUTI;KOBIETA;2;22318542
TITOVA;KOBIETA;2;22318544
MEHRNAZ;KOBIETA;2;22318546
AMARI;KOBIETA;2;22318548
KHÁNH;KOBIETA;2;22318550
SHAKUNTALA;KOBIETA;2;22318552
LANLAN;KOBIETA;2;22318554
¯ARMENA;KOBIETA;2;22318556
MARIA PAULA;KOBIETA;2;22318558
HADDAS;KOBIETA;2;22318560
VISHIKA;KOBIETA;2;22318562
HO?N;KOBIETA;2;22318564
ZIYANDA;KOBIETA;2;22318566
CODY;KOBIETA;2;22318568
SOFO;KOBIETA;2;22318570
NESL?ªAH;KOBIETA;2;22318572
TH? THU H?NG;KOBIETA;2;22318574
GAFIIA;KOBIETA;2;22318576
IN?S;KOBIETA;2;22318578
ÉLISA;KOBIETA;2;22318580
HALIMATU;KOBIETA;2;22318582
SHIRINE;KOBIETA;2;22318584
HILLECHIEN;KOBIETA;2;22318586
MAHALAXMI;KOBIETA;2;22318588
CVITLANA;KOBIETA;2;22318590
RHIANN;KOBIETA;2;22318592
ERNI;KOBIETA;2;22318594
DIVIYA;KOBIETA;2;22318596
ANIE;KOBIETA;2;22318598
KEERTI;KOBIETA;2;22318600
GULIAZ;KOBIETA;2;22318602
IEVHENIA;KOBIETA;2;22318604
AYLINE;KOBIETA;2;22318606
MAGGY;KOBIETA;2;22318608
SANDUGASH;KOBIETA;2;22318610
ANA MARÍA;KOBIETA;2;22318612
SEONGEUN;KOBIETA;2;22318614
ªAFAK;KOBIETA;2;22318616
HANJA;KOBIETA;2;22318618
ZALATA;KOBIETA;2;22318620
PATRITIA;KOBIETA;2;22318622
ESENIJA;KOBIETA;2;22318624
MATENIA;KOBIETA;2;22318626
SOONJUNG;KOBIETA;2;22318628
SAMFORIA;KOBIETA;2;22318630
BANGON;KOBIETA;2;22318632
SHOLA;KOBIETA;2;22318634
NEPOMUCENA;KOBIETA;2;22318636
KELLY-ANN;KOBIETA;2;22318638
AFREEN;KOBIETA;2;22318640
VYKTORYIA;KOBIETA;2;22318642
HONGZHEN;KOBIETA;2;22318644
PHUONG TRINH;KOBIETA;2;22318646
YASUMIN;KOBIETA;2;22318648
TSAFRIRA;KOBIETA;2;22318650
MAMATA;KOBIETA;2;22318652
MALLORY;KOBIETA;2;22318654
YI-CHEN;KOBIETA;2;22318656
AIYAN;KOBIETA;2;22318658
KYOUNG;KOBIETA;2;22318660
MARLISA;KOBIETA;2;22318662
SEO HYUN;KOBIETA;2;22318664
YANINA-SOFIYA;KOBIETA;2;22318666
RABHA;KOBIETA;2;22318668
MARCEL;KOBIETA;2;22318670
AJIBOLA;KOBIETA;2;22318672
DILIA;KOBIETA;2;22318674
LINGYAN;KOBIETA;2;22318676
VOLIANIUK;KOBIETA;2;22318678
DAMINA;KOBIETA;2;22318680
SUPRITHA;KOBIETA;2;22318682
SADHBH;KOBIETA;2;22318684
GAEL;KOBIETA;2;22318686
LANYING;KOBIETA;2;22318688
TULASA;KOBIETA;2;22318690
ERENA;KOBIETA;2;22318692
SOF?A;KOBIETA;2;22318694
IVANESA;KOBIETA;2;22318696
TEMILOLA;KOBIETA;2;22318698
SÜMEYYA;KOBIETA;2;22318700
YOULAN;KOBIETA;2;22318702
DARIEN;KOBIETA;2;22318704
IZAWETTA;KOBIETA;2;22318706
CHIMNAZ;KOBIETA;2;22318708
SHIVI;KOBIETA;2;22318710
SCHANAJA;KOBIETA;2;22318712
LIWEN;KOBIETA;2;22318714
YU-WEN;KOBIETA;2;22318716
MASAL;KOBIETA;2;22318718
NAFI;KOBIETA;2;22318720
TEREZJA;KOBIETA;2;22318722
DOUDOU;KOBIETA;2;22318724
MAILYS;KOBIETA;2;22318726
NAMSRAI;KOBIETA;2;22318728
TATUM;KOBIETA;2;22318730
TH? M? LINH;KOBIETA;2;22318732
HEEYEON;KOBIETA;2;22318734
ROZAMUNDA;KOBIETA;2;22318736
MIKELINA;KOBIETA;2;22318738
JOCELIN;KOBIETA;2;22318740
KAETHE;KOBIETA;2;22318742
ALLENA;KOBIETA;2;22318744
JINGRU;KOBIETA;2;22318746
THI BICH HA;KOBIETA;2;22318748
KALIERIIA;KOBIETA;2;22318750
OYUNZUL;KOBIETA;2;22318752
THI TRI;KOBIETA;2;22318754
DZVENYSLAVA-MARIIA;KOBIETA;2;22318756
LEEOR;KOBIETA;2;22318758
ZILLA;KOBIETA;2;22318760
SUONG;KOBIETA;2;22318762
JOANETTA;KOBIETA;2;22318764
NERIA;KOBIETA;2;22318766
HARIPRIYA;KOBIETA;2;22318768
RATCHANOK;KOBIETA;2;22318770
KHASRA;KOBIETA;2;22318772
NIVETHA;KOBIETA;2;22318774
LESANA;KOBIETA;2;22318776
WASELINA;KOBIETA;2;22318778
KULYNA;KOBIETA;2;22318780
ELILA;KOBIETA;2;22318782
MANOLIA;KOBIETA;2;22318784
JINGTONG;KOBIETA;2;22318786
MANIJEH;KOBIETA;2;22318788
GINETTA;KOBIETA;2;22318790
BANG;KOBIETA;2;22318792
CRISEL;KOBIETA;2;22318794
DELIGHT;KOBIETA;2;22318796
DOMINO;KOBIETA;2;22318798
BERITA;KOBIETA;2;22318800
OXSANA;KOBIETA;2;22318802
NALENTYNA;KOBIETA;2;22318804
NEZHLYAN;KOBIETA;2;22318806
FIONAH;KOBIETA;2;22318808
CHESHTA;KOBIETA;2;22318810
KATSIARINA;KOBIETA;2;22318812
AKBOPE;KOBIETA;2;22318814
OGHENEFEJIRO;KOBIETA;2;22318816
SAFIYYA;KOBIETA;2;22318818
DARIYNA;KOBIETA;2;22318820
YANTING;KOBIETA;2;22318822
MINGMAR;KOBIETA;2;22318824
SAOWANEE;KOBIETA;2;22318826
CELY;KOBIETA;2;22318828
LEEMA;KOBIETA;2;22318830
FURONG;KOBIETA;2;22318832
YEVANHELYNA;KOBIETA;2;22318834
YOUNGSIN;KOBIETA;2;22318836
FRANCE;KOBIETA;2;22318838
IRAN;KOBIETA;2;22318840
MANJA;KOBIETA;2;22318842
ROBA;KOBIETA;2;22318844
EDBURGA;KOBIETA;2;22318846
MARIANNA-YULIIA;KOBIETA;2;22318848
YOON MI;KOBIETA;2;22318850
VISIA;KOBIETA;2;22318852
YINGJIAO;KOBIETA;2;22318854
GRYZYLDA;KOBIETA;2;22318856
HONGDI;KOBIETA;2;22318858
MRIIA;KOBIETA;2;22318860
HÜSNE;KOBIETA;2;22318862
TH? NG?C MINH;KOBIETA;2;22318864
DIGDEM;KOBIETA;2;22318866
ROCSANA;KOBIETA;2;22318868
SHENAH;KOBIETA;2;22318870
MALYKA;KOBIETA;2;22318872
KYUNGEUN;KOBIETA;2;22318874
ASKIM;KOBIETA;2;22318876
YEOJIN;KOBIETA;2;22318878
ATENEA;KOBIETA;2;22318880
SHYRA;KOBIETA;2;22318882
KAYLYNN;KOBIETA;2;22318884
EVELIM;KOBIETA;2;22318886
DHRUVI;KOBIETA;2;22318888
KLARA-MARIA;KOBIETA;2;22318890
RICHEL;KOBIETA;2;22318892
NABIHAH;KOBIETA;2;22318894
SOLVITA;KOBIETA;2;22318896
ISABELE;KOBIETA;2;22318898
DOBROSU£KA;KOBIETA;2;22318900
SAHEL;KOBIETA;2;22318902
SHIENA;KOBIETA;2;22318904
ANNA-BOZHENA;KOBIETA;2;22318906
NAANA;KOBIETA;2;22318908
ZE;KOBIETA;2;22318910
TH? TH?M;KOBIETA;2;22318912
GHANI;KOBIETA;2;22318914
ASIYAH;KOBIETA;2;22318916
STEPANCHUK;KOBIETA;2;22318918
MIEDINA;KOBIETA;2;22318920
LATASHA;KOBIETA;2;22318922
BURULSUN;KOBIETA;2;22318924
SHUYA;KOBIETA;2;22318926
LUYAO;KOBIETA;2;22318928
MARIIA-VITA;KOBIETA;2;22318930
IREMSU;KOBIETA;2;22318932
PATRA;KOBIETA;2;22318934
SAMRUDDHI;KOBIETA;2;22318936
BER?KA;KOBIETA;2;22318938
AJENG;KOBIETA;2;22318940
ZHANNA-YELYZAVETA;KOBIETA;2;22318942
MANZAR;KOBIETA;2;22318944
GETRUDE;KOBIETA;2;22318946
MENGRU;KOBIETA;2;22318948
NAZIMA;KOBIETA;2;22318950
HEA;KOBIETA;2;22318952
YUKIYO;KOBIETA;2;22318954
LYSE;KOBIETA;2;22318956
HARSHALI;KOBIETA;2;22318958
KINJALBEN;KOBIETA;2;22318960
UMUBYEYI;KOBIETA;2;22318962
PAILIN;KOBIETA;2;22318964
MARINJELA;KOBIETA;2;22318966
SEUNG EUN;KOBIETA;2;22318968
NG?C BÍCH;KOBIETA;2;22318970
ANI?OARA;KOBIETA;2;22318972
ANUARITA;KOBIETA;2;22318974
ARICIA;KOBIETA;2;22318976
JAANA;KOBIETA;2;22318978
MARIFEL;KOBIETA;2;22318980
EUN AH;KOBIETA;2;22318982
YUIKO;KOBIETA;2;22318984
MARISKA;KOBIETA;2;22318986
AMADA;KOBIETA;2;22318988
BAIRA;KOBIETA;2;22318990
CHANDINI;KOBIETA;2;22318992
MENGFAN;KOBIETA;2;22318994
JESAL;KOBIETA;2;22318996
THI NHAI;KOBIETA;2;22318998
CHUNZHU;KOBIETA;2;22319000
XIYUN;KOBIETA;2;22319002
PARVATHY;KOBIETA;2;22319004
NAHO;KOBIETA;2;22319006
NEV?N;KOBIETA;2;22319008
VERIDIANA;KOBIETA;2;22319010
ESHANA;KOBIETA;2;22319012
LUMA;KOBIETA;2;22319014
AKADIA;KOBIETA;2;22319016
AKSHATA;KOBIETA;2;22319018
YULIANG;KOBIETA;2;22319020
HAMIN;KOBIETA;2;22319022
HADDY;KOBIETA;2;22319024
NYIMA;KOBIETA;2;22319026
YOON JUNG;KOBIETA;2;22319028
ISHANVI;KOBIETA;2;22319030
JAYALAKSHMI;KOBIETA;2;22319032
YANNI;KOBIETA;2;22319034
UMAPORN;KOBIETA;2;22319036
MALITA;KOBIETA;2;22319038
CERASELA;KOBIETA;2;22319040
JELIZABETA;KOBIETA;2;22319042
ILANIIA;KOBIETA;2;22319044
BELGIN;KOBIETA;2;22319046
AVNEET;KOBIETA;2;22319048
ELSHANA;KOBIETA;2;22319050
PUDENCJANNA;KOBIETA;2;22319052
CHUNHUI;KOBIETA;2;22319054
MARYCA;KOBIETA;2;22319056
AALEYAH;KOBIETA;2;22319058
SHELALE;KOBIETA;2;22319060
FEIYI;KOBIETA;2;22319062
SITHABILE;KOBIETA;2;22319064
?ZEL;KOBIETA;2;22319066
YAFANG;KOBIETA;2;22319068
CHING-MEI;KOBIETA;2;22319070
BEENU;KOBIETA;2;22319072
LAURA-ELENA;KOBIETA;2;22319074
ASSYLAY;KOBIETA;2;22319076
ARAKSI;KOBIETA;2;22319078
GIULBANIZ;KOBIETA;2;22319080
MARYTTA;KOBIETA;2;22319082
SHARDA;KOBIETA;2;22319084
KONSTANTINIA;KOBIETA;2;22319086
FANIIA;KOBIETA;2;22319088
SHUNMATHI;KOBIETA;2;22319090
ANDRYIANA;KOBIETA;2;22319092
BOGUMIRA;KOBIETA;2;22319094
WASILO;KOBIETA;2;22319096
MISCHELLE;KOBIETA;2;22319098
KONSUELLO;KOBIETA;2;22319100
ZHONGZHU;KOBIETA;2;22319102
VESNIANA;KOBIETA;2;22319104
MAURICETTE;KOBIETA;2;22319106
DIDAR;KOBIETA;2;22319108
JONG GUM;KOBIETA;2;22319110
KRISTIANE;KOBIETA;2;22319112
TEVEL;KOBIETA;2;22319114
HA MI;KOBIETA;2;22319116
YEABSRA;KOBIETA;2;22319118
CIMEN;KOBIETA;2;22319120
AN¯ELITA;KOBIETA;2;22319122
HIMA;KOBIETA;2;22319124
NARGILA;KOBIETA;2;22319126
DOROFEIA;KOBIETA;2;22319128
YEHELI;KOBIETA;2;22319130
RUOFEI;KOBIETA;2;22319132
ÇINAR;KOBIETA;2;22319134
GISLAINE;KOBIETA;2;22319136
EVRE;KOBIETA;2;22319138
D¯AMAJKA;KOBIETA;2;22319140
MALAHAT;KOBIETA;2;22319142
ZULPHIA;KOBIETA;2;22319144
AMMY;KOBIETA;2;22319146
ULDUZA;KOBIETA;2;22319148
GANDAB;KOBIETA;2;22319150
JANAKI;KOBIETA;2;22319152
LE THUY LINH;KOBIETA;2;22319154
LENGINA;KOBIETA;2;22319156
HUAXI;KOBIETA;2;22319158
KALSOOM;KOBIETA;2;22319160
HANEUL;KOBIETA;2;22319162
SMARAGDA;KOBIETA;2;22319164
TRAUTEL;KOBIETA;2;22319166
LODA;KOBIETA;2;22319168
KORYNNA;KOBIETA;2;22319170
ENISSA;KOBIETA;2;22319172
MELIANA;KOBIETA;2;22319174
MAITRI;KOBIETA;2;22319176
HNIN;KOBIETA;2;22319178
GIULSHAN;KOBIETA;2;22319180
KOHARU;KOBIETA;2;22319182
KALISI;KOBIETA;2;22319184
LAUMA;KOBIETA;2;22319186
DOMINGO;KOBIETA;2;22319188
MEHHI;KOBIETA;2;22319190
LAZARA;KOBIETA;2;22319192
YOONJIN;KOBIETA;2;22319194
ULYA;KOBIETA;2;22319196
SPECIOSE;KOBIETA;2;22319198
LISKA;KOBIETA;2;22319200
EL?FNUR;KOBIETA;2;22319202
AZIZAKHON;KOBIETA;2;22319204
YUSNIE;KOBIETA;2;22319206
NOVELYN;KOBIETA;2;22319208
DEYANIRA;KOBIETA;2;22319210
NUALA;KOBIETA;2;22319212
RAMATA;KOBIETA;2;22319214
XUANYI;KOBIETA;2;22319216
LESIYA;KOBIETA;2;22319218
GAYATRIBEN;KOBIETA;2;22319220
EKO;KOBIETA;2;22319222
HAILEE;KOBIETA;2;22319224
ANDISWA;KOBIETA;2;22319226
ROSSALIE;KOBIETA;2;22319228
KAYCEE;KOBIETA;2;22319230
ZIPPORAH;KOBIETA;2;22319232
SANCHI;KOBIETA;2;22319234
MEKHPARA;KOBIETA;2;22319236
HEMAVATHY;KOBIETA;2;22319238
TAIISIIA;KOBIETA;2;22319240
ELSABET;KOBIETA;2;22319242
YEJOO;KOBIETA;2;22319244
LAURENZIA;KOBIETA;2;22319246
SAB?HA;KOBIETA;2;22319248
PEPPER;KOBIETA;2;22319250
JEVGENIIA;KOBIETA;2;22319252
FABRYCJA;KOBIETA;2;22319254
ANNA-MARIANA;KOBIETA;2;22319256
LISE-LOTTE;KOBIETA;2;22319258
TH? THANH H??NG;KOBIETA;2;22319260
?EBNEM;KOBIETA;2;22319262
MINZILIA;KOBIETA;2;22319264
HENRIIETTA;KOBIETA;2;22319266
DZHULIANA;KOBIETA;2;22319268
FRANCIELLE;KOBIETA;2;22319270
VIYA;KOBIETA;2;22319272
CHINA;KOBIETA;2;22319274
SIBILIA;KOBIETA;2;22319276
AINI;KOBIETA;2;22319278
TSOFIT;KOBIETA;2;22319280
UYEN NHU;KOBIETA;2;22319282
HADER;KOBIETA;2;22319284
TEN;KOBIETA;2;22319286
SEM?HA;KOBIETA;2;22319288
MARYAMALSADAT;KOBIETA;2;22319290
TURACH;KOBIETA;2;22319292
LIETA;KOBIETA;2;22319294
SULINA;KOBIETA;2;22319296
EDELYN;KOBIETA;2;22319298
AMAWASRI;KOBIETA;2;22319300
RUKMINI;KOBIETA;2;22319302
SHIFA;KOBIETA;2;22319304
SAYEDA;KOBIETA;2;22319306
GAVKHAR;KOBIETA;2;22319308
NADEGDA;KOBIETA;2;22319310
TH? V??NG;KOBIETA;2;22319312
MICHESLAVA;KOBIETA;2;22319314
LERATO;KOBIETA;2;22319316
WANGSHU;KOBIETA;2;22319318
YONGQIN;KOBIETA;2;22319320
ETY;KOBIETA;2;22319322
RAEDA;KOBIETA;2;22319324
TRINA;KOBIETA;2;22319326
PHEBE;KOBIETA;2;22319328
MALISSA;KOBIETA;2;22319330
ªEYMANUR;KOBIETA;2;22319332
LINDOKUHLE;KOBIETA;2;22319334
THI THUY NGA;KOBIETA;2;22319336
ELANNA;KOBIETA;2;22319338
GYULNAR;KOBIETA;2;22319340
SHAYLEE;KOBIETA;2;22319342
TEWABECH;KOBIETA;2;22319344
NALALIIA;KOBIETA;2;22319346
SOOJEONG;KOBIETA;2;22319348
MINSUN;KOBIETA;2;22319350
JI SEON;KOBIETA;2;22319352
ELAIDA;KOBIETA;2;22319354
D¯ERSIKA;KOBIETA;2;22319356
DANIL;KOBIETA;2;22319358
BEDR?YE;KOBIETA;2;22319360
CAMILLIA;KOBIETA;2;22319362
SINDIIA;KOBIETA;2;22319364
VIKTORIIA-IVANNA;KOBIETA;2;22319366
DAFNÉ;KOBIETA;2;22319368
GÜLISTAN;KOBIETA;2;22319370
MAHAM;KOBIETA;2;22319372
XIUYU;KOBIETA;2;22319374
FERDYNARDA;KOBIETA;2;22319376
KIM VÂN;KOBIETA;2;22319378
WARAPORN;KOBIETA;2;22319380
RAMIRA;KOBIETA;2;22319382
GURVEER;KOBIETA;2;22319384
YUEYUE;KOBIETA;2;22319386
SIOBHÁN;KOBIETA;2;22319388
SHUANGYU;KOBIETA;2;22319390
HANIYEH;KOBIETA;2;22319392
SEWDA;KOBIETA;2;22319394
KRYSTJANA;KOBIETA;2;22319396
SANCHARI;KOBIETA;2;22319398
DIUNA;KOBIETA;2;22319400
TOMIKO;KOBIETA;2;22319402
MITSUE;KOBIETA;2;22319404
AYBEN;KOBIETA;2;22319406
JARDENA;KOBIETA;2;22319408
BASIMA;KOBIETA;2;22319410
SAB?NE;KOBIETA;2;22319412
MAILEN;KOBIETA;2;22319414
ADELA?DE;KOBIETA;2;22319416
GEN?;KOBIETA;2;22319418
SNJE¯ANA;KOBIETA;2;22319420
SIMONNE;KOBIETA;2;22319422
UMUT;KOBIETA;2;22319424
ALKETA;KOBIETA;2;22319426
JASNOOR;KOBIETA;2;22319428
JAEA;KOBIETA;2;22319430
BATKHISHIG;KOBIETA;2;22319432
SOHILA;KOBIETA;2;22319434
NIVETHITHA;KOBIETA;2;22319436
STELLAH;KOBIETA;2;22319438
WENFEN;KOBIETA;2;22319440
ZENONNIA;KOBIETA;2;22319442
ORIANNE;KOBIETA;2;22319444
SÜMER;KOBIETA;2;22319446
JENG;KOBIETA;2;22319448
DAMRAWA;KOBIETA;2;22319450
TIGRANUHI;KOBIETA;2;22319452
FEMA;KOBIETA;2;22319454
NU;KOBIETA;2;22319456
BRANCA;KOBIETA;2;22319458
YOONJOO;KOBIETA;2;22319460
BOITUMELO;KOBIETA;2;22319462
NOUF;KOBIETA;2;22319464
GORANA;KOBIETA;2;22319466
SÉGOL?NE;KOBIETA;2;22319468
ERSYLIA;KOBIETA;2;22319470
INIS;KOBIETA;2;22319472
GEA;KOBIETA;2;22319474
FUL;KOBIETA;2;22319476
MARIIA-BOHDANA;KOBIETA;2;22319478
GULALEK;KOBIETA;2;22319480
AFËRDITA;KOBIETA;2;22319482
JOSPHINE;KOBIETA;2;22319484
JINNA;KOBIETA;2;22319486
FEDORCHUK;KOBIETA;2;22319488
AMELLIE;KOBIETA;2;22319490
NEKTAR;KOBIETA;2;22319492
JOSEE;KOBIETA;2;22319494
BAYARJARGAL;KOBIETA;2;22319496
LEKA;KOBIETA;2;22319498
SHALEEN;KOBIETA;2;22319500
HAIZEA;KOBIETA;2;22319502
VASYLYNA-YULIIA;KOBIETA;2;22319504
AYPERI;KOBIETA;2;22319506
LOVELEEN;KOBIETA;2;22319508
JO-ANNE;KOBIETA;2;22319510
ASTRELLA;KOBIETA;2;22319512
MUSLIMAKHON;KOBIETA;2;22319514
HYEYOON;KOBIETA;2;22319516
MAE ANN;KOBIETA;2;22319518
YEVFROSINIIA;KOBIETA;2;22319520
LIVBOV;KOBIETA;2;22319522
VENERACION;KOBIETA;2;22319524
BUNAFSHA;KOBIETA;2;22319526
BAGDAGIUL;KOBIETA;2;22319528
¯EROS£AWA;KOBIETA;2;22319530
NIKHITHA;KOBIETA;2;22319532
SIBELE;KOBIETA;2;22319534
ENKHMEND;KOBIETA;2;22319536
DIRKJE;KOBIETA;2;22319538
AMEA;KOBIETA;2;22319540
THI XUÂN;KOBIETA;2;22319542
BERRE;KOBIETA;2;22319544
PHATTRANIT;KOBIETA;2;22319546
SUNGAE;KOBIETA;2;22319548
AREHA;KOBIETA;2;22319550
FRYMA;KOBIETA;2;22319552
MEIYU;KOBIETA;2;22319554
TH? THANH TH?O;KOBIETA;2;22319556
M?HR?MAH;KOBIETA;2;22319558
SOJI;KOBIETA;2;22319560
ABISOLA;KOBIETA;2;22319562
KAYLEY;KOBIETA;2;22319564
JOOYEON;KOBIETA;2;22319566
PRADA;KOBIETA;2;22319568
ARZUM;KOBIETA;2;22319570
MICHALLE;KOBIETA;2;22319572
SHAYLIN;KOBIETA;2;22319574
H?NG ANH;KOBIETA;2;22319576
UN OK;KOBIETA;2;22319578
LUMEI;KOBIETA;2;22319580
ELIBETH;KOBIETA;2;22319582
IRMAGARDA;KOBIETA;2;22319584
JELISA;KOBIETA;2;22319586
ESTELITA;KOBIETA;2;22319588
YUNETTA;KOBIETA;2;22319590
KALUDA;KOBIETA;2;22319592
KALTRINA;KOBIETA;2;22319594
B£A¯YNA;KOBIETA;2;22319596
ERJONA;KOBIETA;2;22319598
EUN A;KOBIETA;2;22319600
PHILOMINA;KOBIETA;2;22319602
MARTA-ANASTASIIA;KOBIETA;2;22319604
JUSTIN;KOBIETA;2;22319606
ZASMIN;KOBIETA;2;22319608
VINODHINI;KOBIETA;2;22319610
XIAOYUAN;KOBIETA;2;22319612
XIANGHUA;KOBIETA;2;22319614
FIREHIWOT;KOBIETA;2;22319616
RUDO;KOBIETA;2;22319618
SHUBHA;KOBIETA;2;22319620
MODUPE;KOBIETA;2;22319622
RUIJIAO;KOBIETA;2;22319624
GONY;KOBIETA;2;22319626
DI?P;KOBIETA;2;22319628
CHARIS;KOBIETA;2;22319630
EQRA;KOBIETA;2;22319632
WIESIA;KOBIETA;2;22319634
ROSHANAK;KOBIETA;2;22319636
SOFIIA-MYKHAILYNA;KOBIETA;2;22319638
CHANELE;KOBIETA;2;22319640
CORNELIA-GEORGIANA;KOBIETA;2;22319642
ZLATANA;KOBIETA;2;22319644
XENIIA;KOBIETA;2;22319646
LIUCYNA;KOBIETA;2;22319648
TYFANY;KOBIETA;2;22319650
RASHIDAT;KOBIETA;2;22319652
JUSTE;KOBIETA;2;22319654
BENIA;KOBIETA;2;22319656
IDELA;KOBIETA;2;22319658
ANNE-FRANÇOISE;KOBIETA;2;22319660
RIJUL;KOBIETA;2;22319662
MUSHKUNAZ;KOBIETA;2;22319664
MIKE;KOBIETA;2;22319666
RUILIN;KOBIETA;2;22319668
KELLYANN;KOBIETA;2;22319670
NAGAT;KOBIETA;2;22319672
LARIA;KOBIETA;2;22319674
FELIXIA;KOBIETA;2;22319676
UN HWA;KOBIETA;2;22319678
TRIEU VY;KOBIETA;2;22319680
MARIIA-YANA;KOBIETA;2;22319682
TSATSRAL;KOBIETA;2;22319684
SANTHANA;KOBIETA;2;22319686
KYIAL;KOBIETA;2;22319688
EILIYAH;KOBIETA;2;22319690
BAO TRANG;KOBIETA;2;22319692
TH? KIM THU;KOBIETA;2;22319694
NOZIMA;KOBIETA;2;22319696
ANGILINA;KOBIETA;2;22319698
VINERA;KOBIETA;2;22319700
ANGSAGAN;KOBIETA;2;22319702
SHANTHA;KOBIETA;2;22319704
YEVA-YULIIA;KOBIETA;2;22319706
ROSILIA;KOBIETA;2;22319708
SEONHEE;KOBIETA;2;22319710
KHUSNORA;KOBIETA;2;22319712
IDA AYU PUTU SRI;KOBIETA;2;22319714
RIMSHA;KOBIETA;2;22319716
OLENA-EVELINA;KOBIETA;2;22319718
AYANTU;KOBIETA;2;22319720
AJGUL;KOBIETA;2;22319722
MARIIA-VIOLETTA;KOBIETA;2;22319724
SUPRITI;KOBIETA;2;22319726
GUYLAINE;KOBIETA;2;22319728
CHING-HUI;KOBIETA;2;22319730
GAWON;KOBIETA;2;22319732
YINONG;KOBIETA;2;22319734
CALLIOPE;KOBIETA;2;22319736
MAJYA;KOBIETA;2;22319738
FATINA;KOBIETA;2;22319740
IURII;KOBIETA;2;22319742
KITTY;KOBIETA;2;22319744
ANGY;KOBIETA;2;22319746
QUINLAN;KOBIETA;2;22319748
DIAMANTINA;KOBIETA;2;22319750
HYEONA;KOBIETA;2;22319752
THI KIM LOAN;KOBIETA;2;22319754
LUIDMYLA;KOBIETA;2;22319756
LINH ÐAN;KOBIETA;2;22319758
NOUR EL HOUDA;KOBIETA;2;22319760
ADELAYIDA;KOBIETA;2;22319762
IGNE;KOBIETA;2;22319764
LINI;KOBIETA;2;22319766
JIAXIU;KOBIETA;2;22319768
NOPHAR;KOBIETA;2;22319770
RAOUAA;KOBIETA;2;22319772
YURIM;KOBIETA;2;22319774
ÉMILIA;KOBIETA;2;22319776
PANIDA;KOBIETA;2;22319778
MITTAL;KOBIETA;2;22319780
GULZODA;KOBIETA;2;22319782
MERVE NUR;KOBIETA;2;22319784
AFEK;KOBIETA;2;22319786
TH? NG?;KOBIETA;2;22319788
AL?SA;KOBIETA;2;22319790
ANAK;KOBIETA;2;22319792
SHABANA;KOBIETA;2;22319794
HYEKYUNG;KOBIETA;2;22319796
NISSA;KOBIETA;2;22319798
UMMUHAN;KOBIETA;2;22319800
GLORIANA;KOBIETA;2;22319802
YUEMING;KOBIETA;2;22319804
CHENGCHENG;KOBIETA;2;22319806
CHANIDA;KOBIETA;2;22319808
YASMENA;KOBIETA;2;22319810
SHIMWA;KOBIETA;2;22319812
GHAIDA;KOBIETA;2;22319814
ZENOVIA;KOBIETA;2;22319816
THI PHAN;KOBIETA;2;22319818
KIRRA;KOBIETA;2;22319820
ROSABEL;KOBIETA;2;22319822
LEONIDIIA;KOBIETA;2;22319824
FRANCISCA MARIA;KOBIETA;2;22319826
GRASYLDA;KOBIETA;2;22319828
ANNJA;KOBIETA;2;22319830
ERVANUR;KOBIETA;2;22319832
MARHIT;KOBIETA;2;22319834
SHAOLING;KOBIETA;2;22319836
MIKHAIELA;KOBIETA;2;22319838
ZWIEZDANA;KOBIETA;2;22319840
BAN;KOBIETA;2;22319842
RASMIIA;KOBIETA;2;22319844
YINZHU;KOBIETA;2;22319846
SUNG HUI;KOBIETA;2;22319848
GISEL;KOBIETA;2;22319850
MAR¯ANNA;KOBIETA;2;22319852
MAYTE;KOBIETA;2;22319854
KANUPRIYA;KOBIETA;2;22319856
BESSIE;KOBIETA;2;22319858
LIOBA;KOBIETA;2;22319860
IDO;KOBIETA;2;22319862
KAOUTHER;KOBIETA;2;22319864
THI GA;KOBIETA;2;22319866
AKWILA;KOBIETA;2;22319868
CAIPING;KOBIETA;2;22319870
CHANMI;KOBIETA;2;22319872
GUDRAT;KOBIETA;2;22319874
YUXIA;KOBIETA;2;22319876
XHORXHINA;KOBIETA;2;22319878
GULUM;KOBIETA;2;22319880
RUOYU;KOBIETA;2;22319882
YEONA;KOBIETA;2;22319884
RAJCA;KOBIETA;2;22319886
COLOMBE;KOBIETA;2;22319888
SHTERNA;KOBIETA;2;22319890
PANG;KOBIETA;2;22319892
DANOVIYA;KOBIETA;2;22319894
JENNYLYN;KOBIETA;2;22319896
ROTTEM;KOBIETA;2;22319898
DAMJANA;KOBIETA;2;22319900
SIKHULILE;KOBIETA;2;22319902
TH? BÍCH THÚY;KOBIETA;2;22319904
GRACIELLA;KOBIETA;2;22319906
ESTEFANY;KOBIETA;2;22319908
MEDIKO;KOBIETA;2;22319910
IRONA;KOBIETA;2;22319912
XIOMARA;KOBIETA;2;22319914
DORIE;KOBIETA;2;22319916
TUONG;KOBIETA;2;22319918
KOSTANTINA;KOBIETA;2;22319920
FENGQIN;KOBIETA;2;22319922
DANELYA;KOBIETA;2;22319924
ADÉLA?DE;KOBIETA;2;22319926
XINMIAO;KOBIETA;2;22319928
VASANTI;KOBIETA;2;22319930
GULLALA;KOBIETA;2;22319932
NANDITHA;KOBIETA;2;22319934
MASTURAKHON;KOBIETA;2;22319936
YUL;KOBIETA;2;22319938
PICHAMON;KOBIETA;2;22319940
NI LUH DEWI;KOBIETA;2;22319942
ROSAMMA;KOBIETA;2;22319944
PRANITHA;KOBIETA;2;22319946
MARIE-NOËLLE;KOBIETA;2;22319948
TSEND;KOBIETA;2;22319950
LUIIZA;KOBIETA;2;22319952
LUTSYIA;KOBIETA;2;22319954
KHOSIYAT;KOBIETA;2;22319956
VINA;KOBIETA;2;22319958
IRADE;KOBIETA;2;22319960
MARUNA;KOBIETA;2;22319962
ALKMENA;KOBIETA;2;22319964
ELY;KOBIETA;2;22319966
KARABO;KOBIETA;2;22319968
YAQING;KOBIETA;2;22319970
ZYNA;KOBIETA;2;22319972
USTYNIA;KOBIETA;2;22319974
YINGJIE;KOBIETA;2;22319976
YESUI;KOBIETA;2;22319978
ANASTASIIA-YULIIA;KOBIETA;2;22319980
VASYLIEVA;KOBIETA;2;22319982
TH? H??NG TR?;KOBIETA;2;22319984
JASMÍNA;KOBIETA;2;22319986
SHIJIE;KOBIETA;2;22319988
LIDIE;KOBIETA;2;22319990
AIJUAN;KOBIETA;2;22319992
THEONI;KOBIETA;2;22319994
ANNA-YARYNA;KOBIETA;2;22319996
KANYARAT;KOBIETA;2;22319998
AYGÜL;KOBIETA;2;22320000
SHAHEEN;KOBIETA;2;22320002
GOLDE;KOBIETA;2;22320004
EVELINA-NATALIIA;KOBIETA;2;22320006
LINETTE;KOBIETA;2;22320008
GRYTA;KOBIETA;2;22320010
SHPRESA;KOBIETA;2;22320012
LAURA-ANNA;KOBIETA;2;22320014
ENKHDELGER;KOBIETA;2;22320016
NEONELIA;KOBIETA;2;22320018
STELLA-MARIE;KOBIETA;2;22320020
THUY MY;KOBIETA;2;22320022
VIRGÍNIA;KOBIETA;2;22320024
NURSEVEN;KOBIETA;2;22320026
M?LA;KOBIETA;2;22320028
ANA PAULA;KOBIETA;2;22320030
TINATINA;KOBIETA;2;22320032
ORGILIA;KOBIETA;2;22320034
AMES;KOBIETA;2;22320036
MIANA;KOBIETA;2;22320038
KWANELE;KOBIETA;2;22320040
BAT AMI;KOBIETA;2;22320042
CYWIA;KOBIETA;2;22320044
ELLONA;KOBIETA;2;22320046
ALENTINA;KOBIETA;2;22320048
SABOKHAT;KOBIETA;2;22320050
KYANA;KOBIETA;2;22320052
OISHAMO;KOBIETA;2;22320054
SWAGATA;KOBIETA;2;22320056
YOLITA;KOBIETA;2;22320058
ÅUBICA;KOBIETA;2;22320060
£UKIERIA;KOBIETA;2;22320062
ZAHRAH;KOBIETA;2;22320064
NASARA;KOBIETA;2;22320066
ULPAN;KOBIETA;2;22320068
AO;KOBIETA;2;22320070
ANH ??O;KOBIETA;2;22320072
YIZHI;KOBIETA;2;22320074
MALÚ;KOBIETA;2;22320076
ANDRASNE;KOBIETA;2;22320078
VUONG;KOBIETA;2;22320080
TADES£AWA;KOBIETA;2;22320082
GIUDITTA;KOBIETA;2;22320084
WENETIA;KOBIETA;2;22320086
DENÍZ;KOBIETA;2;22320088
HAZAR;KOBIETA;2;22320090
MYRAH;KOBIETA;2;22320092
DESTAN;KOBIETA;2;22320094
NIURA;KOBIETA;2;22320096
YU-CHIAO;KOBIETA;2;22320098
HUIXUAN;KOBIETA;2;22320100
YELDANA;KOBIETA;2;22320102
RUTI;KOBIETA;2;22320104
STOYKA;KOBIETA;2;22320106
ANTHOULA;KOBIETA;2;22320108
NELISWA;KOBIETA;2;22320110
VENEZUELA;KOBIETA;2;22320112
YINGHUA;KOBIETA;2;22320114
ESABEL;KOBIETA;2;22320116
ANNALYN;KOBIETA;2;22320118
SHAKILA;KOBIETA;2;22320120
TAOTAO;KOBIETA;2;22320122
BUTHINA;KOBIETA;2;22320124
BEATHA;KOBIETA;2;22320126
ZEFIRENA;KOBIETA;2;22320128
HANYAN;KOBIETA;2;22320130
IMENA;KOBIETA;2;22320132
ASTORIA;KOBIETA;2;22320134
L?NA;KOBIETA;2;22320136
RAULA;KOBIETA;2;22320138
BAO TIEN;KOBIETA;2;22320140
YIAN;KOBIETA;2;22320142
XUEFENG;KOBIETA;2;22320144
DIDE;KOBIETA;2;22320146
YENY;KOBIETA;2;22320148
SVYTOSLAVA;KOBIETA;2;22320150
XANTIA;KOBIETA;2;22320152
NARGIZAKHON;KOBIETA;2;22320154
NEERU;KOBIETA;2;22320156
MALIYAH;KOBIETA;2;22320158
MARIIA-KAMILA;KOBIETA;2;22320160
LULING;KOBIETA;2;22320162
CHRISTABELL;KOBIETA;2;22320164
MALAVIKA;KOBIETA;2;22320166
PATTHRANIT;KOBIETA;2;22320168
JIANG;KOBIETA;2;22320170
BEATRYKSA;KOBIETA;2;22320172
VLADILENA;KOBIETA;2;22320174
AN DUONG;KOBIETA;2;22320176
HREIS;KOBIETA;2;22320178
SHEINA;KOBIETA;2;22320180
AITACH;KOBIETA;2;22320182
ZIHUI;KOBIETA;2;22320184
ALISA-ANASTASIIA;KOBIETA;2;22320186
THI KHANH;KOBIETA;2;22320188
YURINA;KOBIETA;2;22320190
TIMEEA;KOBIETA;2;22320192
HEDIYE;KOBIETA;2;22320194
NOGGA;KOBIETA;2;22320196
RASMIYYA;KOBIETA;2;22320198
PROMISE;KOBIETA;2;22320200
LYSANNE;KOBIETA;2;22320202
REMYA;KOBIETA;2;22320204
HONG TRANG;KOBIETA;2;22320206
MENG-HAN;KOBIETA;2;22320208
KLEONIKI;KOBIETA;2;22320210
WIMON;KOBIETA;2;22320212
GRASJELA;KOBIETA;2;22320214
YINGCHEN;KOBIETA;2;22320216
LIVANA;KOBIETA;2;22320218
RUSANKA;KOBIETA;2;22320220
XIUWEN;KOBIETA;2;22320222
LINH TRANG;KOBIETA;2;22320224
CICHOS£AWA;KOBIETA;2;22320226
HANMEI;KOBIETA;2;22320228
MEHMET;KOBIETA;2;22320230
NHA;KOBIETA;2;22320232
SHAHINAZ;KOBIETA;2;22320234
ATANASIJA;KOBIETA;2;22320236
ENKHLEN;KOBIETA;2;22320238
NIKALA;KOBIETA;2;22320240
DANNY;KOBIETA;2;22320242
BILGESU;KOBIETA;2;22320244
YANA-ANNA;KOBIETA;2;22320246
MINGYI;KOBIETA;2;22320248
ROSVITHA;KOBIETA;2;22320250
ZERIN;KOBIETA;2;22320252
SHUQUN;KOBIETA;2;22320254
AALTJE;KOBIETA;2;22320256
YERONG;KOBIETA;2;22320258
TARUNA;KOBIETA;2;22320260
BERRIN;KOBIETA;2;22320262
LORIAN;KOBIETA;2;22320264
BESNA;KOBIETA;2;22320266
CASIANA;KOBIETA;2;22320268
AYSENUR;KOBIETA;2;22320270
MERYLIN;KOBIETA;2;22320272
CHARLY;KOBIETA;2;22320274
MIREI;KOBIETA;2;22320276
IKRA;KOBIETA;2;22320278
GENET;KOBIETA;2;22320280
EILLEN;KOBIETA;2;22320282
MYLÉNE;KOBIETA;2;22320284
ANH TUYET;KOBIETA;2;22320286
SELMAN;KOBIETA;2;22320288
ILIF;KOBIETA;2;22320290
KWIATOS£AWA;KOBIETA;2;22320292
MARA-IOANA;KOBIETA;2;22320294
HIBAT;KOBIETA;2;22320296
JONG SIM;KOBIETA;2;22320298
MUDITA;KOBIETA;2;22320300
SULAF;KOBIETA;2;22320302
TH? SIM;KOBIETA;2;22320304
GIRLIE;KOBIETA;2;22320306
THITIYA;KOBIETA;2;22320308
HYEONJEONG;KOBIETA;2;22320310
MARKHABO;KOBIETA;2;22320312
ALIDE;KOBIETA;2;22320314
PIN-HSUAN;KOBIETA;2;22320316
REYES;KOBIETA;2;22320318
WIELINA;KOBIETA;2;22320320
HYUNJEONG;KOBIETA;2;22320322
AZIMA;KOBIETA;2;22320324
NIS£AWA;KOBIETA;2;22320326
JOLENA;KOBIETA;2;22320328
ZAITUNA;KOBIETA;2;22320330
SARAB;KOBIETA;2;22320332
YUEHUA;KOBIETA;2;22320334
EVHENYIA;KOBIETA;2;22320336
HALLELI;KOBIETA;2;22320338
HENG;KOBIETA;2;22320340
KRISTINE JOY;KOBIETA;2;22320342
GUILLAUME;KOBIETA;2;22320344
NDIDI;KOBIETA;2;22320346
ILONTYNA;KOBIETA;2;22320348
VIBEKE;KOBIETA;2;22320350
HALIM;KOBIETA;2;22320352
GOTLIBA;KOBIETA;2;22320354
WIWANNA;KOBIETA;2;22320356
BOEL;KOBIETA;2;22320358
DANDARA;KOBIETA;2;22320360
GELYA;KOBIETA;2;22320362
ROKSOLYANA-MARIYA;KOBIETA;2;22320364
NITABEN;KOBIETA;2;22320366
SUSILA;KOBIETA;2;22320368
VARA;KOBIETA;2;22320370
KHÁNH MY;KOBIETA;2;22320372
ARNE;KOBIETA;2;22320374
URSHULA;KOBIETA;2;22320376
PRESYLA;KOBIETA;2;22320378
OLUWAGBEMISOLA;KOBIETA;2;22320380
ADOLINA;KOBIETA;2;22320382
WANNISA;KOBIETA;2;22320384
ALEEYA;KOBIETA;2;22320386
ROUA;KOBIETA;2;22320388
LISET;KOBIETA;2;22320390
ABIBE;KOBIETA;2;22320392
TH? HI?N;KOBIETA;2;22320394
SARSHA;KOBIETA;2;22320396
COCA;KOBIETA;2;22320398
TARINI;KOBIETA;2;22320400
NIKITABEN;KOBIETA;2;22320402
ASPASIA;KOBIETA;2;22320404
£ORETA;KOBIETA;2;22320406
GUANGMEI;KOBIETA;2;22320408
PHAM;KOBIETA;2;22320410
SILVIANA;KOBIETA;2;22320412
BRENDUSHA;KOBIETA;2;22320414
TURAJ;KOBIETA;2;22320416
NEIA;KOBIETA;2;22320418
CAROL-ANN;KOBIETA;2;22320420
RANIN;KOBIETA;2;22320422
NIJOLIA;KOBIETA;2;22320424
NIPHA;KOBIETA;2;22320426
VASILISSA;KOBIETA;2;22320428
DEMIANA;KOBIETA;2;22320430
REJOICE;KOBIETA;2;22320432
AFELIIA;KOBIETA;2;22320434
ENDAH;KOBIETA;2;22320436
PH??NG LI?N;KOBIETA;2;22320438
OTALIA;KOBIETA;2;22320440
TERESKA;KOBIETA;2;22320442
RAJNA;KOBIETA;2;22320444
NATIJA;KOBIETA;2;22320446
SHUWEI;KOBIETA;2;22320448
ZAREEN;KOBIETA;2;22320450
FLAWIANA;KOBIETA;2;22320452
ERALDA;KOBIETA;2;22320454
ZIFAN;KOBIETA;2;22320456
JOCELINE;KOBIETA;2;22320458
SITHOKOZILE;KOBIETA;2;22320460
HARSHITA;KOBIETA;2;22320462
RUBIE;KOBIETA;2;22320464
TEREZIYA;KOBIETA;2;22320466
VIEVIEN;KOBIETA;2;22320468
MONIKO;KOBIETA;2;22320470
SIHYUN;KOBIETA;2;22320472
THALY;KOBIETA;2;22320474
SEVINCHOY;KOBIETA;2;22320476
SEUNGJU;KOBIETA;2;22320478
SAGITTA;KOBIETA;2;22320480
WARARAT;KOBIETA;2;22320482
LUPE;KOBIETA;2;22320484
AMRIN;KOBIETA;2;22320486
HEE JUNG;KOBIETA;2;22320488
LEFKA;KOBIETA;2;22320490
KATALIJA;KOBIETA;2;22320492
QUYNH VY;KOBIETA;2;22320494
JOJI;KOBIETA;2;22320496
CINARA;KOBIETA;2;22320498
AMRITHA;KOBIETA;2;22320500
INHYE;KOBIETA;2;22320502
ÁNH D??NG;KOBIETA;2;22320504
SHEYNA;KOBIETA;2;22320506
JAEYOUNG;KOBIETA;2;22320508
AKTILEK;KOBIETA;2;22320510
SAVCHUK;KOBIETA;2;22320512
GULVARDI;KOBIETA;2;22320514
KRYSTELLE;KOBIETA;2;22320516
GOURI;KOBIETA;2;22320518
JEMIMAH;KOBIETA;2;22320520
LORELLE;KOBIETA;2;22320522
HLENGIWE;KOBIETA;2;22320524
CLOTILDA;KOBIETA;2;22320526
FRAJDLA;KOBIETA;2;22320528
BETIANA;KOBIETA;2;22320530
WENJIA;KOBIETA;2;22320532
HEDY;KOBIETA;2;22320534
AFRAA;KOBIETA;2;22320536
DIMITRIANA;KOBIETA;2;22320538
SHULAMIS;KOBIETA;2;22320540
LILY-ANN;KOBIETA;2;22320542
MARIIA-BOZHENA;KOBIETA;2;22320544
AYª?N;KOBIETA;2;22320546
NORMITA;KOBIETA;2;22320548
LIEONA;KOBIETA;2;22320550
LIMIAO;KOBIETA;2;22320552
RAJALAKSHMI;KOBIETA;2;22320554
DZHULETTA;KOBIETA;2;22320556
ANGÉLIKA;KOBIETA;2;22320558
DAMPAHALA;KOBIETA;2;22320560
ARTEMISIA;KOBIETA;2;22320562
KYOUNGMI;KOBIETA;2;22320564
DZMITRY;KOBIETA;2;22320566
LENKE;KOBIETA;2;22320568
MUBINA;KOBIETA;2;22320570
ALLIE;KOBIETA;2;22320572
THI NGOC HA;KOBIETA;2;22320574
SADIJA;KOBIETA;2;22320576
ISHANA;KOBIETA;2;22320578
JUNALYN;KOBIETA;2;22320580
XUE HUA;KOBIETA;2;22320582
GUANYU;KOBIETA;2;22320584
MERIM;KOBIETA;2;22320586
LIBERTA;KOBIETA;2;22320588
KAMEELA;KOBIETA;2;22320590
EFRUZYNA;KOBIETA;2;22320592
PHUONG THANH;KOBIETA;2;22320594
AAYA;KOBIETA;2;22320596
GAROFITA;KOBIETA;2;22320598
YARONA;KOBIETA;2;22320600
WEIYING;KOBIETA;2;22320602
TULAY;KOBIETA;2;22320604
TH? MAI PH??NG;KOBIETA;2;22320606
AND¯ELLA;KOBIETA;2;22320608
SZILA;KOBIETA;2;22320610
LAMBRYNI;KOBIETA;2;22320612
HOAI ANH;KOBIETA;2;22320614
ALKISTIS;KOBIETA;2;22320616
AMISHA;KOBIETA;2;22320618
GAON;KOBIETA;2;22320620
MERVEILLE;KOBIETA;2;22320622
CHANNELLE;KOBIETA;2;22320624
KATERYNA-SOFIIA;KOBIETA;2;22320626
ANDREEA-DIANA;KOBIETA;2;22320628
JACLINA;KOBIETA;2;22320630
LATVINA;KOBIETA;2;22320632
ZIONA;KOBIETA;2;22320634
THU H??NG;KOBIETA;2;22320636
SHUFEN;KOBIETA;2;22320638
TALAR;KOBIETA;2;22320640
RAHATAY;KOBIETA;2;22320642
WANHUA;KOBIETA;2;22320644
SHEIMA;KOBIETA;2;22320646
NUNIE;KOBIETA;2;22320648
RITEJ;KOBIETA;2;22320650
CHUNLING;KOBIETA;2;22320652
THARAA;KOBIETA;2;22320654
ANJUM;KOBIETA;2;22320656
RONIE;KOBIETA;2;22320658
FIBI;KOBIETA;2;22320660
THU HOAI;KOBIETA;2;22320662
KRISTIYANA;KOBIETA;2;22320664
RAMINDER;KOBIETA;2;22320666
D¯ASMIN;KOBIETA;2;22320668
MARSYLIA;KOBIETA;2;22320670
BINETA;KOBIETA;2;22320672
TH? MINH TH?;KOBIETA;2;22320674
HEROW;KOBIETA;2;22320676
DYLIARA;KOBIETA;2;22320678
DOLAPO;KOBIETA;2;22320680
TARITA;KOBIETA;2;22320682
HERMANA;KOBIETA;2;22320684
ELOAH;KOBIETA;2;22320686
HRISKA;KOBIETA;2;22320688
ZIMIN;KOBIETA;2;22320690
YIM;KOBIETA;2;22320692
SREENIDHI;KOBIETA;2;22320694
KRISHNAVENI;KOBIETA;2;22320696
NICHA;KOBIETA;2;22320698
MENGXIAO;KOBIETA;2;22320700
LAURINE;KOBIETA;2;22320702
LITO;KOBIETA;2;22320704
NEZHDANA;KOBIETA;2;22320706
KSEWERYNA;KOBIETA;2;22320708
BEERI;KOBIETA;2;22320710
GÖKNUR;KOBIETA;2;22320712
DONITA;KOBIETA;2;22320714
TH? D?U;KOBIETA;2;22320716
MOKRYNA;KOBIETA;2;22320718
XIUFENG;KOBIETA;2;22320720
VIKTORIIA-KATERYNA;KOBIETA;2;22320722
RAMUNIE;KOBIETA;2;22320724
GULSHOD;KOBIETA;2;22320726
RAFIF;KOBIETA;2;22320728
NANDINA;KOBIETA;2;22320730
PARNIKA;KOBIETA;2;22320732
CINDIA;KOBIETA;2;22320734
VLADYLINA;KOBIETA;2;22320736
MARIA DOLORES;KOBIETA;2;22320738
MUKADDES;KOBIETA;2;22320740
AMANITA;KOBIETA;2;22320742
FEBBIE;KOBIETA;2;22320744
SANIAT;KOBIETA;2;22320746
ANUMOL;KOBIETA;2;22320748
HULFIRA;KOBIETA;2;22320750
ALOHA;KOBIETA;2;22320752
MAGALYS;KOBIETA;2;22320754
CHIYOKO;KOBIETA;2;22320756
AAN;KOBIETA;2;22320758
CHERRY ANN;KOBIETA;2;22320760
NUCA;KOBIETA;2;22320762
ZULEIKA;KOBIETA;2;22320764
NATAIIA;KOBIETA;2;22320766
BAKIZA;KOBIETA;2;22320768
ILWIRA;KOBIETA;2;22320770
DA;KOBIETA;2;22320772
JEHAN;KOBIETA;2;22320774
CONSOLEE;KOBIETA;2;22320776
CHARANYA;KOBIETA;2;22320778
KATLYN;KOBIETA;2;22320780
MEIZHEN;KOBIETA;2;22320782
WIKTORYIA;KOBIETA;2;22320784
KHRYZANTEMA;KOBIETA;2;22320786
CARON;KOBIETA;2;22320788
AHITA;KOBIETA;2;22320790
RUKIDAT;KOBIETA;2;22320792
NITIKA;KOBIETA;2;22320794
ILIUSIA;KOBIETA;2;22320796
INAH;KOBIETA;2;22320798
VALLENTINA;KOBIETA;2;22320800
MIHRIMA;KOBIETA;2;22320802
JE?IZAVETA;KOBIETA;2;22320804
CHANAH;KOBIETA;2;22320806
AISTE;KOBIETA;2;22320808
AZJARGAL;KOBIETA;2;22320810
ELESE;KOBIETA;2;22320812
RIONA;KOBIETA;2;22320814
LÉANA;KOBIETA;2;22320816
AAKANKSHA;KOBIETA;2;22320818
SOURAYA;KOBIETA;2;22320820
ANNELEEN;KOBIETA;2;22320822
MARYIANNA;KOBIETA;2;22320824
SU YOUNG;KOBIETA;2;22320826
ZAURE;KOBIETA;2;22320828
NÚBIA;KOBIETA;2;22320830
SAYAT;KOBIETA;2;22320832
HAYARPI;KOBIETA;2;22320834
OLEKSII;KOBIETA;2;22320836
ARNOLDYNA;KOBIETA;2;22320838
MUNTAHA;KOBIETA;2;22320840
YILEI;KOBIETA;2;22320842
DELGERJARGAL;KOBIETA;2;22320844
ABEGAEL;KOBIETA;2;22320846
LUNIS£AWA;KOBIETA;2;22320848
GÜLGÜN;KOBIETA;2;22320850
ASTRIK;KOBIETA;2;22320852
GOVINDA;KOBIETA;2;22320854
ZBIS£AWA;KOBIETA;2;22320856
MOJGAN;KOBIETA;2;22320858
JEVHENIA;KOBIETA;2;22320860
CHIKAKO;KOBIETA;2;22320862
RINKAL;KOBIETA;2;22320864
TH? NH?I;KOBIETA;2;22320866
AHNIESHKA-MARIIA;KOBIETA;2;22320868
THI HONG HA;KOBIETA;2;22320870
DAJWA;KOBIETA;2;22320872
BASSIN;KOBIETA;2;22320874
HEGHUSH;KOBIETA;2;22320876
YU-MIN;KOBIETA;2;22320878
ASHTON;KOBIETA;2;22320880
MARINKA;KOBIETA;2;22320882
JUFEN;KOBIETA;2;22320884
GYÖRGYI;KOBIETA;2;22320886
JUXIANG;KOBIETA;2;22320888
BOBBIE;KOBIETA;2;22320890
ANASTAIIA;KOBIETA;2;22320892
DZINARA;KOBIETA;2;22320894
YUANHONG;KOBIETA;2;22320896
LINGYI;KOBIETA;2;22320898
JOOHYUN;KOBIETA;2;22320900
YIYUAN;KOBIETA;2;22320902
JINFANG;KOBIETA;2;22320904
AZARIA;KOBIETA;2;22320906
KAMESWARA;KOBIETA;2;22320908
GYULYUMSER;KOBIETA;2;22320910
SHARADHA;KOBIETA;2;22320912
IRLANA;KOBIETA;2;22320914
SIREESHA;KOBIETA;2;22320916
XIAOJU;KOBIETA;2;22320918
RUSHANIIA;KOBIETA;2;22320920
RUVA;KOBIETA;2;22320922
SIMAR;KOBIETA;2;22320924
VLADELINA;KOBIETA;2;22320926
SHIERLY;KOBIETA;2;22320928
MINOO;KOBIETA;2;22320930
DINDA;KOBIETA;2;22320932
MI HYANG;KOBIETA;2;22320934
ANTA;KOBIETA;2;22320936
LIVIANNA;KOBIETA;2;22320938
ZENDY;KOBIETA;2;22320940
M?RIA;KOBIETA;2;22320942
JAYANTHI;KOBIETA;2;22320944
ZORESLAWA;KOBIETA;2;22320946
ALISANDRA;KOBIETA;2;22320948
YUZHU;KOBIETA;2;22320950
MARTSELINA;KOBIETA;2;22320952
YUQIN;KOBIETA;2;22320954
SZAHIRA;KOBIETA;2;22320956
ASHURA;KOBIETA;2;22320958
BLESSINGS;KOBIETA;2;22320960
THÚY H?NH;KOBIETA;2;22320962
AJANA;KOBIETA;2;22320964
ASTREA;KOBIETA;2;22320966
HOLOVKO;KOBIETA;2;22320968
MOJDEH;KOBIETA;2;22320970
EVANIE;KOBIETA;2;22320972
PAULIINA;KOBIETA;2;22320974
YEVHENIJA;KOBIETA;2;22320976
XANTHIA;KOBIETA;2;22320978
TYARA;KOBIETA;2;22320980
ALEMTSEHAY;KOBIETA;2;22320982
JANECZKA;KOBIETA;2;22320984
ROKHAYA;KOBIETA;2;22320986
ZERFII;KOBIETA;2;22320988
RUKIYA;KOBIETA;2;22320990
RUHIA;KOBIETA;2;22320992
RURI;KOBIETA;2;22320994
ESRA'A;KOBIETA;2;22320996
CISANA;KOBIETA;2;22320998
KHLO?;KOBIETA;2;22321000
RIKO;KOBIETA;2;22321002
SONGYI;KOBIETA;2;22321004
NEILLA;KOBIETA;2;22321006
NYAM-OSOR;KOBIETA;2;22321008
DIMITROULA;KOBIETA;2;22321010
PEI-YUN;KOBIETA;2;22321012
RITHA;KOBIETA;2;22321014
MALIKAH;KOBIETA;2;22321016
DIANAH;KOBIETA;2;22321018
MARIA DE GUADALUPE;KOBIETA;2;22321020
VIJITHA;KOBIETA;2;22321022
ELÉNORE;KOBIETA;2;22321024
KIM HAI;KOBIETA;2;22321026
MINAT;KOBIETA;2;22321028
MEI-CHUN;KOBIETA;2;22321030
SALY;KOBIETA;2;22321032
ALES;KOBIETA;2;22321034
KADI;KOBIETA;2;22321036
SHELLA;KOBIETA;2;22321038
RUPAM;KOBIETA;2;22321040
Ç??DEM;KOBIETA;2;22321042
PRINÞESA;KOBIETA;2;22321044
KHAZAN;KOBIETA;2;22321046
JENIFERA;KOBIETA;2;22321048
MARCYLIA;KOBIETA;2;22321050
PAJA;KOBIETA;2;22321052
KYUNGAH;KOBIETA;2;22321054
MADELEIN;KOBIETA;2;22321056
ZDOBYS£AWA;KOBIETA;2;22321058
THI THUY QUYNH;KOBIETA;2;22321060
RAGINI;KOBIETA;2;22321062
MINALI;KOBIETA;2;22321064
SUHEE;KOBIETA;2;22321066
SREELAKSHMI;KOBIETA;2;22321068
TH? QU?;KOBIETA;2;22321070
DAHYUN;KOBIETA;2;22321072
ALBERTINE;KOBIETA;2;22321074
BAO THU;KOBIETA;2;22321076
INSA;KOBIETA;2;22321078
MARIFAT;KOBIETA;2;22321080
MOANA;KOBIETA;2;22321082
BHAGABATI;KOBIETA;2;22321084
KENAYA;KOBIETA;2;22321086
THI PHUONG HOA;KOBIETA;2;22321088
LAWIN;KOBIETA;2;22321090
STSEFANIYA;KOBIETA;2;22321092
ALINA-KATERYNA;KOBIETA;2;22321094
ARENATA;KOBIETA;2;22321096
MAYTAV;KOBIETA;2;22321098
AMANAT;KOBIETA;2;22321100
JASMITHA;KOBIETA;2;22321102
EUGENIUSZA;KOBIETA;2;22321104
LUSVARD;KOBIETA;2;22321106
PARINITA;KOBIETA;2;22321108
JOOEUN;KOBIETA;2;22321110
HALYNA-MARIIA;KOBIETA;2;22321112
QENDRESA;KOBIETA;2;22321114
JAEAH;KOBIETA;2;22321116
BHAWANA;KOBIETA;2;22321118
SHNIZHANA;KOBIETA;2;22321120
SEUNGHYE;KOBIETA;2;22321122
ELAIZA;KOBIETA;2;22321124
LENNI;KOBIETA;2;22321126
ANU-UJIN;KOBIETA;2;22321128
YUN-CHEN;KOBIETA;2;22321130
KAUSHALYA;KOBIETA;2;22321132
LISSETTE;KOBIETA;2;22321134
MARIA YOLANDA;KOBIETA;2;22321136
AGLIKA;KOBIETA;2;22321138
NERMINA;KOBIETA;2;22321140
VARIIA;KOBIETA;2;22321142
IFIGENEIA;KOBIETA;2;22321144
ALESIIA;KOBIETA;2;22321146
RENAE;KOBIETA;2;22321148
GUIFEN;KOBIETA;2;22321150
PARTICIA;KOBIETA;2;22321152
BRAKDANYCH;KOBIETA;2;22321154
CHUNFANG;KOBIETA;2;22321156
AKYRYS;KOBIETA;2;22321158
HÛLYA;KOBIETA;2;22321160
GURLEEN KAUR;KOBIETA;2;22321162
MACHTELD;KOBIETA;2;22321164
SOUKEYNA;KOBIETA;2;22321166
AGIGAT;KOBIETA;2;22321168
PARICHEHR;KOBIETA;2;22321170
MERLITA;KOBIETA;2;22321172
WENRONG;KOBIETA;2;22321174
EGIDIA;KOBIETA;2;22321176
SKARLETTA;KOBIETA;2;22321178
ROMIRA;KOBIETA;2;22321180
SULASTRI;KOBIETA;2;22321182
HENRIETE;KOBIETA;2;22321184
FAIRUZ;KOBIETA;2;22321186
LYUBKA;KOBIETA;2;22321188
SAICHON;KOBIETA;2;22321190
TAIMA;KOBIETA;2;22321192
NADZEJA;KOBIETA;2;22321194
SELLA;KOBIETA;2;22321196
EUN HEE;KOBIETA;2;22321198
DIXITABEN;KOBIETA;2;22321200
BILBIL;KOBIETA;2;22321202
ANASTASIIA-ANHELINA;KOBIETA;2;22321204
FREIA;KOBIETA;2;22321206
TUVSHINZAYA;KOBIETA;2;22321208
THAO PHUONG;KOBIETA;2;22321210
SOMAR;KOBIETA;2;22321212
OFIA;KOBIETA;2;22321214
THI BICH THAO;KOBIETA;2;22321216
NURZHIHAN;KOBIETA;2;22321218
SANDRELLA;KOBIETA;2;22321220
HYUNHEE;KOBIETA;2;22321222
DEIANIRA;KOBIETA;2;22321224
YU-SHUAN;KOBIETA;2;22321226
LUMNIJE;KOBIETA;2;22321228
DING;KOBIETA;2;22321230
MAJA-LENA;KOBIETA;2;22321232
MARICELA;KOBIETA;2;22321234
SENIHA;KOBIETA;2;22321236
ROMUALD;KOBIETA;2;22321238
E£KA;KOBIETA;2;22321240
HALISE;KOBIETA;2;22321242
FIANNA;KOBIETA;2;22321244
SHIREESHA;KOBIETA;2;22321246
GÜNER;KOBIETA;2;22321248
NA RAE;KOBIETA;2;22321250
BOGUNIA;KOBIETA;2;22321252
KIM XUAN;KOBIETA;2;22321254
FUMEI;KOBIETA;2;22321256
WALPURGA;KOBIETA;2;22321258
JULIE-ANNE;KOBIETA;2;22321260
DANAIT;KOBIETA;2;22321262
MONIS£AWA;KOBIETA;2;22321264
HIULER;KOBIETA;2;22321266
VITOSLAVA;KOBIETA;2;22321268
DZHANNET;KOBIETA;2;22321270
REIANA;KOBIETA;2;22321272
ANHELINA MARIIA;KOBIETA;2;22321274
NHAM;KOBIETA;2;22321276
AWILA;KOBIETA;2;22321278
DIEU CHI;KOBIETA;2;22321280
EUNIDE;KOBIETA;2;22321282
LORIS;KOBIETA;2;22321284
SULAMIT;KOBIETA;2;22321286
RAYHAN;KOBIETA;2;22321288
HATCHE;KOBIETA;2;22321290
ASRAR;KOBIETA;2;22321292
MIRANDOLINA;KOBIETA;2;22321294
NH? NG?C;KOBIETA;2;22321296
POLA QUINN;KOBIETA;2;22321298
LIL;KOBIETA;2;22321300
HAVEN;KOBIETA;2;22321302
HYON HUI;KOBIETA;2;22321304
TASNEEM;KOBIETA;2;22321306
OSHRIT;KOBIETA;2;22321308
GHISLAINE;KOBIETA;2;22321310
KRATIKA;KOBIETA;2;22321312
MIRUNA-MARIA;KOBIETA;2;22321314
TH? H?;KOBIETA;2;22321316
SEOL;KOBIETA;2;22321318
BÜªRANUR;KOBIETA;2;22321320
JU YEON;KOBIETA;2;22321322
HAEYUN;KOBIETA;2;22321324
MATTIE;KOBIETA;2;22321326
GAILAN;KOBIETA;2;22321328
NANETA;KOBIETA;2;22321330
IBTIHAL;KOBIETA;2;22321332
MUNISE;KOBIETA;2;22321334
PHU;KOBIETA;2;22321336
MARIIA-SNIZHANA;KOBIETA;2;22321338
MBABAZI;KOBIETA;2;22321340
LAMAI;KOBIETA;2;22321342
BUI;KOBIETA;2;22321344
MILUSKA;KOBIETA;2;22321346
KRYSTYANA;KOBIETA;2;22321348
CHAITRALI;KOBIETA;2;22321350
YOON AH;KOBIETA;2;22321352
JETLIRA;KOBIETA;2;22321354
XINZHU;KOBIETA;2;22321356
YULDUZKHON;KOBIETA;2;22321358
MARTINI;KOBIETA;2;22321360
MASUME;KOBIETA;2;22321362
ANNKATRIN;KOBIETA;2;22321364
AYGYULEN;KOBIETA;2;22321366
RALINA;KOBIETA;2;22321368
MUKADDAM;KOBIETA;2;22321370
BIBIHUL;KOBIETA;2;22321372
MUNAVAR;KOBIETA;2;22321374
DARISLAVA;KOBIETA;2;22321376
TATI;KOBIETA;2;22321378
ANY;KOBIETA;2;22321380
NEZ?HA;KOBIETA;2;22321382
BIBINUR;KOBIETA;2;22321384
PRASANNA;KOBIETA;2;22321386
TAALAIKUL;KOBIETA;2;22321388
BETSY;KOBIETA;2;22321390
SEULKI;KOBIETA;2;22321392
AILBHE;KOBIETA;2;22321394
SAHITHI;KOBIETA;2;22321396
ANOUCK;KOBIETA;2;22321398
VIELIENA;KOBIETA;2;22321400
MESERET;KOBIETA;2;22321402
BURASTAN;KOBIETA;2;22321404
FRIDAH;KOBIETA;2;22321406
TAITA;KOBIETA;2;22321408
KSENNIA;KOBIETA;2;22321410
IªINSU;KOBIETA;2;22321412
ESTELIA;KOBIETA;2;22321414
MECHTILDE;KOBIETA;2;22321416
ISAVELLA;KOBIETA;2;22321418
LAURIKA;KOBIETA;2;22321420
YUNYOUNG;KOBIETA;2;22321422
ROUN;KOBIETA;2;22321424
MANSURA;KOBIETA;2;22321426
ALVIANA;KOBIETA;2;22321428
RAVINDER;KOBIETA;2;22321430
AYKUI;KOBIETA;2;22321432
JAWA;KOBIETA;2;22321434
SANJIDA;KOBIETA;2;22321436
SOLOMIIA MARIIA;KOBIETA;2;22321438
KHÁNH NG?C;KOBIETA;2;22321440
CHLOE';KOBIETA;2;22321442
ANALIJA;KOBIETA;2;22321444
JUNGHWA;KOBIETA;2;22321446
CA?LA;KOBIETA;2;22321448
TCHELET;KOBIETA;2;22321450
NERGYUS;KOBIETA;2;22321452
RAYYANA;KOBIETA;2;22321454
INNESSA;KOBIETA;2;22321456
KARREN;KOBIETA;2;22321458
YANA-SOFIIA;KOBIETA;2;22321460
EWANTIA;KOBIETA;2;22321462
GRAYNA;KOBIETA;2;22321464
PANITA;KOBIETA;2;22321466
MARCELIANNA;KOBIETA;2;22321468
PER£A;KOBIETA;2;22321470
KATRZYNA;KOBIETA;2;22321472
ÛLKÛ;KOBIETA;2;22321474
RICHARDA;KOBIETA;2;22321476
ESMINA;KOBIETA;2;22321478
MARYLOU;KOBIETA;2;22321480
WEIJIA;KOBIETA;2;22321482
NOEMIN;KOBIETA;2;22321484
IPAK;KOBIETA;2;22321486
IULIA-RUXANDRA;KOBIETA;2;22321488
MEI-LING;KOBIETA;2;22321490
HUANITA;KOBIETA;2;22321492
GÖKÇENUR;KOBIETA;2;22321494
PADA;KOBIETA;2;22321496
LUTKA;KOBIETA;2;22321498
ALEUTINA;KOBIETA;2;22321500
ANIYA;KOBIETA;2;22321502
MAKSENCJA;KOBIETA;2;22321504
WEIMEI;KOBIETA;2;22321506
TOVRAT;KOBIETA;2;22321508
TH?Y TI?N;KOBIETA;2;22321510
WOO;KOBIETA;2;22321512
MIU;KOBIETA;2;22321514
YUHANG;KOBIETA;2;22321516
ALEXANDRINE;KOBIETA;2;22321518
ANNIA;KOBIETA;2;22321520
KHUTMAT;KOBIETA;2;22321522
VIMBAYI;KOBIETA;2;22321524
EWANTIJA;KOBIETA;2;22321526
LANNA;KOBIETA;2;22321528
ASSHA;KOBIETA;2;22321530
SOOK;KOBIETA;2;22321532
NADÌDA;KOBIETA;2;22321534
REBA;KOBIETA;2;22321536
TIANWEN;KOBIETA;2;22321538
TEFANI;KOBIETA;2;22321540
CHING;KOBIETA;2;22321542
SUZEN;KOBIETA;2;22321544
LIEPA;KOBIETA;2;22321546
BAT SHEVA;KOBIETA;2;22321548
KAISU;KOBIETA;2;22321550
INALDA;KOBIETA;2;22321552
MERIEME;KOBIETA;2;22321554
CINTA;KOBIETA;2;22321556
ICLAL;KOBIETA;2;22321558
THI HOANG YEN;KOBIETA;2;22321560
BERNADETE;KOBIETA;2;22321562
SKAIDR?TE;KOBIETA;2;22321564
SAMANA;KOBIETA;2;22321566
BEATTA;KOBIETA;2;22321568
TZU-CHI;KOBIETA;2;22321570
BAKYTGUL;KOBIETA;2;22321572
EMMELI;KOBIETA;2;22321574
ARONKA;KOBIETA;2;22321576
LIVIENNE;KOBIETA;2;22321578
WILAILAK;KOBIETA;2;22321580
THAISSA;KOBIETA;2;22321582
NECM?YE;KOBIETA;2;22321584
NADZHYIA;KOBIETA;2;22321586
LANDYSH;KOBIETA;2;22321588
ALÍA;KOBIETA;2;22321590
ZILANA;KOBIETA;2;22321592
NARDA;KOBIETA;2;22321594
MAKHIZAR;KOBIETA;2;22321596
L?JA;KOBIETA;2;22321598
LENA-MARIA;KOBIETA;2;22321600
JMEN;KOBIETA;2;22321602
TAMAE;KOBIETA;2;22321604
UN JU;KOBIETA;2;22321606
RAWAND;KOBIETA;2;22321608
VILJA;KOBIETA;2;22321610
ZHAMAL;KOBIETA;2;22321612
XEMENA;KOBIETA;2;22321614
DAVINDER;KOBIETA;2;22321616
OLAEDO;KOBIETA;2;22321618
IFFAT;KOBIETA;2;22321620
TOLLA;KOBIETA;2;22321622
RIVI;KOBIETA;2;22321624
ZEORE;KOBIETA;2;22321626
SHUGYLA;KOBIETA;2;22321628
YVETA;KOBIETA;2;22321630
SLAVIIA;KOBIETA;2;22321632
HAN?FE;KOBIETA;2;22321634
RASMI;KOBIETA;2;22321636
SALIYA;KOBIETA;2;22321638
CÍNTIA;KOBIETA;2;22321640
YONÁ;KOBIETA;2;22321642
EMANOELA;KOBIETA;2;22321644
SYLKE;KOBIETA;2;22321646
ELÍSABET;KOBIETA;2;22321648
ÉLISABETH;KOBIETA;2;22321650
MUSIA;KOBIETA;2;22321652
DALINDA;KOBIETA;2;22321654
TAHIR;KOBIETA;2;22321656
MZISANA;KOBIETA;2;22321658
ONEHA;KOBIETA;2;22321660
HEGINA;KOBIETA;2;22321662
MYONG HUI;KOBIETA;2;22321664
ªÜKRÜYE;KOBIETA;2;22321666
LAUDOMIA;KOBIETA;2;22321668
HELIANA;KOBIETA;2;22321670
RODE;KOBIETA;2;22321672
ZERTINA;KOBIETA;2;22321674
GIZEL;KOBIETA;2;22321676
TAZEEN;KOBIETA;2;22321678
IAROSLAWA;KOBIETA;2;22321680
AYNISA;KOBIETA;2;22321682
STEFANII;KOBIETA;2;22321684
BOGUWOLA;KOBIETA;2;22321686
WENMEI;KOBIETA;2;22321688
LUZINA;KOBIETA;2;22321690
?REM ZEHRA;KOBIETA;2;22321692
DILBARA;KOBIETA;2;22321694
IGNA;KOBIETA;2;22321696
DOEUN;KOBIETA;2;22321698
SHOKOUFEH;KOBIETA;2;22321700
NOEME;KOBIETA;2;22321702
GARAM;KOBIETA;2;22321704
AFANASIJA;KOBIETA;2;22321706
SIMCHA;KOBIETA;2;22321708
VACLAVA;KOBIETA;2;22321710
MASAE;KOBIETA;2;22321712
OLIVIA-ALEXANDRA;KOBIETA;2;22321714
WARUNEE;KOBIETA;2;22321716
ANNA PH??NG;KOBIETA;2;22321718
OLIWA;KOBIETA;2;22321720
KADRI;KOBIETA;2;22321722
OTGON;KOBIETA;2;22321724
DALEL;KOBIETA;2;22321726
GYULLYU;KOBIETA;2;22321728
MI RAN;KOBIETA;2;22321730
NICOLLETTE;KOBIETA;2;22321732
GUDRON;KOBIETA;2;22321734
MINGYANG;KOBIETA;2;22321736
TUNEZJA;KOBIETA;2;22321738
DONATIENNE;KOBIETA;2;22321740
LAURA-GABRIELA;KOBIETA;2;22321742
BUSE NUR;KOBIETA;2;22321744
SAZHIDA;KOBIETA;2;22321746
YUKINA;KOBIETA;2;22321748
ANGÉLIQUA;KOBIETA;2;22321750
LETWIN;KOBIETA;2;22321752
LILAV;KOBIETA;2;22321754
ZUZANNNA;KOBIETA;2;22321756
SEUNGHEE;KOBIETA;2;22321758
BIANNA;KOBIETA;2;22321760
MIKAKO;KOBIETA;2;22321762
HALLIE;KOBIETA;2;22321764
MEHPARA;KOBIETA;2;22321766
BINKA;KOBIETA;2;22321768
JINXING;KOBIETA;2;22321770
EBIGEL;KOBIETA;2;22321772
REVIDE;KOBIETA;2;22321774
TH? H?NG TH?Y;KOBIETA;2;22321776
NARJESS;KOBIETA;2;22321778
PRANITA;KOBIETA;2;22321780
QINGYI;KOBIETA;2;22321782
MUBINAHON;KOBIETA;2;22321784
HAMIDEH;KOBIETA;2;22321786
JIRAPHON;KOBIETA;2;22321788
ICIAR;KOBIETA;2;22321790
NAMIKO;KOBIETA;2;22321792
MARIE-PIERRE;KOBIETA;2;22321794
MAHIZAR;KOBIETA;2;22321796
SHOVDA;KOBIETA;2;22321798
KANINA;KOBIETA;2;22321800
MARIAELENA;KOBIETA;2;22321802
THANH TÚ;KOBIETA;2;22321804
HUIXIN;KOBIETA;2;22321806
DZHULLIETA;KOBIETA;2;22321808
LYNNET;KOBIETA;2;22321810
?ZEM;KOBIETA;2;22321812
ALIONKA;KOBIETA;2;22321814
KRISTIJANA;KOBIETA;2;22321816
MARGAD-ERDENE;KOBIETA;2;22321818
ALJA;KOBIETA;2;22321820
RUMAN;KOBIETA;2;22321822
GABIN;KOBIETA;2;22321824
VALDEREZ;KOBIETA;2;22321826
SHUFENG;KOBIETA;2;22321828
YUEHAN;KOBIETA;2;22321830
YAXI;KOBIETA;2;22321832
SANDYA;KOBIETA;2;22321834
HIJRAN;KOBIETA;2;22321836
TALIYAH;KOBIETA;2;22321838
GLENN;KOBIETA;2;22321840
TANISHKA;KOBIETA;2;22321842
HI?N;KOBIETA;2;22321844
LUCERO;KOBIETA;2;22321846
MAN KUMARI;KOBIETA;2;22321848
LIESBETA;KOBIETA;2;22321850
SONDOR;KOBIETA;2;22321852
MEHLIKA;KOBIETA;2;22321854
AZER;KOBIETA;2;22321856
DHAN KUMARI;KOBIETA;2;22321858
TAEYEON;KOBIETA;2;22321860
PANYA;KOBIETA;2;22321862
CHEDZA;KOBIETA;2;22321864
THI PHUONG DUNG;KOBIETA;2;22321866
PIYAPORN;KOBIETA;2;22321868
SUPAWAN;KOBIETA;2;22321870
ANELIS;KOBIETA;2;22321872
SZUSZANIK;KOBIETA;2;22321874
WACLAWA;KOBIETA;2;22321876
FRELYN;KOBIETA;2;22321878
ZEHRANUR;KOBIETA;2;22321880
MAAME;KOBIETA;2;22321882
PAMINA;KOBIETA;2;22321884
RONDA;KOBIETA;2;22321886
DARIEL;KOBIETA;2;22321888
BIBIOISHA;KOBIETA;2;22321890
LIESEL;KOBIETA;2;22321892
KRITHI;KOBIETA;2;22321894
AKILAH;KOBIETA;2;22321896
HRISTIYANA;KOBIETA;2;22321898
HELMTRUDA;KOBIETA;2;22321900
SALAM;KOBIETA;2;22321902
IUDKA;KOBIETA;2;22321904
PRICILLIA;KOBIETA;2;22321906
JOANE;KOBIETA;2;22321908
KANDIDA;KOBIETA;2;22321910
KARIEN;KOBIETA;2;22321912
KHANG;KOBIETA;2;22321914
YUMIN;KOBIETA;2;22321916
YASMENE;KOBIETA;2;22321918
NIEONI££A;KOBIETA;2;22321920
THANUJA;KOBIETA;2;22321922
DÚNIA;KOBIETA;2;22321924
E;KOBIETA;2;22321926
EVA-MARIIA;KOBIETA;2;22321928
POPOVA;KOBIETA;2;22321930
SHELLIE;KOBIETA;2;22321932
IOANA-RALUCA;KOBIETA;2;22321934
HARANG;KOBIETA;2;22321936
PULINA;KOBIETA;2;22321938
SOFIANE;KOBIETA;2;22321940
TAMIE;KOBIETA;2;22321942
AIREEN;KOBIETA;2;22321944
ADRIELA;KOBIETA;2;22321946
MONIGUE;KOBIETA;2;22321948
ANDJELA;KOBIETA;2;22321950
MINAHIL;KOBIETA;2;22321952
RODION;KOBIETA;2;22321954
SHOILA;KOBIETA;2;22321956
HYUNHA;KOBIETA;2;22321958
RUNYARARO;KOBIETA;2;22321960
SNISHANA;KOBIETA;2;22321962
ERLETA;KOBIETA;2;22321964
BAASANSUREN;KOBIETA;2;22321966
DRISANA;KOBIETA;2;22321968
HYUNSUK;KOBIETA;2;22321970
LEINA;KOBIETA;2;22321972
BICH LIEN;KOBIETA;2;22321974
ELYNE;KOBIETA;2;22321976
HENDA;KOBIETA;2;22321978
TEAGAN;KOBIETA;2;22321980
SARASWOTI;KOBIETA;2;22321982
NYKOL;KOBIETA;2;22321984
CIBELE;KOBIETA;2;22321986
BIATA;KOBIETA;2;22321988
RUKHSHONA;KOBIETA;2;22321990
MARKEVYCH;KOBIETA;2;22321992
RU¯ICA;KOBIETA;2;22321994
HYANG WOO;KOBIETA;2;22321996
DUKHIK;KOBIETA;2;22321998
DARJANA;KOBIETA;2;22322000
FOTYNA;KOBIETA;2;22322002
ROJI;KOBIETA;2;22322004
SAMYRA;KOBIETA;2;22322006
POLIA;KOBIETA;2;22322008
KAMALIYA;KOBIETA;2;22322010
RUKUDZO;KOBIETA;2;22322012
MEHREM;KOBIETA;2;22322014
ZUMRAD;KOBIETA;2;22322016
SHER;KOBIETA;2;22322018
ALIEKSIEIENKO;KOBIETA;2;22322020
YUMIKA;KOBIETA;2;22322022
CARIDAD;KOBIETA;2;22322024
HYEONGYEONG;KOBIETA;2;22322026
DUSHA;KOBIETA;2;22322028
YFAT;KOBIETA;2;22322030
MUFIDA;KOBIETA;2;22322032
ELIFNUR;KOBIETA;2;22322034
ARIAN;KOBIETA;2;22322036
TUVSHINJARGAL;KOBIETA;2;22322038
BOUTHEINA;KOBIETA;2;22322040
?SA;KOBIETA;2;22322042
NATIKA;KOBIETA;2;22322044
CAYETANA;KOBIETA;2;22322046
UGNE;KOBIETA;2;22322048
KWITOSLAWA;KOBIETA;2;22322050
NORIELYN;KOBIETA;2;22322052
HABRIELIA;KOBIETA;2;22322054
CYPRIANNA;KOBIETA;2;22322056
APOLINE;KOBIETA;2;22322058
CATRINA;KOBIETA;2;22322060
THI BO;KOBIETA;2;22322062
FATEMAH;KOBIETA;2;22322064
CRISELDA;KOBIETA;2;22322066
SELLY;KOBIETA;2;22322068
WIDETTA;KOBIETA;2;22322070
SUNMIN;KOBIETA;2;22322072
YOVEL;KOBIETA;2;22322074
WALTRUD;KOBIETA;2;22322076
TUYET MAI;KOBIETA;2;22322078
TURA;KOBIETA;2;22322080
MAGI;KOBIETA;2;22322082
TARASOVA;KOBIETA;2;22322084
CHOU;KOBIETA;2;22322086
ROMENA;KOBIETA;2;22322088
LOUKA;KOBIETA;2;22322090
ENDANG;KOBIETA;2;22322092
TH? THU NGUY?T;KOBIETA;2;22322094
VIKTORIIA-OLHA;KOBIETA;2;22322096
YASHI;KOBIETA;2;22322098
MENUKA;KOBIETA;2;22322100
EZGI NUR;KOBIETA;2;22322102
TUMURBAATAR;KOBIETA;2;22322104
OLCAY;KOBIETA;2;22322106
CASSY;KOBIETA;2;22322108
YULIIA-SOLOMIIA;KOBIETA;2;22322110
MORGANNE;KOBIETA;2;22322112
ANTOINE;KOBIETA;2;22322114
BRANDI;KOBIETA;2;22322116
VIKKI;KOBIETA;2;22322118
NABIHA;KOBIETA;2;22322120
JUZEFA;KOBIETA;2;22322122
CRISTINA-ANDREEA;KOBIETA;2;22322124
GLIKIERIA;KOBIETA;2;22322126
SEONA;KOBIETA;2;22322128
MUNOJAT;KOBIETA;2;22322130
MYRON;KOBIETA;2;22322132
SEEMAB;KOBIETA;2;22322134
MARUA;KOBIETA;2;22322136
AIJAMAL;KOBIETA;2;22322138
VERONIIA;KOBIETA;2;22322140
RABIATUL;KOBIETA;2;22322142
NAKISA;KOBIETA;2;22322144
JIEHUA;KOBIETA;2;22322146
SURIYA;KOBIETA;2;22322148
FIEN;KOBIETA;2;22322150
HONGYI;KOBIETA;2;22322152
BRIGITE;KOBIETA;2;22322154
ZHIXUAN;KOBIETA;2;22322156
AMORE;KOBIETA;2;22322158
NAMRATHA;KOBIETA;2;22322160
HU;KOBIETA;2;22322162
INDERPREET;KOBIETA;2;22322164
DORSAF;KOBIETA;2;22322166
YALIZAVETA;KOBIETA;2;22322168
SHAN-SHAN;KOBIETA;2;22322170
THI TUYEN;KOBIETA;2;22322172
AYKIZ;KOBIETA;2;22322174
VAN KHANH;KOBIETA;2;22322176
MARIJKE;KOBIETA;2;22322178
FELISIA;KOBIETA;2;22322180
JUDIS;KOBIETA;2;22322182
SAVVINA;KOBIETA;2;22322184
MINHUI;KOBIETA;2;22322186
NIKOLIA;KOBIETA;2;22322188
NIAR;KOBIETA;2;22322190
SHAKHLA;KOBIETA;2;22322192
GUNDELA;KOBIETA;2;22322194
RENEÉ;KOBIETA;2;22322196
ALDJA;KOBIETA;2;22322198
HYOSEON;KOBIETA;2;22322200
TIEYING;KOBIETA;2;22322202
BARA;KOBIETA;2;22322204
PRISILLA;KOBIETA;2;22322206
KA YAN;KOBIETA;2;22322208
ZHONGLAN;KOBIETA;2;22322210
RANIIA;KOBIETA;2;22322212
YOUNG HEE;KOBIETA;2;22322214
CHENOA;KOBIETA;2;22322216
JOUN;KOBIETA;2;22322218
HOKUMA;KOBIETA;2;22322220
FATHEMA;KOBIETA;2;22322222
THI THANH TUYEN;KOBIETA;2;22322224
ERCILIA;KOBIETA;2;22322226
NADIEJA;KOBIETA;2;22322228
KIM PHUONG;KOBIETA;2;22322230
SANSANEE;KOBIETA;2;22322232
GISELLY;KOBIETA;2;22322234
NGOC VI;KOBIETA;2;22322236
KAZYMIRA;KOBIETA;2;22322238
OGULJEMAL;KOBIETA;2;22322240
AGUSTIN;KOBIETA;2;22322242
KAMRUN;KOBIETA;2;22322244
YIXUE;KOBIETA;2;22322246
UXIA;KOBIETA;2;22322248
AGGIE;KOBIETA;2;22322250
AXELA;KOBIETA;2;22322252
MIONA;KOBIETA;2;22322254
FAMKE;KOBIETA;2;22322256
JIAYAN;KOBIETA;2;22322258
ANNYCHKA;KOBIETA;2;22322260
PETRUÞA;KOBIETA;2;22322262
JINMAN;KOBIETA;2;22322264
ANDR?JA;KOBIETA;2;22322266
RATHA;KOBIETA;2;22322268
IBEN;KOBIETA;2;22322270
OJUNA;KOBIETA;2;22322272
KISHWAR;KOBIETA;2;22322274
BÍCH TH?Y;KOBIETA;2;22322276
LATOFAT;KOBIETA;2;22322278
RIFFAT;KOBIETA;2;22322280
NUTSI;KOBIETA;2;22322282
HOLDA;KOBIETA;2;22322284
ALEKSANRA;KOBIETA;2;22322286
ANALOU;KOBIETA;2;22322288
VISHNU;KOBIETA;2;22322290
HYGERTA;KOBIETA;2;22322292
ÖZGENUR;KOBIETA;2;22322294
THI DIEP;KOBIETA;2;22322296
BELISIMA;KOBIETA;2;22322298
XUEZHEN;KOBIETA;2;22322300
THARANI;KOBIETA;2;22322302
ATTILA;KOBIETA;2;22322304
KIYOKO;KOBIETA;2;22322306
SEYRAN;KOBIETA;2;22322308
NALIN;KOBIETA;2;22322310
FIA;KOBIETA;2;22322312
ZOIE;KOBIETA;2;22322314
NABINA;KOBIETA;2;22322316
PARGANE;KOBIETA;2;22322318
LISA-MARIA;KOBIETA;2;22322320
CHIEH;KOBIETA;2;22322322
GERONIMA;KOBIETA;2;22322324
TERSA;KOBIETA;2;22322326
NEWROZ;KOBIETA;2;22322328
KLIMENTINA;KOBIETA;2;22322330
SIDAR;KOBIETA;2;22322332
UURTSAIKH;KOBIETA;2;22322334
VALENTYN;KOBIETA;2;22322336
CHERILYN;KOBIETA;2;22322338
CELESTIA;KOBIETA;2;22322340
MARILIN;KOBIETA;2;22322342
ÉLODIE;KOBIETA;2;22322344
ALMAZA;KOBIETA;2;22322346
VELIMIRA;KOBIETA;2;22322348
KALETA;KOBIETA;2;22322350
XULI;KOBIETA;2;22322352
TH? Y?N;KOBIETA;2;22322354
EMMANOUELA;KOBIETA;2;22322356
KHÁNH AN;KOBIETA;2;22322358
OLISA;KOBIETA;2;22322360
BOGUTYNA;KOBIETA;2;22322362
EDVA;KOBIETA;2;22322364
QIUXIA;KOBIETA;2;22322366
CORDULA;KOBIETA;2;22322368
WED;KOBIETA;2;22322370
ONUTE;KOBIETA;2;22322372
INGRYTA;KOBIETA;2;22322374
DAREJANI;KOBIETA;2;22322376
SNYZHANA;KOBIETA;2;22322378
ALEKSANRDA;KOBIETA;2;22322380
THANH XUÂN;KOBIETA;2;22322382
SOLTANA;KOBIETA;2;22322384
TH? CHÂU;KOBIETA;2;22322386
EWANGELI;KOBIETA;2;22322388
HSIU;KOBIETA;2;22322390
TEFANY;KOBIETA;2;22322392
SELCEN;KOBIETA;2;22322394
KYUNG A;KOBIETA;2;22322396
ENKHTSOLMON;KOBIETA;2;22322398
ZYKFRYDA;KOBIETA;2;22322400
YOUN HEE;KOBIETA;2;22322402
DOBROHNA;KOBIETA;2;22322404
CHENGYING;KOBIETA;2;22322406
JI YOON;KOBIETA;2;22322408
XIYING;KOBIETA;2;22322410
ANNIKKA;KOBIETA;2;22322412
FIDAA;KOBIETA;2;22322414
IONAH;KOBIETA;2;22322416
SONGHWA;KOBIETA;2;22322418
ANGEL?;KOBIETA;2;22322420
ADYLINA;KOBIETA;2;22322422
PETEK;KOBIETA;2;22322424
YRYS;KOBIETA;2;22322426
PHATIMA;KOBIETA;2;22322428
DWEJRA;KOBIETA;2;22322430
JINXIN;KOBIETA;2;22322432
XUAN MAI;KOBIETA;2;22322434
JAKUB;KOBIETA;2;22322436
GENY;KOBIETA;2;22322438
THÁI;KOBIETA;2;22322440
JEONGHYE;KOBIETA;2;22322442
SAHILA;KOBIETA;2;22322444
WARYNIA;KOBIETA;2;22322446
HONGJUAN;KOBIETA;2;22322448
SORCHA;KOBIETA;2;22322450
KATERIN;KOBIETA;2;22322452
HARIR;KOBIETA;2;22322454
HYUNA;KOBIETA;2;22322456
XIYAO;KOBIETA;2;22322458
MEHRONA;KOBIETA;2;22322460
EVIDENCE;KOBIETA;2;22322462
MILANNE;KOBIETA;2;22322464
NGOC MINH CHAU;KOBIETA;2;22322466
TIDHAR;KOBIETA;2;22322468
AINAZIK;KOBIETA;2;22322470
SINAN;KOBIETA;2;22322472
EDJANE;KOBIETA;2;22322474
KINA;KOBIETA;2;22322476
NERGIZ;KOBIETA;2;22322478
MIRVARI;KOBIETA;2;22322480
YUXIANG;KOBIETA;2;22322482
BRIHITA;KOBIETA;2;22322484
MAHSATI;KOBIETA;2;22322486
HEVI;KOBIETA;2;22322488
HILY;KOBIETA;2;22322490
RIYANSHI;KOBIETA;2;22322492
MERCEDEZ;KOBIETA;2;22322494
VARTIKA;KOBIETA;2;22322496
NYA;KOBIETA;2;22322498
HERMON;KOBIETA;2;22322500
KUMRAL;KOBIETA;2;22322502
MESALINA;KOBIETA;2;22322504
NITI;KOBIETA;2;22322506
TANNIA;KOBIETA;2;22322508
GIHAN;KOBIETA;2;22322510
KALLIOPE;KOBIETA;2;22322512
SAKHILE;KOBIETA;2;22322514
LINSEY;KOBIETA;2;22322516
YISET;KOBIETA;2;22322518
BIRTUKAN;KOBIETA;2;22322520
TAHLIA;KOBIETA;2;22322522
MENDY;KOBIETA;2;22322524
KUZMENKO;KOBIETA;2;22322526
HOANG MAI ANH;KOBIETA;2;22322528
YILI;KOBIETA;2;22322530
MARIE-ELIZABETH;KOBIETA;2;22322532
MASKIT;KOBIETA;2;22322534
KENYA;KOBIETA;2;22322536
SHAOCHEN;KOBIETA;2;22322538
IDARA;KOBIETA;2;22322540
MAXYMILIANA;KOBIETA;2;22322542
NGOC TRAM;KOBIETA;2;22322544
ARAME;KOBIETA;2;22322546
TÚ LINH;KOBIETA;2;22322548
DIONELA;KOBIETA;2;22322550
MARLLENA;KOBIETA;2;22322552
HULNAZA;KOBIETA;2;22322554
TAIZA;KOBIETA;2;22322556
SHIVANYA;KOBIETA;2;22322558
COSMA;KOBIETA;2;22322560
NHU MAI;KOBIETA;2;22322562
RUOHAN;KOBIETA;2;22322564
ALEKXANDRA;KOBIETA;2;22322566
DEREN;KOBIETA;2;22322568
GERTI;KOBIETA;2;22322570
BO¯ÊTYNA;KOBIETA;2;22322572
URVASHIBEN;KOBIETA;2;22322574
SIBO;KOBIETA;2;22322576
ANAN;KOBIETA;2;22322578
TH? NGUY?N;KOBIETA;2;22322580
EMERENTIENNE;KOBIETA;2;22322582
LIZZIE;KOBIETA;2;22322584
KADIJA;KOBIETA;2;22322586
SUMAIRA;KOBIETA;2;22322588
ASPAZIIA;KOBIETA;2;22322590
WILUNIA;KOBIETA;2;22322592
NAZISH;KOBIETA;2;22322594
KHURSHIDA;KOBIETA;2;22322596
KHUMAR;KOBIETA;2;22322598
KARYNA-MARIIA;KOBIETA;2;22322600
FRANKLINA;KOBIETA;2;22322602
LAIKA;KOBIETA;2;22322604
LUJIA;KOBIETA;2;22322606
YENNHI;KOBIETA;2;22322608
KIRSTI;KOBIETA;2;22322610
SARANGUA;KOBIETA;2;22322612
ZORAYA;KOBIETA;2;22322614
MARJORY;KOBIETA;2;22322616
JONAH;KOBIETA;2;22322618
LIANYUN;KOBIETA;2;22322620
TSAI-LING;KOBIETA;2;22322622
RKIA;KOBIETA;2;22322624
JESSYCA;KOBIETA;2;22322626
LIZAMA;KOBIETA;2;22322628
KATIJA;KOBIETA;2;22322630
ELINAR;KOBIETA;2;22322632
DRZULIETA;KOBIETA;2;22322634
ZLATITSA;KOBIETA;2;22322636
AMABEL;KOBIETA;2;22322638
ELISAWETA;KOBIETA;2;22322640
NASHWA;KOBIETA;2;22322642
SHARIE;KOBIETA;2;22322644
CHARLIN;KOBIETA;2;22322646
SIFIIA;KOBIETA;2;22322648
ABHAYA;KOBIETA;2;22322650
NAROA;KOBIETA;2;22322652
IDYTA;KOBIETA;2;22322654
ANIZIIA;KOBIETA;2;22322656
MUNISAHON;KOBIETA;2;22322658
LIEYA;KOBIETA;2;22322660
CHARISE;KOBIETA;2;22322662
BAJKA;KOBIETA;2;22322664
VASYLNA;KOBIETA;2;22322666
ALIAKSANDRYNA;KOBIETA;2;22322668
LEELOO;KOBIETA;2;22322670
THAYS;KOBIETA;2;22322672
THI KIM HOA;KOBIETA;2;22322674
KRISTAL;KOBIETA;2;22322676
ZÜMRE;KOBIETA;2;22322678
ZAMZAM;KOBIETA;2;22322680
GHOFRANE;KOBIETA;2;22322682
WARA;KOBIETA;2;22322684
SERGIY;KOBIETA;2;22322686
ZULKHUMOR;KOBIETA;2;22322688
I GUSTI;KOBIETA;2;22322690
AYLIZ;KOBIETA;2;22322692
AASHVI;KOBIETA;2;22322694
VILIA;KOBIETA;2;22322696
SUHANI;KOBIETA;2;22322698
RAFIHA;KOBIETA;2;22322700
SHAKHNISA;KOBIETA;2;22322702
TH? THANH LAN;KOBIETA;2;22322704
DOLZODMAA;KOBIETA;2;22322706
HAZUKI;KOBIETA;2;22322708
LUCESITA;KOBIETA;2;22322710
CZCIS£AWA;KOBIETA;2;22322712
HESTER;KOBIETA;2;22322714
NABAT;KOBIETA;2;22322716
HIDAYA;KOBIETA;2;22322718
ENEGUL;KOBIETA;2;22322720
ALIETA;KOBIETA;2;22322722
ALDEMARA;KOBIETA;2;22322724
JEANNA;KOBIETA;2;22322726
WIDED;KOBIETA;2;22322728
PETRUTA;KOBIETA;2;22322730
SUKAINA;KOBIETA;2;22322732
TENIA;KOBIETA;2;22322734
ONYEKA;KOBIETA;2;22322736
LISBETA;KOBIETA;2;22322738
URIANA;KOBIETA;2;22322740
INGKAR;KOBIETA;2;22322742
RUIQIN;KOBIETA;2;22322744
FATIN;KOBIETA;2;22322746
MUKMINA;KOBIETA;2;22322748
SOPHI;KOBIETA;2;22322750
ALLYN;KOBIETA;2;22322752
NAH?DE;KOBIETA;2;22322754
ZDZISLAVA;KOBIETA;2;22322756
FABIANNA;KOBIETA;2;22322758
COLLETTA;KOBIETA;2;22322760
APOLONIIA;KOBIETA;2;22322762
ZÜLF?YE;KOBIETA;2;22322764
NIMMA;KOBIETA;2;22322766
HAIFAA;KOBIETA;2;22322768
SAN SAN;KOBIETA;2;22322770
AMENAH;KOBIETA;2;22322772
TH? XUY?N;KOBIETA;2;22322774
WERKA;KOBIETA;2;22322776
ESITA;KOBIETA;2;22322778
THI CAM NHUNG;KOBIETA;2;22322780
ANELE;KOBIETA;2;22322782
PIRANGIZ;KOBIETA;2;22322784
MARIA LUISA;KOBIETA;2;22322786
AGNESCA;KOBIETA;2;22322788
RAMULAH;KOBIETA;2;22322790
HARIDIAN;KOBIETA;2;22322792
LILLIENE;KOBIETA;2;22322794
LEBIBE;KOBIETA;2;22322796
EUGENIJA;KOBIETA;2;22322798
ILSIYAR;KOBIETA;2;22322800
KIRANDEEP;KOBIETA;2;22322802
SHEKER;KOBIETA;2;22322804
HAI VAN;KOBIETA;2;22322806
RYO;KOBIETA;2;22322808
ZDANA;KOBIETA;2;22322810
KHANYISA;KOBIETA;2;22322812
PRAJNA;KOBIETA;2;22322814
LUALHATI;KOBIETA;2;22322816
HUAYU;KOBIETA;2;22322818
ISMAHAN;KOBIETA;2;22322820
SULAFA;KOBIETA;2;22322822
PAMÉLA;KOBIETA;2;22322824
SAMAA;KOBIETA;2;22322826
TE-JU;KOBIETA;2;22322828
AGORA;KOBIETA;2;22322830
SRABANI;KOBIETA;2;22322832
N?L;KOBIETA;2;22322834
SOOJIN;KOBIETA;2;22322836
URT?;KOBIETA;2;22322838
ERNIKA;KOBIETA;2;22322840
SUF;KOBIETA;2;22322842
SPERAN?A;KOBIETA;2;22322844
DESSISLAVA;KOBIETA;2;22322846
HANNA-ULIANA;KOBIETA;2;22322848
TH? BÍCH;KOBIETA;2;22322850
LIHUI;KOBIETA;2;22322852
YEHANA;KOBIETA;2;22322854
NISANUR;KOBIETA;2;22322856
ADE£INA;KOBIETA;2;22322858
QINQIN;KOBIETA;2;22322860
ALEXUS;KOBIETA;2;22322862
DAKHMINA;KOBIETA;2;22322864
SHAE;KOBIETA;2;22322866
LISTER;KOBIETA;2;22322868
GERDE;KOBIETA;2;22322870
OLESSIA;KOBIETA;2;22322872
NEYDE;KOBIETA;2;22322874
ENYI;KOBIETA;2;22322876
KHRYSTYNA-ANASTASIIA;KOBIETA;2;22322878
SHANIKA;KOBIETA;2;22322880
LAILIA;KOBIETA;2;22322882
NOLWAZI;KOBIETA;2;22322884
EGOR;KOBIETA;2;22322886
NAMZHILMA;KOBIETA;2;22322888
SERVANE;KOBIETA;2;22322890
SHALIMAR;KOBIETA;2;22322892
RIANNE;KOBIETA;2;22322894
DAMIN;KOBIETA;2;22322896
ORESIA;KOBIETA;2;22322898
SOMAYYEH;KOBIETA;2;22322900
THU THAO;KOBIETA;2;22322902
ULADZISLAU;KOBIETA;2;22322904
BYUNG SOOK;KOBIETA;2;22322906
HANBYEOL;KOBIETA;2;22322908
LAURA-SOPHIE;KOBIETA;2;22322910
WANRU;KOBIETA;2;22322912
BAIRTA;KOBIETA;2;22322914
MIRAÇ;KOBIETA;2;22322916
AM?LIA;KOBIETA;2;22322918
N?SANUR;KOBIETA;2;22322920
DANIELA-MIHAELA;KOBIETA;2;22322922
YI TING;KOBIETA;2;22322924
MIAOFEN;KOBIETA;2;22322926
HAJIN;KOBIETA;2;22322928
GULDEN;KOBIETA;2;22322930
COSTANTINA;KOBIETA;2;22322932
RISHITA;KOBIETA;2;22322934
YAMUR;KOBIETA;2;22322936
DEJIDMAA;KOBIETA;2;22322938
ANNEKA;KOBIETA;2;22322940
AKACJA;KOBIETA;2;22322942
SHUSHYK;KOBIETA;2;22322944
SAFINAZ;KOBIETA;2;22322946
QU?NH MAI;KOBIETA;2;22322948
DÖRTE;KOBIETA;2;22322950
NAMIKA;KOBIETA;2;22322952
FELICITE;KOBIETA;2;22322954
GUINEVERE;KOBIETA;2;22322956
IBIRONKE;KOBIETA;2;22322958
SANIJE;KOBIETA;2;22322960
YUERAN;KOBIETA;2;22322962
YURKYUSH;KOBIETA;2;22322964
NAHEE;KOBIETA;2;22322966
TILLY;KOBIETA;2;22322968
AARTHY;KOBIETA;2;22322970
KOSTENKO;KOBIETA;2;22322972
ASEES;KOBIETA;2;22322974
NIANA;KOBIETA;2;22322976
IRO;KOBIETA;2;22322978
MANMEET;KOBIETA;2;22322980
AGLAIJA;KOBIETA;2;22322982
DIDA;KOBIETA;2;22322984
GIELA;KOBIETA;2;22322986
TOMMY;KOBIETA;2;22322988
AKBERMET;KOBIETA;2;22322990
AFROZA;KOBIETA;2;22322992
ROSALÍA;KOBIETA;2;22322994
DASHURI;KOBIETA;2;22322996
RUIFANG;KOBIETA;2;22322998
VALERIANNA;KOBIETA;2;22323000
WALHA;KOBIETA;2;22323002
MAURYCA;KOBIETA;2;22323004
ASUNCION;KOBIETA;2;22323006
MONING;KOBIETA;2;22323008
LAYSA;KOBIETA;2;22323010
QIUYUN;KOBIETA;2;22323012
SANTHI;KOBIETA;2;22323014
ZHYLDYZKAN;KOBIETA;2;22323016
YUANYING;KOBIETA;2;22323018
USWATUN;KOBIETA;2;22323020
TILIA;KOBIETA;2;22323022
SAWRINA;KOBIETA;2;22323024
REMZIJE;KOBIETA;2;22323026
LEONARDYNA;KOBIETA;2;22323028
PRIYADHARSHINI;KOBIETA;2;22323030
ALIETTE;KOBIETA;2;22323032
JOELINA;KOBIETA;2;22323034
LIONORA;KOBIETA;2;22323036
ASTGIK;KOBIETA;2;22323038
YOVANA;KOBIETA;2;22323040
ARAYA;KOBIETA;2;22323042
POTOLA;KOBIETA;2;22323044
DEWA AYU;KOBIETA;2;22323046
JOYCELYN;KOBIETA;2;22323048
AMILY;KOBIETA;2;22323050
TEDDY;KOBIETA;2;22323052
TH? MINH TRANG;KOBIETA;2;22323054
PELAGIIA;KOBIETA;2;22323056
NATAN;KOBIETA;2;22323058
YURIIA;KOBIETA;2;22323060
BUKOLA;KOBIETA;2;22323062
OLYVIA;KOBIETA;2;22323064
LIDVINA;KOBIETA;2;22323066
LEANDA;KOBIETA;2;22323068
MILVA;KOBIETA;2;22323070
MEKDELAWIT;KOBIETA;2;22323072
ADZHER;KOBIETA;2;22323074
YENING;KOBIETA;2;22323076
KUSUM LATA;KOBIETA;2;22323078
NAVEEDA;KOBIETA;2;22323080
FJORALBA;KOBIETA;2;22323082
MERYEME;KOBIETA;2;22323084
ILLIRIKA;KOBIETA;2;22323086
KAI-TING;KOBIETA;2;22323088
ADELLINA;KOBIETA;2;22323090
AISLU;KOBIETA;2;22323092
HYUN SOOK;KOBIETA;2;22323094
JULAN;KOBIETA;2;22323096
NAUZYKA;KOBIETA;2;22323098
NUTCHA;KOBIETA;2;22323100
AY?EGÜL;KOBIETA;2;22323102
JAREMA;KOBIETA;2;22323104
GUIMEI;KOBIETA;2;22323106
DEVY;KOBIETA;2;22323108
SHIZUE;KOBIETA;2;22323110
KOLIN;KOBIETA;2;22323112
GOLDIE;KOBIETA;2;22323114
LAURA-MARIE;KOBIETA;2;22323116
TH? THU?N;KOBIETA;2;22323118
NAJMEH;KOBIETA;2;22323120
MIRGUL;KOBIETA;2;22323122
EVGIENIA;KOBIETA;2;22323124
OLUBUNMI;KOBIETA;2;22323126
XIANGLING;KOBIETA;2;22323128
TEMI;KOBIETA;2;22323130
CHING-YI;KOBIETA;2;22323132
ANNA-KAMILA;KOBIETA;2;22323134
PRITY;KOBIETA;2;22323136
RIMANTE;KOBIETA;2;22323138
YOONSEO;KOBIETA;2;22323140
MARIIA VIKTORIIA;KOBIETA;2;22323142
HIYAM;KOBIETA;2;22323144
MAR¯ULENA;KOBIETA;2;22323146
LIVIAN;KOBIETA;2;22323148
QINGYU;KOBIETA;2;22323150
STRATULA;KOBIETA;2;22323152
MENGTING;KOBIETA;2;22323154
ÁNH TUY?T;KOBIETA;2;22323156
THANH HAI;KOBIETA;2;22323158
BEHISHTA;KOBIETA;2;22323160
BEREKE;KOBIETA;2;22323162
CERIDWEN;KOBIETA;2;22323164
KAYOUNG;KOBIETA;2;22323166
AMEERA;KOBIETA;2;22323168
MI MI;KOBIETA;2;22323170
THAI AN;KOBIETA;2;22323172
RILLA;KOBIETA;2;22323174
DESIR?E;KOBIETA;2;22323176
GÜL?STAN;KOBIETA;2;22323178
YEMINA;KOBIETA;2;22323180
MA?TÉ;KOBIETA;2;22323182
YARU;KOBIETA;2;22323184
KSANTIPI;KOBIETA;2;22323186
YUEQI;KOBIETA;2;22323188
MIAE;KOBIETA;2;22323190
KHADISHT;KOBIETA;2;22323192
SONGMI;KOBIETA;2;22323194
MINCIA;KOBIETA;2;22323196
ELINETH;KOBIETA;2;22323198
T?JA;KOBIETA;2;22323200
MUSLIMAT;KOBIETA;2;22323202
KONSUELLA;KOBIETA;2;22323204
DONGXIA;KOBIETA;2;22323206
ARIJA;KOBIETA;2;22323208
JAGIENA;KOBIETA;2;22323210
THI HOANG;KOBIETA;2;22323212
EISHA;KOBIETA;2;22323214
ADIJA;KOBIETA;2;22323216
MARKITA;KOBIETA;2;22323218
BETANIA;KOBIETA;2;22323220
SIRINA;KOBIETA;2;22323222
FARHINBANU;KOBIETA;2;22323224
WENHUI;KOBIETA;2;22323226
RIETA;KOBIETA;2;22323228
SUNAN;KOBIETA;2;22323230
KEIT;KOBIETA;2;22323232
JINSOON;KOBIETA;2;22323234
RISMA;KOBIETA;2;22323236
GALINI;KOBIETA;2;22323238
ALIFIA;KOBIETA;2;22323240
KARLIE;KOBIETA;2;22323242
LORYNE;KOBIETA;2;22323244
HENOEFA;KOBIETA;2;22323246
KLER;KOBIETA;2;22323248
NEDMA;KOBIETA;2;22323250
MAYLYN;KOBIETA;2;22323252
DZHEIRAN;KOBIETA;2;22323254
SEQUOIA;KOBIETA;2;22323256
ªEWAL;KOBIETA;2;22323258
ANNA-MONIKA;KOBIETA;2;22323260
DUDU;KOBIETA;2;22323262
KHAING;KOBIETA;2;22323264
NAJAH;KOBIETA;2;22323266
CHUNJIE;KOBIETA;2;22323268
SILVY;KOBIETA;2;22323270
THI KIM THOA;KOBIETA;2;22323272
SEVEN;KOBIETA;2;22323274
MILANA-VIKTORIIA;KOBIETA;2;22323276
UCA;KOBIETA;2;22323278
YELYZAETA;KOBIETA;2;22323280
LIZEL;KOBIETA;2;22323282
KIOK;KOBIETA;2;22323284
SHAKHRIZODA;KOBIETA;2;22323286
SPYRIDOULA;KOBIETA;2;22323288
ADINDA;KOBIETA;2;22323290
B??RA;KOBIETA;2;22323292
STANA;KOBIETA;2;22323294
TH? THANH H?NG;KOBIETA;2;22323296
FARGANA;KOBIETA;2;22323298
LILYEN;KOBIETA;2;22323300
DONELA;KOBIETA;2;22323302
ZHENI;KOBIETA;2;22323304
DESIRE';KOBIETA;2;22323306
JEWANHELINA;KOBIETA;2;22323308
SOUMITA;KOBIETA;2;22323310
NORZHIMA;KOBIETA;2;22323312
SZE WING;KOBIETA;2;22323314
EILEN;KOBIETA;2;22323316
NONGYAO;KOBIETA;2;22323318
IRYNA-DIANA;KOBIETA;2;22323320
KUAN-YI;KOBIETA;2;22323322
MERLENE;KOBIETA;2;22323324
RUUT;KOBIETA;2;22323326
ALEKHYA;KOBIETA;2;22323328
BAILA;KOBIETA;2;22323330
TING-HSUAN;KOBIETA;2;22323332
HUAYING;KOBIETA;2;22323334
GULFIYA;KOBIETA;2;22323336
DZHANINA;KOBIETA;2;22323338
MÉLINA;KOBIETA;2;22323340
CINDYRELLA;KOBIETA;2;22323342
FATIMATOU;KOBIETA;2;22323344
YEVENIIA;KOBIETA;2;22323346
AMEN;KOBIETA;2;22323348
NAMYA;KOBIETA;2;22323350
BOSEDE;KOBIETA;2;22323352
LAURINDA;KOBIETA;2;22323354
UDAYA;KOBIETA;2;22323356
LUOXI;KOBIETA;2;22323358
BOUSHRA;KOBIETA;2;22323360
TSYTSYGMA;KOBIETA;2;22323362
MAGRID;KOBIETA;2;22323364
NANITA;KOBIETA;2;22323366
BAIQ;KOBIETA;2;22323368
NEJNA;KOBIETA;2;22323370
DENSMAA;KOBIETA;2;22323372
SLAÐANA;KOBIETA;2;22323374
HUIRU;KOBIETA;2;22323376
RUNGNAPA;KOBIETA;2;22323378
THAMIRES;KOBIETA;2;22323380
KATIRA;KOBIETA;2;22323382
JASNEET;KOBIETA;2;22323384
GÜLSEV;KOBIETA;2;22323386
ELVI;KOBIETA;2;22323388
CEDRA;KOBIETA;2;22323390
PI-JU;KOBIETA;2;22323392
ESIL;KOBIETA;2;22323394
OKASANA;KOBIETA;2;22323396
SOON;KOBIETA;2;22323398
ANSATASIIA;KOBIETA;2;22323400
IMA-ABASI;KOBIETA;2;22323402
AAIRA;KOBIETA;2;22323404
DZENA;KOBIETA;2;22323406
JACYNA;KOBIETA;2;22323408
NETA-LY;KOBIETA;2;22323410
HILTRAUDA;KOBIETA;2;22323412
JI HEE;KOBIETA;2;22323414
TOLIA;KOBIETA;2;22323416
SHRITA;KOBIETA;2;22323418
HYOJEONG;KOBIETA;2;22323420
MARYORI;KOBIETA;2;22323422
ALETHEA;KOBIETA;2;22323424
MIRHA;KOBIETA;2;22323426
IMEE;KOBIETA;2;22323428
ATLANA;KOBIETA;2;22323430
KAGHTSRIK;KOBIETA;2;22323432
DOLEV;KOBIETA;2;22323434
SHUBHAM;KOBIETA;2;22323436
ITZEL;KOBIETA;2;22323438
TH? KIM ANH;KOBIETA;2;22323440
MEHL?KA;KOBIETA;2;22323442
NIGYAR;KOBIETA;2;22323444
HO?I AN;KOBIETA;2;22323446
MARCELIN;KOBIETA;2;22323448
QIUXIANG;KOBIETA;2;22323450
ENIKE;KOBIETA;2;22323452
JELICA;KOBIETA;2;22323454
KRISTIANNA;KOBIETA;2;22323456
RAJWINDER;KOBIETA;2;22323458
JAIN;KOBIETA;2;22323460
OLENA-VIKTORIIA;KOBIETA;2;22323462
ZITONG;KOBIETA;2;22323464
GURMEET;KOBIETA;2;22323466
HRIDYA;KOBIETA;2;22323468
THI BAC;KOBIETA;2;22323470
EDIA;KOBIETA;2;22323472
ÖZGÜN;KOBIETA;2;22323474
PAOLA ANDREA;KOBIETA;2;22323476
MZEVINARI;KOBIETA;2;22323478
NEBIYAT;KOBIETA;2;22323480
PUSHTI;KOBIETA;2;22323482
JUNYI;KOBIETA;2;22323484
ALIENA;KOBIETA;2;22323486
MYNODORA;KOBIETA;2;22323488
KHADE;KOBIETA;2;22323490
KRYSTEN;KOBIETA;2;22323492
SIMUZAR;KOBIETA;2;22323494
JAYMIE;KOBIETA;2;22323496
AGREPINA;KOBIETA;2;22323498
DRA¯YNA;KOBIETA;2;22323500
LUCIA-SOPHIE;KOBIETA;2;22323502
HILKE;KOBIETA;2;22323504
YAVHENIIA;KOBIETA;2;22323506
MARIA JADWIGA;KOBIETA;2;22323508
YE'ELA;KOBIETA;2;22323510
SALAMAT;KOBIETA;2;22323512
MAELIE;KOBIETA;2;22323514
MARIA LUIZA;KOBIETA;2;22323516
KENDAL;KOBIETA;2;22323518
PELAGIYA;KOBIETA;2;22323520
MUAMMER;KOBIETA;2;22323522
AUGUSTINE;KOBIETA;2;22323524
MARI-NIKOL;KOBIETA;2;22323526
JAASRITHA;KOBIETA;2;22323528
SAEEDEH;KOBIETA;2;22323530
SEMI;KOBIETA;2;22323532
LETTA;KOBIETA;2;22323534
ANNESSA;KOBIETA;2;22323536
ARISSA;KOBIETA;2;22323538
SONGMEI;KOBIETA;2;22323540
LUKERJA;KOBIETA;2;22323542
SUEL;KOBIETA;2;22323544
BIBISSARA;KOBIETA;2;22323546
MYRSINI;KOBIETA;2;22323548
SPOORTHI;KOBIETA;2;22323550
NAFOSAT;KOBIETA;2;22323552
MIN JI;KOBIETA;2;22323554
JASSMINE;KOBIETA;2;22323556
KAYTLYN;KOBIETA;2;22323558
LATICA;KOBIETA;2;22323560
RITHVIKA;KOBIETA;2;22323562
GIZBAS;KOBIETA;2;22323564
HSUAN-YU;KOBIETA;2;22323566
AIKORKEM;KOBIETA;2;22323568
NAKHSHUN;KOBIETA;2;22323570
DAJNA;KOBIETA;2;22323572
SHAKHILA;KOBIETA;2;22323574
KUMUSH;KOBIETA;2;22323576
SOOK JA;KOBIETA;2;22323578
PAGONA;KOBIETA;2;22323580
KALIPSO;KOBIETA;2;22323582
VASVIE;KOBIETA;2;22323584
MA?WENN;KOBIETA;2;22323586
LEMONI;KOBIETA;2;22323588
ELISEA;KOBIETA;2;22323590
IVICA;KOBIETA;2;22323592
SIEVINCH;KOBIETA;2;22323594
CHU;KOBIETA;2;22323596
ANNA-SOFIYA;KOBIETA;2;22323598
AIYANA;KOBIETA;2;22323600
ILLARIYA;KOBIETA;2;22323602
SHRISHTI;KOBIETA;2;22323604
ZHAOHUA;KOBIETA;2;22323606
PATTAMAPORN;KOBIETA;2;22323608
ROSSELINA;KOBIETA;2;22323610
MARTYNKA;KOBIETA;2;22323612
LAZAREVA;KOBIETA;2;22323614
THI MINH LY;KOBIETA;2;22323616
YOULIA;KOBIETA;2;22323618
TIL;KOBIETA;2;22323620
FRIMETA;KOBIETA;2;22323622
PARYSADA;KOBIETA;2;22323624
ININA;KOBIETA;2;22323626
MOHRU;KOBIETA;2;22323628
ZIYARAT;KOBIETA;2;22323630
MIDJA;KOBIETA;2;22323632
LICH;KOBIETA;2;22323634
BLA¯ENA;KOBIETA;2;22323636
SAREN;KOBIETA;2;22323638
HAIXIN;KOBIETA;2;22323640
MARIE-FLORE;KOBIETA;2;22323642
EUFIMIA;KOBIETA;2;22323644
SWET£A;KOBIETA;2;22323646
ROAA;KOBIETA;2;22323648
INARTA;KOBIETA;2;22323650
MUNIRE;KOBIETA;2;22323652
SORENTA;KOBIETA;2;22323654
MAITANA;KOBIETA;2;22323656
CHERRIL;KOBIETA;2;22323658
MIERAF;KOBIETA;2;22323660
LIUDVINA;KOBIETA;2;22323662
SENIORA;KOBIETA;2;22323664
BURGUNDA;KOBIETA;2;22323666
IRMTRAUD;KOBIETA;2;22323668
ORESA;KOBIETA;2;22323670
JANIA;KOBIETA;2;22323672
HÉLOISE;KOBIETA;2;22323674
JUTHATIP;KOBIETA;2;22323676
WEN-HSIN;KOBIETA;2;22323678
NEH?R;KOBIETA;2;22323680
NORIN;KOBIETA;2;22323682
NAT?LIA;KOBIETA;2;22323684
ANELORA;KOBIETA;2;22323686
INOLA;KOBIETA;2;22323688
SYNILGA;KOBIETA;2;22323690
HAI MY;KOBIETA;2;22323692
GULBANIZ;KOBIETA;2;22323694
ANNAPURNA;KOBIETA;2;22323696
JULIS£AWA;KOBIETA;2;22323698
IRUM;KOBIETA;2;22323700
ZHIYI;KOBIETA;2;22323702
MINH ÁNH;KOBIETA;2;22323704
SHERON;KOBIETA;2;22323706
MAICA;KOBIETA;2;22323708
SUPANEE;KOBIETA;2;22323710
NHIEN;KOBIETA;2;22323712
EUNSOL;KOBIETA;2;22323714
THANYALAK;KOBIETA;2;22323716
BATGEREL;KOBIETA;2;22323718
CHELSI;KOBIETA;2;22323720
SUNANDA;KOBIETA;2;22323722
MERIYAN;KOBIETA;2;22323724
YEFYMIIA;KOBIETA;2;22323726
THU PHUONG;KOBIETA;2;22323728
HAIPING;KOBIETA;2;22323730
SENTIA;KOBIETA;2;22323732
SHANIE;KOBIETA;2;22323734
POLYANNA;KOBIETA;2;22323736
SHOKHISTAKHON;KOBIETA;2;22323738
JACOBI;KOBIETA;2;22323740
SOYUN;KOBIETA;2;22323742
MALISA;KOBIETA;2;22323744
SILEN;KOBIETA;2;22323746
NAIIA;KOBIETA;2;22323748
RAUSHANIIA;KOBIETA;2;22323750
LICHAO;KOBIETA;2;22323752
ADRYANNA;KOBIETA;2;22323754
UMAI;KOBIETA;2;22323756
HASNA;KOBIETA;2;22323758
WENNIE;KOBIETA;2;22323760
YOUYOU;KOBIETA;2;22323762
MILAWIA;KOBIETA;2;22323764
UCHECHI;KOBIETA;2;22323766
SIOMARA;KOBIETA;2;22323768
SOHA;KOBIETA;2;22323770
MENGJIN;KOBIETA;2;22323772
THI THUY TRANG;KOBIETA;2;22323774
MARIAT;KOBIETA;2;22323776
KUZIVAKWASHE;KOBIETA;2;22323778
ZIERA;KOBIETA;2;22323780
LYBOW;KOBIETA;2;22323782
REYMALYN;KOBIETA;2;22323784
DEJA;KOBIETA;2;22323786
JEEL;KOBIETA;2;22323788
LEONILDA;KOBIETA;2;22323790
HAIWEI;KOBIETA;2;22323792
WIANIA;KOBIETA;2;22323794
EFTELYA;KOBIETA;2;22323796
NATALLY;KOBIETA;2;22323798
EVERJOY;KOBIETA;2;22323800
MESSAOUDA;KOBIETA;2;22323802
ÜLKÜ;KOBIETA;2;22323804
JAROCHNA;KOBIETA;2;22323806
SRIYANI;KOBIETA;2;22323808
SOMYA;KOBIETA;2;22323810
AHREUM;KOBIETA;2;22323812
GORYS£AWA;KOBIETA;2;22323814
DUBRAVA;KOBIETA;2;22323816
JUNU;KOBIETA;2;22323818
ADEN;KOBIETA;2;22323820
VALENTYNA-VIKTORIIA;KOBIETA;2;22323822
JOANAH;KOBIETA;2;22323824
TIMNA;KOBIETA;2;22323826
KIRYIA;KOBIETA;2;22323828
RUOYING;KOBIETA;2;22323830
KORNWIKA;KOBIETA;2;22323832
RESMIE;KOBIETA;2;22323834
SZAROTA;KOBIETA;2;22323836
RUGIYA;KOBIETA;2;22323838
GISELLA;KOBIETA;2;22323840
EZZA;KOBIETA;2;22323842
AREGNAZAN;KOBIETA;2;22323844
FLORDELIZA;KOBIETA;2;22323846
DARIKA;KOBIETA;2;22323848
PRANOTI;KOBIETA;2;22323850
MARGARYTE;KOBIETA;2;22323852
AGNESKA;KOBIETA;2;22323854
EJEGUL;KOBIETA;2;22323856
SEDONIA;KOBIETA;2;22323858
YAREMIIA;KOBIETA;2;22323860
JAKLINE;KOBIETA;2;22323862
JAKUBA;KOBIETA;2;22323864
EUALIA;KOBIETA;2;22323866
SWANTJE;KOBIETA;2;22323868
MALIDA;KOBIETA;2;22323870
TH? NG?;KOBIETA;2;22323872
OMOWUMI;KOBIETA;2;22323874
SHAWNA;KOBIETA;2;22323876
NAGHAM;KOBIETA;2;22323878
APSARA;KOBIETA;2;22323880
BRINDA;KOBIETA;2;22323882
JIAXUAN;KOBIETA;2;22323884
JEEHYUN;KOBIETA;2;22323886
VASYLIKA;KOBIETA;2;22323888
BAOFEN;KOBIETA;2;22323890
CHRYSO;KOBIETA;2;22323892
DWORA;KOBIETA;2;22323894
BÍCH TH?O;KOBIETA;2;22323896
ZUNAIRA;KOBIETA;2;22323898
CHANDRIMA;KOBIETA;2;22323900
LAKSHANA;KOBIETA;2;22323902
LAIRA;KOBIETA;2;22323904
NAME;KOBIETA;2;22323906
MARIE-HELENE;KOBIETA;2;22323908
FITORE;KOBIETA;2;22323910
MULAN;KOBIETA;2;22323912
KUMI;KOBIETA;2;22323914
SABIYA;KOBIETA;2;22323916
EL?FNAZ;KOBIETA;2;22323918
ELANOR;KOBIETA;2;22323920
ARELY;KOBIETA;2;22323922
LORENCIA;KOBIETA;2;22323924
NINGNING;KOBIETA;2;22323926
NIELIA;KOBIETA;2;22323928
YEKTA;KOBIETA;2;22323930
CEC?LIA;KOBIETA;2;22323932
MARISELA;KOBIETA;2;22323934
NIAL;KOBIETA;2;22323936
SILUANA;KOBIETA;2;22323938
STOJA;KOBIETA;2;22323940
DILNORA;KOBIETA;2;22323942
DAGMIRA;KOBIETA;2;22323944
PALLABI;KOBIETA;2;22323946
MANEERAT;KOBIETA;2;22323948
SIRLEY;KOBIETA;2;22323950
ASIMULA;KOBIETA;2;22323952
ARMYNE;KOBIETA;2;22323954
KARIANNA;KOBIETA;2;22323956
NURILA;KOBIETA;2;22323958
SOFFI;KOBIETA;2;22323960
ADEDOLAPO;KOBIETA;2;22323962
GUIHONG;KOBIETA;2;22323964
JEIN;KOBIETA;2;22323966
MALKH-AZNI;KOBIETA;2;22323968
LANH;KOBIETA;2;22323970
ROLETTA;KOBIETA;2;22323972
FIEOFANIA;KOBIETA;2;22323974
AIHIUL;KOBIETA;2;22323976
JESSICCA;KOBIETA;2;22323978
MARCO;KOBIETA;2;22323980
ELENA-ARGENTINA;KOBIETA;2;22323982
YOUVAL;KOBIETA;2;22323984
ASTINA;KOBIETA;2;22323986
ORLOVA;KOBIETA;2;22323988
LESLIE ANN;KOBIETA;2;22323990
GIA NHI;KOBIETA;2;22323992
SUNAH;KOBIETA;2;22323994
ALESA;KOBIETA;2;22323996
OANA-ALINA;KOBIETA;2;22323998
ARVENA;KOBIETA;2;22324000
SCHANEL;KOBIETA;2;22324002
ASILA;KOBIETA;2;22324004
MINH KHUE;KOBIETA;2;22324006
SANSKRITI;KOBIETA;2;22324008
RADIST;KOBIETA;2;22324010
HEHETSYK;KOBIETA;2;22324012
TAISHA;KOBIETA;2;22324014
ROMANENKO;KOBIETA;2;22324016
TKACHENKO;KOBIETA;2;22324018
TRAJANA;KOBIETA;2;22324020
AQEELAH;KOBIETA;2;22324022
MARRY;KOBIETA;2;22324024
THUY CHI;KOBIETA;2;22324026
MINGJIA;KOBIETA;2;22324028
SATJA;KOBIETA;2;22324030
ENKHCHIMEG;KOBIETA;2;22324032
GEENA;KOBIETA;2;22324034
TUG?BA;KOBIETA;2;22324036
ULDANAY;KOBIETA;2;22324038
SEMINE;KOBIETA;2;22324040
GAMZENUR;KOBIETA;2;22324042
AHD;KOBIETA;2;22324044
ABELLA;KOBIETA;2;22324046
JINGYEONG;KOBIETA;2;22324048
JAEIN;KOBIETA;2;22324050
LIJIN;KOBIETA;2;22324052
TH? L?I;KOBIETA;2;22324054
KANWAL;KOBIETA;2;22324056
NESHA;KOBIETA;2;22324058
NAILIE;KOBIETA;2;22324060
MARJOLA;KOBIETA;2;22324062
DIL KUMARI;KOBIETA;2;22324064
ULMEKEN;KOBIETA;2;22324066
KALAMKAS;KOBIETA;2;22324068
EWELYN;KOBIETA;2;22324070
ELWINIA;KOBIETA;2;22324072
SHAYLI;KOBIETA;2;22324074
SAMEA;KOBIETA;2;22324076
HYUNSOO;KOBIETA;2;22324078
KIEU OANH;KOBIETA;2;22324080
CHAUNTELL;KOBIETA;2;22324082
THANEESHA;KOBIETA;2;22324084
KA?THE;KOBIETA;2;22324086
ANNELISSE;KOBIETA;2;22324088
YOUNGHEE;KOBIETA;2;22324090
MEGHABEN;KOBIETA;2;22324092
JAC?UELINE;KOBIETA;2;22324094
NATANYA;KOBIETA;2;22324096
JAKÓBINA;KOBIETA;2;22324098
D¯ENETTA;KOBIETA;2;22324100
TRUSHABEN;KOBIETA;2;22324102
MARIJKA;KOBIETA;2;22324104
JULIËTTE;KOBIETA;2;22324106
DOROS£AWA;KOBIETA;2;22324108
OPAL;KOBIETA;2;22324110
JINYOUNG;KOBIETA;2;22324112
FERIYAN;KOBIETA;2;22324114
PARASCHIVA;KOBIETA;2;22324116
ABENA;KOBIETA;2;22324118
ANNE-KATRIN;KOBIETA;2;22324120
BIJAL;KOBIETA;2;22324122
TH? THÚY H?;KOBIETA;2;22324124
ANNA-NICOLE;KOBIETA;2;22324126
MARICHEL;KOBIETA;2;22324128
H?CRET;KOBIETA;2;22324130
DEYSE;KOBIETA;2;22324132
GIULDANA;KOBIETA;2;22324134
MARILA;KOBIETA;2;22324136
ISPIRAK;KOBIETA;2;22324138
SILIN;KOBIETA;2;22324140
AMUTHA;KOBIETA;2;22324142
AISYAH;KOBIETA;2;22324144
KINHA;KOBIETA;2;22324146
MYONG SIM;KOBIETA;2;22324148
MAYDAT;KOBIETA;2;22324150
MAKANAKA;KOBIETA;2;22324152
AITAKIN;KOBIETA;2;22324154
TUMAR;KOBIETA;2;22324156
DORIKA;KOBIETA;2;22324158
CHAEYI;KOBIETA;2;22324160
FANYA;KOBIETA;2;22324162
MEYLIN;KOBIETA;2;22324164
JESMIN;KOBIETA;2;22324166
MINGHUI;KOBIETA;2;22324168
JIAYUN;KOBIETA;2;22324170
RAJBIR;KOBIETA;2;22324172
BAS£AWA;KOBIETA;2;22324174
ONYOU;KOBIETA;2;22324176
KÜBRA NUR;KOBIETA;2;22324178
JASKIRAT;KOBIETA;2;22324180
ARUSIK;KOBIETA;2;22324182
ARGIRO;KOBIETA;2;22324184
KIAN;KOBIETA;2;22324186
OKTYABRYNA;KOBIETA;2;22324188
SO£OMIA;KOBIETA;2;22324190
LORENE;KOBIETA;2;22324192
CALYPSO;KOBIETA;2;22324194
LAURENIA;KOBIETA;2;22324196
TAZAGIUL;KOBIETA;2;22324198
AL?NA;KOBIETA;2;22324200
SANGEUN;KOBIETA;2;22324202
HALYNKA;KOBIETA;2;22324204
SOKHNA;KOBIETA;2;22324206
ANNA-ROKSOLANA;KOBIETA;2;22324208
NATALIIA-VIKTORIIA;KOBIETA;2;22324210
MARIDEL;KOBIETA;2;22324212
NASIRA;KOBIETA;2;22324214
TH? BÍNH;KOBIETA;2;22324216
EDLIRA;KOBIETA;2;22324218
ISLAY;KOBIETA;2;22324220
GRETHEL;KOBIETA;2;22324222
TANIDA;KOBIETA;2;22324224
ADRINA;KOBIETA;2;22324226
ANSAM;KOBIETA;2;22324228
SINILHA;KOBIETA;2;22324230
AREVAT;KOBIETA;2;22324232
RENTSENKHAND;KOBIETA;2;22324234
NIJA;KOBIETA;2;22324236
ADISSA;KOBIETA;2;22324238
YOUNGJU;KOBIETA;2;22324240
ZARIPA;KOBIETA;2;22324242
SOFIIA-NIKOL;KOBIETA;2;22324244
TOFILIA;KOBIETA;2;22324246
IIRIS;KOBIETA;2;22324248
ANOTIDA;KOBIETA;2;22324250
DAYLIN;KOBIETA;2;22324252
KUNDISAI;KOBIETA;2;22324254
THEOFANI;KOBIETA;2;22324256
AOUATIF;KOBIETA;2;22324258
LINGZHI;KOBIETA;2;22324260
VICENTA;KOBIETA;2;22324262
LILLYANNA;KOBIETA;2;22324264
KARYA;KOBIETA;2;22324266
YUME;KOBIETA;2;22324268
ADELAJA;KOBIETA;2;22324270
ARKADIIA;KOBIETA;2;22324272
DARCI;KOBIETA;2;22324274
DANGIRA;KOBIETA;2;22324276
ZETA;KOBIETA;2;22324278
LAWIA;KOBIETA;2;22324280
JERUSHA;KOBIETA;2;22324282
OLENTYNA;KOBIETA;2;22324284
SOMAYE;KOBIETA;2;22324286
JANNIFER;KOBIETA;2;22324288
AKSA;KOBIETA;2;22324290
WEICHUN;KOBIETA;2;22324292
JOULIETTA;KOBIETA;2;22324294
GEMA MARIA;KOBIETA;2;22324296
JAPNEET;KOBIETA;2;22324298
KHAJIDSUREN;KOBIETA;2;22324300
JISKA;KOBIETA;2;22324302
ODYSEJA;KOBIETA;2;22324304
SIKE;KOBIETA;2;22324306
WIRSAWIJA;KOBIETA;2;22324308
THI VAN HUONG;KOBIETA;2;22324310
TOLIMIRA;KOBIETA;2;22324312
THI THI;KOBIETA;2;22324314
SATORI;KOBIETA;2;22324316
PHAILIN;KOBIETA;2;22324318
VEOLETTA;KOBIETA;2;22324320
RAYANE;KOBIETA;2;22324322
BEGONA;KOBIETA;2;22324324
OLANTYNA;KOBIETA;2;22324326
WIWIAN;KOBIETA;2;22324328
LEOS£AWA;KOBIETA;2;22324330
BERR?N;KOBIETA;2;22324332
HARA;KOBIETA;2;22324334
ANBAR;KOBIETA;2;22324336
VIKTIRIIA;KOBIETA;2;22324338
SENONA;KOBIETA;2;22324340
MALVÍNA;KOBIETA;2;22324342
DOBRUSIA;KOBIETA;2;22324344
ETHY;KOBIETA;2;22324346
AR?N?;KOBIETA;2;22324348
ZLATOMYRA;KOBIETA;2;22324350
ASYNIFA;KOBIETA;2;22324352
ZLAMA;KOBIETA;2;22324354
MASTURA;KOBIETA;2;22324356
SITORAKHON;KOBIETA;2;22324358
SHIJIA;KOBIETA;2;22324360
ORLAITH;KOBIETA;2;22324362
YVONN;KOBIETA;2;22324364
SHAGHAYEGH;KOBIETA;2;22324366
ZEBA;KOBIETA;2;22324368
SAILA;KOBIETA;2;22324370
ILAF;KOBIETA;2;22324372
DARYSLAVA;KOBIETA;2;22324374
SHAMAM;KOBIETA;2;22324376
JOU-AN;KOBIETA;2;22324378
ALBIONA;KOBIETA;2;22324380
ENASS;KOBIETA;2;22324382
KRUTIKA;KOBIETA;2;22324384
ZUMRATKHON;KOBIETA;2;22324386
MILANA-ANNA;KOBIETA;2;22324388
LYUDMI£A;KOBIETA;2;22324390
ROSSLYN;KOBIETA;2;22324392
EDLYN;KOBIETA;2;22324394
ALEJANDRINA;KOBIETA;2;22324396
QIUHONG;KOBIETA;2;22324398
MOHADESEH;KOBIETA;2;22324400
ALLANA;KOBIETA;2;22324402
MADIYA;KOBIETA;2;22324404
RAILI;KOBIETA;2;22324406
JUNHUA;KOBIETA;2;22324408
BOJENA;KOBIETA;2;22324410
RABINA;KOBIETA;2;22324412
THUY DUNG;KOBIETA;2;22324414
SABIANA;KOBIETA;2;22324416
DILANGEZ;KOBIETA;2;22324418
ODINAKHON;KOBIETA;2;22324420
ZHALE;KOBIETA;2;22324422
SHANE;KOBIETA;2;22324424
GUZIAL;KOBIETA;2;22324426
CRISTINA-IONELA;KOBIETA;2;22324428
BOHYEON;KOBIETA;2;22324430
THIA;KOBIETA;2;22324432
THI KIM TUYET;KOBIETA;2;22324434
BOTHAINA;KOBIETA;2;22324436
KIRACA;KOBIETA;2;22324438
BINCY;KOBIETA;2;22324440
SELMEG;KOBIETA;2;22324442
CHEZA;KOBIETA;2;22324444
IMANA;KOBIETA;2;22324446
CHAITANYA;KOBIETA;2;22324448
RHIA;KOBIETA;2;22324450
GIEORGIA;KOBIETA;2;22324452
SZINA;KOBIETA;2;22324454
SEWINCZ;KOBIETA;2;22324456
SIEVIL;KOBIETA;2;22324458
AVIANA;KOBIETA;2;22324460
TKHI KHAN;KOBIETA;2;22324462
ADEDOYIN;KOBIETA;2;22324464
OGECHI;KOBIETA;2;22324466
SHANVIKA;KOBIETA;2;22324468
HANARATA;KOBIETA;2;22324470
RAMILE;KOBIETA;2;22324472
MALINOVSKA;KOBIETA;2;22324474
SUADA;KOBIETA;2;22324476
AL?YE;KOBIETA;2;22324478
GAGANPREET;KOBIETA;2;22324480
NEEYA;KOBIETA;2;22324482
HONORA;KOBIETA;2;22324484
MATTIA;KOBIETA;2;22324486
AIYUN;KOBIETA;2;22324488
SARANTUYA;KOBIETA;2;22324490
ORMIANA;KOBIETA;2;22324492
HEESUK;KOBIETA;2;22324494
JUANRU;KOBIETA;2;22324496
DEBIKA;KOBIETA;2;22324498
BOGUSZA;KOBIETA;2;22324500
SOKNY;KOBIETA;2;22324502
ENNATA;KOBIETA;2;22324504
JOELYN;KOBIETA;2;22324506
WENTAO;KOBIETA;2;22324508
IWONNE;KOBIETA;2;22324510
AMIREH;KOBIETA;2;22324512
DAPHNEE;KOBIETA;2;22324514
NABI;KOBIETA;2;22324516
TKACH;KOBIETA;2;22324518
VALBONE;KOBIETA;2;22324520
MI JIN;KOBIETA;2;22324522
ARAD;KOBIETA;2;22324524
JÓHANNA;KOBIETA;2;22324526
DUICA;KOBIETA;2;22324528
HASIBE;KOBIETA;2;22324530
YONGFANG;KOBIETA;2;22324532
MERIS;KOBIETA;2;22324534
SHAILEE;KOBIETA;2;22324536
DANGIA;KOBIETA;2;22324538
RUSSALINA;KOBIETA;2;22324540
NOYEM;KOBIETA;2;22324542
SARABJIT;KOBIETA;2;22324544
MAHMURE;KOBIETA;2;22324546
MALANKA;KOBIETA;2;22324548
AGDA;KOBIETA;2;22324550
GUSTYNA;KOBIETA;2;22324552
ROENA;KOBIETA;2;22324554
TEIIA;KOBIETA;2;22324556
KETRINA;KOBIETA;2;22324558
GHAMRA;KOBIETA;2;22324560
AMBERLY;KOBIETA;2;22324562
V?CDAN;KOBIETA;2;22324564
LIUTTSIIA;KOBIETA;2;22324566
NI MADE DWI;KOBIETA;2;22324568
GRAZIELA;KOBIETA;2;22324570
JAEWON;KOBIETA;2;22324572
RAIIANA;KOBIETA;2;22324574
CIRA;KOBIETA;2;22324576
NAHEEL;KOBIETA;2;22324578
MA?LYS;KOBIETA;2;22324580
MEIRAMGUL;KOBIETA;2;22324582
RUNQIU;KOBIETA;2;22324584
NEINA;KOBIETA;2;22324586
MALWINKA;KOBIETA;2;22324588
MICHAËLA;KOBIETA;2;22324590
REWANA;KOBIETA;2;22324592
AMANE;KOBIETA;2;22324594
IOSANA;KOBIETA;2;22324596
DIODORA;KOBIETA;2;22324598
ªÜKR?YE;KOBIETA;2;22324600
NIERZANNA;KOBIETA;2;22324602
KSANDRA;KOBIETA;2;22324604
INTI;KOBIETA;2;22324606
SHUZHEN;KOBIETA;2;22324608
FANGFEI;KOBIETA;2;22324610
BIANCA-ELENA;KOBIETA;2;22324612
ANISLEY;KOBIETA;2;22324614
K£AWDIJA;KOBIETA;2;22324616
DENITZA;KOBIETA;2;22324618
SHEULI;KOBIETA;2;22324620
KRATI;KOBIETA;2;22324622
RUIZHU;KOBIETA;2;22324624
THI THANH NHAN;KOBIETA;2;22324626
THU AN;KOBIETA;2;22324628
LIANG-YI;KOBIETA;2;22324630
JOOHA;KOBIETA;2;22324632
MIMMA;KOBIETA;2;22324634
SUI;KOBIETA;2;22324636
ORASA;KOBIETA;2;22324638
YADZVIHA;KOBIETA;2;22324640
FANGYI;KOBIETA;2;22324642
RECHLA;KOBIETA;2;22324644
NAYDA;KOBIETA;2;22324646
THI THIN;KOBIETA;2;22324648
UVAROVA;KOBIETA;2;22324650
NINELA;KOBIETA;2;22324652
MEIFANG;KOBIETA;2;22324654
AISSATU;KOBIETA;2;22324656
TIAH;KOBIETA;2;22324658
PADMINI;KOBIETA;2;22324660
SARBINAZ;KOBIETA;2;22324662
MARIA-CAMELIA;KOBIETA;2;22324664
BRISEIDA;KOBIETA;2;22324666
KARISA;KOBIETA;2;22324668
NGOC NHA UYEN;KOBIETA;2;22324670
SU HYUN;KOBIETA;2;22324672
WILLANA;KOBIETA;2;22324674
INGELISE;KOBIETA;2;22324676
RIMON;KOBIETA;2;22324678
LEOLALIA;KOBIETA;2;22324680
THANDEKILE;KOBIETA;2;22324682
NAOMY;KOBIETA;2;22324684
BRUNONA;KOBIETA;2;22324686
THI LAN TRINH;KOBIETA;2;22324688
GERTUDA;KOBIETA;2;22324690
AMFISA;KOBIETA;2;22324692
YURU;KOBIETA;2;22324694
YUNE;KOBIETA;2;22324696
ELDONA;KOBIETA;2;22324698
SRAVANI;KOBIETA;2;22324700
SHAKHLOKHON;KOBIETA;2;22324702
KALERIJA;KOBIETA;2;22324704
MEKHRIBON;KOBIETA;2;22324706
GUNDEL;KOBIETA;2;22324708
XIANLAN;KOBIETA;2;22324710
RELINDIS;KOBIETA;2;22324712
SHAMPA;KOBIETA;2;22324714
ROSWITTA;KOBIETA;2;22324716
XXX;KOBIETA;2;22324718
SALIMATA;KOBIETA;2;22324720
VASKA;KOBIETA;2;22324722
WEIWEN;KOBIETA;2;22324724
DOHEE;KOBIETA;2;22324726
HELIENA;KOBIETA;2;22324728
FAT?ME;KOBIETA;2;22324730
ARIJ;KOBIETA;2;22324732
SANNI;KOBIETA;2;22324734
MELLANY;KOBIETA;2;22324736
MARTI;KOBIETA;2;22324738
YELANTA;KOBIETA;2;22324740
MEIHAN;KOBIETA;2;22324742
TUYET LINH;KOBIETA;2;22324744
APOLLINARIYA;KOBIETA;2;22324746
YUN HEE;KOBIETA;2;22324748
GON;KOBIETA;2;22324750
TEMENUGA;KOBIETA;2;22324752
ADELEIDA;KOBIETA;2;22324754
ZIPPORA;KOBIETA;2;22324756
STAFANIIA;KOBIETA;2;22324758
RYANE;KOBIETA;2;22324760
SHOKHNOZA;KOBIETA;2;22324762
ESENGÜL;KOBIETA;2;22324764
LIANG;KOBIETA;2;22324766
RAVEENA;KOBIETA;2;22324768
PURVA;KOBIETA;2;22324770
RUIQI;KOBIETA;2;22324772
KALIE;KOBIETA;2;22324774
ROZE;KOBIETA;2;22324776
GREJS;KOBIETA;2;22324778
NOVITA;KOBIETA;2;22324780
MANSHUK;KOBIETA;2;22324782
MRUDULA;KOBIETA;2;22324784
YOUNAH;KOBIETA;2;22324786
KARDIOLA;KOBIETA;2;22324788
ELLAINA;KOBIETA;2;22324790
NORITA;KOBIETA;2;22324792
CHANICE;KOBIETA;2;22324794
KARAKAT;KOBIETA;2;22324796
MARTA-ANNA;KOBIETA;2;22324798
EKATA;KOBIETA;2;22324800
D¯EKLINA;KOBIETA;2;22324802
YÜKSEL;KOBIETA;2;22324804
TH? NG?C LAN;KOBIETA;2;22324806
JAYDA;KOBIETA;2;22324808
YALING;KOBIETA;2;22324810
PEER;KOBIETA;2;22324812
ELÇ?N;KOBIETA;2;22324814
PAIDAMWOYO;KOBIETA;2;22324816
XIAOBING;KOBIETA;2;22324818
KAITLYNN;KOBIETA;2;22324820
HI?N;KOBIETA;2;22324822
FRIMA;KOBIETA;2;22324824
NAGAVENI;KOBIETA;2;22324826
MAZARINE;KOBIETA;2;22324828
KORDIANA;KOBIETA;2;22324830
THANH NGA;KOBIETA;2;22324832
NARMANDAKH;KOBIETA;2;22324834
CANGÜL;KOBIETA;2;22324836
RINED;KOBIETA;2;22324838
CONSTANCA;KOBIETA;2;22324840
ZAARA;KOBIETA;2;22324842
ENE;KOBIETA;2;22324844
BO KYUNG;KOBIETA;2;22324846
YUNIYA;KOBIETA;2;22324848
KYONGHEE;KOBIETA;2;22324850
H?CRAN;KOBIETA;2;22324852
GÜL?N;KOBIETA;2;22324854
BABONGILE;KOBIETA;2;22324856
SHREENIKA;KOBIETA;2;22324858
ORIYAN;KOBIETA;2;22324860
TOMRIS;KOBIETA;2;22324862
HAERIM;KOBIETA;2;22324864
SHERILL;KOBIETA;2;22324866
GIULZADA;KOBIETA;2;22324868
KATSUKO;KOBIETA;2;22324870
SEUNG HYE;KOBIETA;2;22324872
GOPIKA;KOBIETA;2;22324874
GENALYN;KOBIETA;2;22324876
MARGOLA;KOBIETA;2;22324878
VLADMIRA;KOBIETA;2;22324880
SETU;KOBIETA;2;22324882
TÂM;KOBIETA;2;22324884
LUKRETYA;KOBIETA;2;22324886
NILOUFER;KOBIETA;2;22324888
TUVAL;KOBIETA;2;22324890
CORI;KOBIETA;2;22324892
SUPATTRA;KOBIETA;2;22324894
SHIRLEEN;KOBIETA;2;22324896
MARIS;KOBIETA;2;22324898
OLESIYA;KOBIETA;2;22324900
ADRIANA-MARIIA;KOBIETA;2;22324902
MERGYUL;KOBIETA;2;22324904
LÜTF?YE;KOBIETA;2;22324906
YELYZAVETA-VIKTORIIA;KOBIETA;2;22324908
ANEEKA;KOBIETA;2;22324910
KOZETTA;KOBIETA;2;22324912
MILCA;KOBIETA;2;22324914
YUEN;KOBIETA;2;22324916
HIMADRI;KOBIETA;2;22324918
SOHUI;KOBIETA;2;22324920
KADEK YENI;KOBIETA;2;22324922
SHUQING;KOBIETA;2;22324924
MUKHAIE;KOBIETA;2;22324926
FUNGISAI;KOBIETA;2;22324928
NERMEEN;KOBIETA;2;22324930
PHUONG DUNG;KOBIETA;2;22324932
XIANYING;KOBIETA;2;22324934
YELMIRA;KOBIETA;2;22324936
OLVHA;KOBIETA;2;22324938
VAIDAT;KOBIETA;2;22324940
YEWHENIIA;KOBIETA;2;22324942
AMAPOLA;KOBIETA;2;22324944
MAJA-MARIA;KOBIETA;2;22324946
WEINING;KOBIETA;2;22324948
MINZIFA;KOBIETA;2;22324950
TONKA;KOBIETA;2;22324952
VIRYNEYA;KOBIETA;2;22324954
EDYT;KOBIETA;2;22324956
RENESME;KOBIETA;2;22324958
ATMA;KOBIETA;2;22324960
KOKILA;KOBIETA;2;22324962
MARIIA-KARINA;KOBIETA;2;22324964
YONGLING;KOBIETA;2;22324966
LECHIDA;KOBIETA;2;22324968
ZYGMUNTYNA;KOBIETA;2;22324970
ELFRUNA;KOBIETA;2;22324972
MITSUKO;KOBIETA;2;22324974
IBETH;KOBIETA;2;22324976
KIMBERLEE;KOBIETA;2;22324978
ESEN;KOBIETA;2;22324980
YEUHENIYA;KOBIETA;2;22324982
MIREYA;KOBIETA;2;22324984
EUZEFINA;KOBIETA;2;22324986
NICIA;KOBIETA;2;22324988
AKSENIYA;KOBIETA;2;22324990
YOOJUNG;KOBIETA;2;22324992
HAN-YU;KOBIETA;2;22324994
THIEN;KOBIETA;2;22324996
FATHIYA;KOBIETA;2;22324998
CHAHINEZ;KOBIETA;2;22325000
HILAT;KOBIETA;2;22325002
HYUNKYOUNG;KOBIETA;2;22325004
MAXIMENKO;KOBIETA;2;22325006
TAEEUN;KOBIETA;2;22325008
FEVRONIIA;KOBIETA;2;22325010
OLJA;KOBIETA;2;22325012
MINHYE;KOBIETA;2;22325014
JUST?NE;KOBIETA;2;22325016
SEBILA;KOBIETA;2;22325018
CHWALIS£AWA;KOBIETA;2;22325020
ALIYEVA;KOBIETA;2;22325022
SURAYA;KOBIETA;2;22325024
ZHENYING;KOBIETA;2;22325026
GUITA;KOBIETA;2;22325028
ADRIANA-VIKTORIIA;KOBIETA;2;22325030
MARIM;KOBIETA;2;22325032
DONGHEE;KOBIETA;2;22325034
KAYLI;KOBIETA;2;22325036
XINNI;KOBIETA;2;22325038
SHAOMEI;KOBIETA;2;22325040
TEYANA;KOBIETA;2;22325042
JAGÓDKA;KOBIETA;2;22325044
MIRDZA;KOBIETA;2;22325046
THANH THANH;KOBIETA;2;22325048
GERGINA;KOBIETA;2;22325050
LIJIE;KOBIETA;2;22325052
MARLOWE;KOBIETA;2;22325054
ANDREEA-GABRIELA;KOBIETA;2;22325056
NELICJA;KOBIETA;2;22325058
VIOLETTA-MARIIA;KOBIETA;2;22325060
ELIFE;KOBIETA;2;22325062
SAMIN;KOBIETA;2;22325064
ALYESYA;KOBIETA;2;22325066
ASMAYA;KOBIETA;2;22325068
ROOPASHREE;KOBIETA;2;22325070
KONSTANTSA;KOBIETA;2;22325072
MARIIA-ROKSOLANA;KOBIETA;2;22325074
AIFANG;KOBIETA;2;22325076
ATANASYJA;KOBIETA;2;22325078
MYONG SUN;KOBIETA;2;22325080
THI NHAT LE;KOBIETA;2;22325082
CERINE;KOBIETA;2;22325084
ALYAH;KOBIETA;2;22325086
VSEVOLOD;KOBIETA;2;22325088
RUTU;KOBIETA;2;22325090
NARANCHIMEG;KOBIETA;2;22325092
BILI;KOBIETA;2;22325094
BELIA;KOBIETA;2;22325096
YIZHEN;KOBIETA;2;22325098
GARATEL;KOBIETA;2;22325100
FINA;KOBIETA;2;22325102
EVEL?NA;KOBIETA;2;22325104
HIWOT;KOBIETA;2;22325106
TUNAY;KOBIETA;2;22325108
JINHONG;KOBIETA;2;22325110
JAMILAH;KOBIETA;2;22325112
JUMI;KOBIETA;2;22325114
FADUMO;KOBIETA;2;22325116
ROTRAUD;KOBIETA;2;22325118
MICHLA;KOBIETA;2;22325120
WAI;KOBIETA;2;22325122
AELINA;KOBIETA;2;22325124
WENETKA;KOBIETA;2;22325126
ROSTYSLAV;KOBIETA;2;22325128
SANTI;KOBIETA;2;22325130
DZIUBA;KOBIETA;2;22325132
SHAMEERA;KOBIETA;2;22325134
SPIRYDULA;KOBIETA;2;22325136
SAPFIRA;KOBIETA;2;22325138
AYBOLEK;KOBIETA;2;22325140
MEGLENA;KOBIETA;2;22325142
DIARRA;KOBIETA;2;22325144
LINH SAN;KOBIETA;2;22325146
NILOUFAR;KOBIETA;2;22325148
MINHA;KOBIETA;2;22325150
LOVELLA;KOBIETA;2;22325152
KHRYSTYNA-OLENA;KOBIETA;2;22325154
RUCHAMA;KOBIETA;2;22325156
HULSHAN;KOBIETA;2;22325158
SHARAFAT;KOBIETA;2;22325160
HAN SOL;KOBIETA;2;22325162
NAG?HAN;KOBIETA;2;22325164
KATHREEN;KOBIETA;2;22325166
ZABRINA;KOBIETA;2;22325168
KRASTINA;KOBIETA;2;22325170
CELINKA;KOBIETA;2;22325172
BERNARDITA;KOBIETA;2;22325174
BUNNIM;KOBIETA;2;22325176
MALAYKA;KOBIETA;2;22325178
VICTORIA-MARIA;KOBIETA;2;22325180
ILIL;KOBIETA;2;22325182
VILDE;KOBIETA;2;22325184
SYLA;KOBIETA;2;22325186
FIOKLA;KOBIETA;2;22325188
JHENY;KOBIETA;2;22325190
ANCA-MARIA;KOBIETA;2;22325192
HU?;KOBIETA;2;22325194
MYESHA;KOBIETA;2;22325196
WIANEJA;KOBIETA;2;22325198
JANNI;KOBIETA;2;22325200
SELUA;KOBIETA;2;22325202
LEANORA;KOBIETA;2;22325204
THI BICH PHUONG;KOBIETA;2;22325206
SLAVOMÍRA;KOBIETA;2;22325208
SEDEN;KOBIETA;2;22325210
IRYADA;KOBIETA;2;22325212
ROKSANDRA;KOBIETA;2;22325214
AZKA;KOBIETA;2;22325216
VISMINA;KOBIETA;2;22325218
SHAILJA;KOBIETA;2;22325220
MAARJA;KOBIETA;2;22325222
SEDIGHEH;KOBIETA;2;22325224
MAI HA;KOBIETA;2;22325226
MENEKªE;KOBIETA;2;22325228
TEOLINA;KOBIETA;2;22325230
VASSA;KOBIETA;2;22325232
ERLYN;KOBIETA;2;22325234
LEYAO;KOBIETA;2;22325236
ZÜMRÜT;KOBIETA;2;22325238
WENKE;KOBIETA;2;22325240
THI KIEU;KOBIETA;2;22325242
LIDIANE;KOBIETA;2;22325244
JATINDER;KOBIETA;2;22325246
SYLVIYA;KOBIETA;2;22325248
PINJA;KOBIETA;2;22325250
TSENDSUREN;KOBIETA;2;22325252
MYROSLAV;KOBIETA;2;22325254
KRUTI;KOBIETA;2;22325256
ABBE;KOBIETA;2;22325258
STOJKA;KOBIETA;2;22325260
AMBROSIA;KOBIETA;2;22325262
LIANYING;KOBIETA;2;22325264
MEDEINA;KOBIETA;2;22325266
JERLYN;KOBIETA;2;22325268
DRINA;KOBIETA;2;22325270
ZLATYSLAVA;KOBIETA;2;22325272
ROMANTIKA;KOBIETA;2;22325274
JENSEN;KOBIETA;2;22325276
SULI;KOBIETA;2;22325278
SIMONÉ;KOBIETA;2;22325280
IRYKA;KOBIETA;2;22325282
RODOPI;KOBIETA;2;22325284
LUDGIERA;KOBIETA;2;22325286
THI HAO;KOBIETA;2;22325288
JUNGIN;KOBIETA;2;22325290
AJDA;KOBIETA;2;22325292
IGNEA;KOBIETA;2;22325294
WALFRYDA;KOBIETA;2;22325296
TEESHA;KOBIETA;2;22325298
SINDIE;KOBIETA;2;22325300
THI THEM;KOBIETA;2;22325302
AISHEN;KOBIETA;2;22325304
AY?ENUR;KOBIETA;2;22325306
YEVFROSYNIIA;KOBIETA;2;22325308
MIRIJAM;KOBIETA;2;22325310
YANFENG;KOBIETA;2;22325312
NARIMENE;KOBIETA;2;22325314
VOSKEHAT;KOBIETA;2;22325316
SERHIEIEVA;KOBIETA;2;22325318
SU BIN;KOBIETA;2;22325320
ESFIRA;KOBIETA;2;22325322
CHUNXUE;KOBIETA;2;22325324
AKSINYA;KOBIETA;2;22325326
LOVE;KOBIETA;2;22325328
KINGSLEY;KOBIETA;2;22325330
MIHIKA;KOBIETA;2;22325332
M?LANIE;KOBIETA;2;22325334
GOLDINA;KOBIETA;2;22325336
DANOBIA;KOBIETA;2;22325338
GERMANIA;KOBIETA;2;22325340
MALAMATI;KOBIETA;2;22325342
ROBBIE;KOBIETA;2;22325344
ANN-CHRISTINE;KOBIETA;2;22325346
TANINA;KOBIETA;2;22325348
FANGJUN;KOBIETA;2;22325350
TU? ANH;KOBIETA;2;22325352
DIBORA;KOBIETA;2;22325354
HALLI;KOBIETA;2;22325356
KYAMILE;KOBIETA;2;22325358
NERGUI;KOBIETA;2;22325360
LIJU;KOBIETA;2;22325362
SEUNG JIN;KOBIETA;2;22325364
TANÞA;KOBIETA;2;22325366
SYLVIJA;KOBIETA;2;22325368
SANIYE;KOBIETA;2;22325370
BELKIZ;KOBIETA;2;22325372
SAJEDA;KOBIETA;2;22325374
?LAY;KOBIETA;2;22325376
TUYET TRINH;KOBIETA;2;22325378
XUELI;KOBIETA;2;22325380
KIYMET;KOBIETA;2;22325382
MARI CARMEN;KOBIETA;2;22325384
DIJA;KOBIETA;2;22325386
FOROUGH;KOBIETA;2;22325388
TENNA;KOBIETA;2;22325390
THI CUONG;KOBIETA;2;22325392
YINGCHUN;KOBIETA;2;22325394
CAPITOLINA;KOBIETA;2;22325396
HULFIIA;KOBIETA;2;22325398
MARIE-EMILIE;KOBIETA;2;22325400
UMIDAKHON;KOBIETA;2;22325402
MORIAH;KOBIETA;2;22325404
JINLING;KOBIETA;2;22325406
JENYFER;KOBIETA;2;22325408
FROZINA;KOBIETA;2;22325410
MYLAYYM;KOBIETA;2;22325412
ASWANI;KOBIETA;2;22325414
AMANPREET;KOBIETA;2;22325416
RAIHAN;KOBIETA;2;22325418
ATA;KOBIETA;2;22325420
GENEVE;KOBIETA;2;22325422
FATEME;KOBIETA;2;22325424
NIKHILA;KOBIETA;2;22325426
JIA YING;KOBIETA;2;22325428
TH? HUYEN;KOBIETA;2;22325430
ALEXANDERA;KOBIETA;2;22325432
THI VUI;KOBIETA;2;22325434
ALIJAH;KOBIETA;2;22325436
ISTIKOMAH;KOBIETA;2;22325438
TH?Y AN;KOBIETA;2;22325440
PENA;KOBIETA;2;22325442
GUIPING;KOBIETA;2;22325444
WAJIHA;KOBIETA;2;22325446
ZANIB;KOBIETA;2;22325448
N?DANUR;KOBIETA;2;22325450
NGOC TRANG;KOBIETA;2;22325452
GOMATHY;KOBIETA;2;22325454
AMIA;KOBIETA;2;22325456
YELIZAWETA;KOBIETA;2;22325458
ORAH;KOBIETA;2;22325460
PARVATI;KOBIETA;2;22325462
PH?M;KOBIETA;2;22325464
MARIA MANUELA;KOBIETA;2;22325466
XUETONG;KOBIETA;2;22325468
FARHA;KOBIETA;2;22325470
KHATUN;KOBIETA;2;22325472
TZU-CHING;KOBIETA;2;22325474
SOFIIA-KHRYSTYNA;KOBIETA;2;22325476
YULANDA;KOBIETA;2;22325478
MARIIA-YARYNA;KOBIETA;2;22325480
HIDAYAH;KOBIETA;2;22325482
WERGINIA;KOBIETA;2;22325484
LAFIA;KOBIETA;2;22325486
RADIJA;KOBIETA;2;22325488
KRISHMA;KOBIETA;2;22325490
MENERVA;KOBIETA;2;22325492
OLEKSIA;KOBIETA;2;22325494
SEVDENUR;KOBIETA;2;22325496
SUMYA;KOBIETA;2;22325498
FERESHTE;KOBIETA;2;22325500
SAIJA;KOBIETA;2;22325502
NAZARENA;KOBIETA;2;22325504
CHUMA;KOBIETA;2;22325506
AIKANUSH;KOBIETA;2;22325508
TSANKA;KOBIETA;2;22325510
HAIZHEN;KOBIETA;2;22325512
KORI;KOBIETA;2;22325514
ZHECHKA;KOBIETA;2;22325516
ONS;KOBIETA;2;22325518
SABRIIE;KOBIETA;2;22325520
RENESMI;KOBIETA;2;22325522
MARIE-SYLVIE;KOBIETA;2;22325524
XUEYU;KOBIETA;2;22325526
IAN;KOBIETA;2;22325528
IEVANGELINA;KOBIETA;2;22325530
CHEJUTA;KOBIETA;2;22325532
ZULEYKHAN;KOBIETA;2;22325534
LEVANA;KOBIETA;2;22325536
MÜªERREF;KOBIETA;2;22325538
JANNULA;KOBIETA;2;22325540
NALINA;KOBIETA;2;22325542
MI HYUN;KOBIETA;2;22325544
JAMIRA;KOBIETA;2;22325546
BIRGITT;KOBIETA;2;22325548
AVI;KOBIETA;2;22325550
ANDZIA;KOBIETA;2;22325552
YINJIA;KOBIETA;2;22325554
HETVI;KOBIETA;2;22325556
MARIEME;KOBIETA;2;22325558
RONKA;KOBIETA;2;22325560
FILIA;KOBIETA;2;22325562
HAIDAN;KOBIETA;2;22325564
GEORGIOS;KOBIETA;2;22325566
DIREN;KOBIETA;2;22325568
THI LE NA;KOBIETA;2;22325570
CRISTIN;KOBIETA;2;22325572
THI HONG LUA;KOBIETA;2;22325574
HAILI;KOBIETA;2;22325576
ZHANNAT;KOBIETA;2;22325578
YI-HSIN;KOBIETA;2;22325580
NIEMIRA;KOBIETA;2;22325582
ELEYA;KOBIETA;2;22325584
QUERALT;KOBIETA;2;22325586
MARIA-BIANCA;KOBIETA;2;22325588
KURUMI;KOBIETA;2;22325590
BAIHONG;KOBIETA;2;22325592
YEONHEE;KOBIETA;2;22325594
EDNAH;KOBIETA;2;22325596
THI CHIEN;KOBIETA;2;22325598
HOTARU;KOBIETA;2;22325600
YONGYAN;KOBIETA;2;22325602
PRESCILIA;KOBIETA;2;22325604
RASHYDIA;KOBIETA;2;22325606
STEPHANE;KOBIETA;2;22325608
SAN?YE;KOBIETA;2;22325610
CHAJE;KOBIETA;2;22325612
KARISMA;KOBIETA;2;22325614
FARISHTA;KOBIETA;2;22325616
KLODIANA;KOBIETA;2;22325618
SOMPORN;KOBIETA;2;22325620
LUH PUTU;KOBIETA;2;22325622
RUKIIAT;KOBIETA;2;22325624
KOZETA;KOBIETA;2;22325626
RYANN;KOBIETA;2;22325628
ASSYLZAT;KOBIETA;2;22325630
VITTA;KOBIETA;2;22325632
HYUNYI;KOBIETA;2;22325634
WIÊCZES£AWA;KOBIETA;2;22325636
LAMBRINI;KOBIETA;2;22325638
QIUHUA;KOBIETA;2;22325640
HANICENTA;KOBIETA;2;22325642
IRIADA;KOBIETA;2;22325644
MISCHELE;KOBIETA;2;22325646
DORYSA;KOBIETA;2;22325648
ARUNDATHI;KOBIETA;2;22325650
KYUNGA;KOBIETA;2;22325652
AOYANG;KOBIETA;2;22325654
NEUZYKA;KOBIETA;2;22325656
YRSA;KOBIETA;2;22325658
HSIN-YI;KOBIETA;2;22325660
SANG HEE;KOBIETA;2;22325662
KANUTA;KOBIETA;2;22325664
MYUNGJA;KOBIETA;2;22325666
SOMMER;KOBIETA;2;22325668
JAYCEL;KOBIETA;2;22325670
TH? M? DUY?N;KOBIETA;2;22325672
MALA?KA;KOBIETA;2;22325674
SUNITHA;KOBIETA;2;22325676
TH? NHI;KOBIETA;2;22325678
ZELIKHA;KOBIETA;2;22325680
RUN;KOBIETA;2;22325682
JOEY;KOBIETA;2;22325684
SOLEHA;KOBIETA;2;22325686
PADMAJA;KOBIETA;2;22325688
ELARIA;KOBIETA;2;22325690
SAHAKANUSH;KOBIETA;2;22325692
LUCINA;KOBIETA;2;22325694
NATI;KOBIETA;2;22325696
SVATAVA;KOBIETA;2;22325698
IARINA;KOBIETA;2;22325700
KELLEY;KOBIETA;2;22325702
INKEN;KOBIETA;2;22325704
SHAREFA;KOBIETA;2;22325706
BOZHANNA;KOBIETA;2;22325708
ABIGEIL;KOBIETA;2;22325710
MIHWA;KOBIETA;2;22325712
VANGELIYA;KOBIETA;2;22325714
TAYBE;KOBIETA;2;22325716
AURELIYA;KOBIETA;2;22325718
WIRGINA;KOBIETA;2;22325720
FELY;KOBIETA;2;22325722
NAIOMI;KOBIETA;2;22325724
YEVHENIIA-ANNA;KOBIETA;2;22325726
THI LE PHUONG;KOBIETA;2;22325728
LYDA;KOBIETA;2;22325730
MADEL;KOBIETA;2;22325732
MAYBELL;KOBIETA;2;22325734
RUYUE;KOBIETA;2;22325736
KARRIN;KOBIETA;2;22325738
XIAOMAN;KOBIETA;2;22325740
OCEANA;KOBIETA;2;22325742
JAMEELA;KOBIETA;2;22325744
MARICRUZ;KOBIETA;2;22325746
MAUSILIA;KOBIETA;2;22325748
NNENNE;KOBIETA;2;22325750
KROPELA;KOBIETA;2;22325752
ATHALIA;KOBIETA;2;22325754
MARTINELLA;KOBIETA;2;22325756
VINI;KOBIETA;2;22325758
NASANJARGAL;KOBIETA;2;22325760
SUNHYE;KOBIETA;2;22325762
SAF?NAZ;KOBIETA;2;22325764
UMIKA;KOBIETA;2;22325766
FELISTAS;KOBIETA;2;22325768
ECEMNUR;KOBIETA;2;22325770
THI BAY;KOBIETA;2;22325772
TH? ÂN;KOBIETA;2;22325774
THI TUAT;KOBIETA;2;22325776
BOGINA;KOBIETA;2;22325778
SARRAH;KOBIETA;2;22325780
GULBAKHAR;KOBIETA;2;22325782
LANFENG;KOBIETA;2;22325784
TH? THU? LINH;KOBIETA;2;22325786
JITTIYA;KOBIETA;2;22325788
MORIA;KOBIETA;2;22325790
FANMING;KOBIETA;2;22325792
CORALIA;KOBIETA;2;22325794
SHALOO;KOBIETA;2;22325796
BAKHYT;KOBIETA;2;22325798
VAIA;KOBIETA;2;22325800
HIERA;KOBIETA;2;22325802
RAJNHILDA;KOBIETA;2;22325804
AMELII;KOBIETA;2;22325806
MARYLISE;KOBIETA;2;22325808
ELBIKA;KOBIETA;2;22325810
CONSOLATE;KOBIETA;2;22325812
WESTA;KOBIETA;2;22325814
NITIMA;KOBIETA;2;22325816
ADRIANA-LAURA;KOBIETA;2;22325818
CHEDVA;KOBIETA;2;22325820
SNIHZANA;KOBIETA;2;22325822
EMIKA;KOBIETA;2;22325824
KUSHNIR;KOBIETA;2;22325826
SONGYEE;KOBIETA;2;22325828
IZASKUN;KOBIETA;2;22325830
KRISTJANA;KOBIETA;2;22325832
WAN-TING;KOBIETA;2;22325834
LUYI;KOBIETA;2;22325836
THI PHUONG NHI;KOBIETA;2;22325838
ABEERA;KOBIETA;2;22325840
AKIPA;KOBIETA;2;22325842
MAYCA;KOBIETA;2;22325844
DEIZY;KOBIETA;2;22325846
JINGFEI;KOBIETA;2;22325848
HUIQING;KOBIETA;2;22325850
BULGANMAA;KOBIETA;2;22325852
ÁINE;KOBIETA;2;22325854
TEKHRAN;KOBIETA;2;22325856
MILANIKA;KOBIETA;2;22325858
ZUSETTE;KOBIETA;2;22325860
HANINE;KOBIETA;2;22325862
WEIREN;KOBIETA;2;22325864
MIEKO;KOBIETA;2;22325866
DABIN;KOBIETA;2;22325868
VASILIA;KOBIETA;2;22325870
RANOKHON;KOBIETA;2;22325872
NOLINA;KOBIETA;2;22325874
ARELI;KOBIETA;2;22325876
PADME;KOBIETA;2;22325878
DAREDZHAN;KOBIETA;2;22325880
CHUN-AN;KOBIETA;2;22325882
THI ANH DIEP;KOBIETA;2;22325884
TOKO;KOBIETA;2;22325886
TZU-CHEN;KOBIETA;2;22325888
TAISZA;KOBIETA;2;22325890
BINAS;KOBIETA;2;22325892
RUKHSARA;KOBIETA;2;22325894
ALIMIE;KOBIETA;2;22325896
AILITA;KOBIETA;2;22325898
MORENO;KOBIETA;2;22325900
DIONYSIIA;KOBIETA;2;22325902
XINGHUA;KOBIETA;2;22325904
PINIA;KOBIETA;2;22325906
SEYNUR;KOBIETA;2;22325908
MINH THUY;KOBIETA;2;22325910
LUBKA;KOBIETA;2;22325912
MUZHDA;KOBIETA;2;22325914
YAHAN;KOBIETA;2;22325916
MAYDA;KOBIETA;2;22325918
VALENTYNA-MARIIA;KOBIETA;2;22325920
KAILYN;KOBIETA;2;22325922
MYTHRI;KOBIETA;2;22325924
MERVENUR;KOBIETA;2;22325926
AIZHANA;KOBIETA;2;22325928
TH? THU Y?N;KOBIETA;2;22325930
BIRGÜL;KOBIETA;2;22325932
WAGELICA;KOBIETA;2;22325934
TH? T?;KOBIETA;2;22325936
MA?LY;KOBIETA;2;22325938
ZLOTA;KOBIETA;2;22325940
DEISY;KOBIETA;2;22325942
ECR?N;KOBIETA;2;22325944
SOLIDEA;KOBIETA;2;22325946
AYªE NUR;KOBIETA;2;22325948
DJULIETA;KOBIETA;2;22325950
ANE¯KA;KOBIETA;2;22325952
ANTONJA;KOBIETA;2;22325954
EWGIENIJA;KOBIETA;2;22325956
LEOCÁDIA;KOBIETA;2;22325958
KEHAN;KOBIETA;2;22325960
MELBA;KOBIETA;2;22325962
GESIKA;KOBIETA;2;22325964
HUILAN;KOBIETA;2;22325966
AMANDEEP KAUR;KOBIETA;2;22325968
NALLA;KOBIETA;2;22325970
NEVAL;KOBIETA;2;22325972
VIKTORIIA-OLENA;KOBIETA;2;22325974
WILLIE;KOBIETA;2;22325976
AURELI;KOBIETA;2;22325978
AMIEE;KOBIETA;2;22325980
HA TRANG;KOBIETA;2;22325982
KHANH NGAN;KOBIETA;2;22325984
HUYEN CHI;KOBIETA;2;22325986
EUNYUL;KOBIETA;2;22325988
GURSHARANJIT;KOBIETA;2;22325990
ROA;KOBIETA;2;22325992
ZUBEYDA;KOBIETA;2;22325994
MHAIRI;KOBIETA;2;22325996
BERNANDYNA;KOBIETA;2;22325998
EU¯ENIA;KOBIETA;2;22326000
RAND;KOBIETA;2;22326002
ABIGAYLE;KOBIETA;2;22326004
PATRYSIYA;KOBIETA;2;22326006
NANO;KOBIETA;2;22326008
JENISHA;KOBIETA;2;22326010
RAGINA;KOBIETA;2;22326012
HATALIA;KOBIETA;2;22326014
YIYIZHU;KOBIETA;2;22326016
SURAT;KOBIETA;2;22326018
IHAR;KOBIETA;2;22326020
SAMEEHA;KOBIETA;2;22326022
MENCHU;KOBIETA;2;22326024
LUIDMILA;KOBIETA;2;22326026
ATLANTA;KOBIETA;2;22326028
RÜTA;KOBIETA;2;22326030
NONDUDUZO;KOBIETA;2;22326032
LAJA;KOBIETA;2;22326034
CHERRYLYN;KOBIETA;2;22326036
HULVIRA;KOBIETA;2;22326038
ADRIEL;KOBIETA;2;22326040
KESHA;KOBIETA;2;22326042
NALEA;KOBIETA;2;22326044
FANETTE;KOBIETA;2;22326046
ROMELIA;KOBIETA;2;22326048
AULA;KOBIETA;2;22326050
GURSHARAN;KOBIETA;2;22326052
ROMALDA;KOBIETA;2;22326054
IUNIIA;KOBIETA;2;22326056
OGENIA;KOBIETA;2;22326058
ELFRUN;KOBIETA;2;22326060
XINQING;KOBIETA;2;22326062
XINHONG;KOBIETA;2;22326064
OVIYA;KOBIETA;2;22326066
TH? PH??NG MAI;KOBIETA;2;22326068
JARGALAN;KOBIETA;2;22326070
PARICHART;KOBIETA;2;22326072
JEIMY;KOBIETA;2;22326074
SEFIKA;KOBIETA;2;22326076
CZARLOTTA;KOBIETA;2;22326078
TH? KIM NG?C;KOBIETA;2;22326080
SHERI;KOBIETA;2;22326082
PRIANKA;KOBIETA;2;22326084
REET;KOBIETA;2;22326086
ANKITHA;KOBIETA;2;22326088
PERPETUE;KOBIETA;2;22326090
GISTAM;KOBIETA;2;22326092
JANUARA;KOBIETA;2;22326094
WENUTA;KOBIETA;2;22326096
DEKA;KOBIETA;2;22326098
THI THUY HANH;KOBIETA;2;22326100
ELLENGARD;KOBIETA;2;22326102
VIVECA;KOBIETA;2;22326104
ANAMARIA-ADELA;KOBIETA;2;22326106
LIZZI;KOBIETA;2;22326108
TH? PH??NG NHUNG;KOBIETA;2;22326110
ALENE;KOBIETA;2;22326112
MIAN;KOBIETA;2;22326114
LESLEY-ANNE;KOBIETA;2;22326116
LUMYAI;KOBIETA;2;22326118
THI HIEP;KOBIETA;2;22326120
KANOKWAN;KOBIETA;2;22326122
FRADLA;KOBIETA;2;22326124
VIGANNA;KOBIETA;2;22326126
EUFRAZYNA;KOBIETA;2;22326128
LILIADA;KOBIETA;2;22326130
STRYNADKO;KOBIETA;2;22326132
GUOQIN;KOBIETA;2;22326134
OLENA-MARIIA;KOBIETA;2;22326136
JAKA;KOBIETA;2;22326138
DEYSI;KOBIETA;2;22326140
DIE;KOBIETA;2;22326142
AN CHI;KOBIETA;2;22326144
ARTHI;KOBIETA;2;22326146
IVANUS;KOBIETA;2;22326148
ROSIIANA;KOBIETA;2;22326150
SHOMA;KOBIETA;2;22326152
MINH HA;KOBIETA;2;22326154
YASINA;KOBIETA;2;22326156
LINXIANG;KOBIETA;2;22326158
EULALJA;KOBIETA;2;22326160
NAFIYE;KOBIETA;2;22326162
VASANTHA;KOBIETA;2;22326164
SHUANGMEI;KOBIETA;2;22326166
NANDIN;KOBIETA;2;22326168
VALERYJA;KOBIETA;2;22326170
LIVE;KOBIETA;2;22326172
ANNAIDA;KOBIETA;2;22326174
NG?C DI?P;KOBIETA;2;22326176
ANELIES;KOBIETA;2;22326178
MIA-SOPHIA;KOBIETA;2;22326180
MALIES;KOBIETA;2;22326182
AYSHEH;KOBIETA;2;22326184
GERELCHIMEG;KOBIETA;2;22326186
FROZAN;KOBIETA;2;22326188
THUY NHUNG;KOBIETA;2;22326190
EVREN;KOBIETA;2;22326192
NATHAN;KOBIETA;2;22326194
XUEYUAN;KOBIETA;2;22326196
ªENEL;KOBIETA;2;22326198
DEMETRA;KOBIETA;2;22326200
LEONIDIA;KOBIETA;2;22326202
BARKHA;KOBIETA;2;22326204
THANH MINH;KOBIETA;2;22326206
NEFRETETA;KOBIETA;2;22326208
KARAMJIT;KOBIETA;2;22326210
DAJANNA;KOBIETA;2;22326212
SEDIK;KOBIETA;2;22326214
GUIXIANG;KOBIETA;2;22326216
CASSIANA;KOBIETA;2;22326218
OTGONTUYA;KOBIETA;2;22326220
YUNZYULE;KOBIETA;2;22326222
DELARAM;KOBIETA;2;22326224
PARNEET;KOBIETA;2;22326226
HAVANNA;KOBIETA;2;22326228
TASMIN;KOBIETA;2;22326230
SAEEDA;KOBIETA;2;22326232
WILAI;KOBIETA;2;22326234
THUC LINH;KOBIETA;2;22326236
MILEN;KOBIETA;2;22326238
AIKUI;KOBIETA;2;22326240
FRISHTA;KOBIETA;2;22326242
ZAIN;KOBIETA;2;22326244
JINCY;KOBIETA;2;22326246
YOUNG SOON;KOBIETA;2;22326248
IHSAN;KOBIETA;2;22326250
JEIKHUNA;KOBIETA;2;22326252
EMANUELIA;KOBIETA;2;22326254
HERONINA;KOBIETA;2;22326256
JARIYA;KOBIETA;2;22326258
¯OLETTA;KOBIETA;2;22326260
HYUN JU;KOBIETA;2;22326262
JUNG EUN;KOBIETA;2;22326264
AKVILE;KOBIETA;2;22326266
TATINA;KOBIETA;2;22326268
AMAR;KOBIETA;2;22326270
NGUY?N;KOBIETA;2;22326272
SLAVOMIRA;KOBIETA;2;22326274
MARIA-ALEXANDRA;KOBIETA;2;22326276
KARTINI;KOBIETA;2;22326278
YULINA;KOBIETA;2;22326280
PEMIKA;KOBIETA;2;22326282
ANNA-VALERIIA;KOBIETA;2;22326284
HUIJEONG;KOBIETA;2;22326286
VYTALYNA;KOBIETA;2;22326288
RODULA;KOBIETA;2;22326290
BLU;KOBIETA;2;22326292
SONGA;KOBIETA;2;22326294
TETYIANA;KOBIETA;2;22326296
HARUMI;KOBIETA;2;22326298
SATSUKI;KOBIETA;2;22326300
GHADAH;KOBIETA;2;22326302
KYRIA;KOBIETA;2;22326304
BETÛL;KOBIETA;2;22326306
SUDARAT;KOBIETA;2;22326308
TÜL?N;KOBIETA;2;22326310
TH? MAI THANH;KOBIETA;2;22326312
TAIWO;KOBIETA;2;22326314
OKSANA-DIANA;KOBIETA;2;22326316
LIELIA;KOBIETA;2;22326318
PSYCHE;KOBIETA;2;22326320
TITIN;KOBIETA;2;22326322
OTILIJA;KOBIETA;2;22326324
ENTISAR;KOBIETA;2;22326326
HUANHUAN;KOBIETA;2;22326328
ANHIALINA;KOBIETA;2;22326330
MATVIY;KOBIETA;2;22326332
SWIATOS£AWA;KOBIETA;2;22326334
YIHANG;KOBIETA;2;22326336
SAVKA;KOBIETA;2;22326338
MINGJIE;KOBIETA;2;22326340
YEN-JU;KOBIETA;2;22326342
WODZIS£AWA;KOBIETA;2;22326344
HSIAO;KOBIETA;2;22326346
NEAMA;KOBIETA;2;22326348
YONGWEI;KOBIETA;2;22326350
TEREZIE;KOBIETA;2;22326352
SYNNE;KOBIETA;2;22326354
VASSILIKI;KOBIETA;2;22326356
LESZARDA;KOBIETA;2;22326358
AND¯E£A;KOBIETA;2;22326360
LAMISS;KOBIETA;2;22326362
MESUA;KOBIETA;2;22326364
JAMELA;KOBIETA;2;22326366
AN QI;KOBIETA;2;22326368
ERYCA;KOBIETA;2;22326370
NAZM?YE;KOBIETA;2;22326372
ATTENERI;KOBIETA;2;22326374
SLITLANA;KOBIETA;2;22326376
THI THU HOAI;KOBIETA;2;22326378
MOON;KOBIETA;2;22326380
ALLAYA;KOBIETA;2;22326382
SONILA;KOBIETA;2;22326384
APRIL ROSE;KOBIETA;2;22326386
BEAU;KOBIETA;2;22326388
SHUHUA;KOBIETA;2;22326390
KIM TRINH;KOBIETA;2;22326392
ANKITABEN;KOBIETA;2;22326394
ROKAYAH;KOBIETA;2;22326396
MARIE-ASTRID;KOBIETA;2;22326398
VISMAYA;KOBIETA;2;22326400
POLISHCHUK;KOBIETA;2;22326402
RUYO;KOBIETA;2;22326404
YUEJUN;KOBIETA;2;22326406
ALOIDA;KOBIETA;2;22326408
JINGXIAN;KOBIETA;2;22326410
DANYIL;KOBIETA;2;22326412
JUNJIE;KOBIETA;2;22326414
TH? PH??NG NGA;KOBIETA;2;22326416
KALEENA;KOBIETA;2;22326418
ELYSAVETA;KOBIETA;2;22326420
MUNACHI;KOBIETA;2;22326422
ADÉLIA;KOBIETA;2;22326424
OLIWIIA;KOBIETA;2;22326426
OTGONBILEG;KOBIETA;2;22326428
YOUNG JA;KOBIETA;2;22326430
MARIACRISTINA;KOBIETA;2;22326432
KANAE;KOBIETA;2;22326434
ARGILA;KOBIETA;2;22326436
CHEONIA;KOBIETA;2;22326438
THI THUY HONG;KOBIETA;2;22326440
LYRI;KOBIETA;2;22326442
DANDY;KOBIETA;2;22326444
KLYMENTYNA;KOBIETA;2;22326446
ZINAJIDA;KOBIETA;2;22326448
SJUZANNA;KOBIETA;2;22326450
ZANDA;KOBIETA;2;22326452
MÃDÃLINA-ELENA;KOBIETA;2;22326454
THAI HA;KOBIETA;2;22326456
PIRITA;KOBIETA;2;22326458
BIRCE;KOBIETA;2;22326460
MARIASTELLA;KOBIETA;2;22326462
MARTYNIANA;KOBIETA;2;22326464
NAIYN;KOBIETA;2;22326466
THI XOAN;KOBIETA;2;22326468
JANGMU;KOBIETA;2;22326470
REXHINA;KOBIETA;2;22326472
JIAE;KOBIETA;2;22326474
PHUONG OANH;KOBIETA;2;22326476
MILADY;KOBIETA;2;22326478
MEIFEN;KOBIETA;2;22326480
JONKA;KOBIETA;2;22326482
NOVI;KOBIETA;2;22326484
EL?FCAN;KOBIETA;2;22326486
LIQING;KOBIETA;2;22326488
IVANINA;KOBIETA;2;22326490
CHARMIAN;KOBIETA;2;22326492
HATIÇE;KOBIETA;2;22326494
JAIMEE;KOBIETA;2;22326496
ASTI;KOBIETA;2;22326498
YONELA;KOBIETA;2;22326500
KHEDIZHAT;KOBIETA;2;22326502
ABIKE;KOBIETA;2;22326504
SANDIPANI;KOBIETA;2;22326506
ANAYAH;KOBIETA;2;22326508
MUBARAK;KOBIETA;2;22326510
YU XIN;KOBIETA;2;22326512
ARLINE;KOBIETA;2;22326514
SANDEE;KOBIETA;2;22326516
FARIZAT;KOBIETA;2;22326518
IRIDE;KOBIETA;2;22326520
FLORYNA;KOBIETA;2;22326522
NAYAN;KOBIETA;2;22326524
CHAEI;KOBIETA;2;22326526
JUVELYN;KOBIETA;2;22326528
MENDI;KOBIETA;2;22326530
PARNIA;KOBIETA;2;22326532
SOFIIE;KOBIETA;2;22326534
VERBENA;KOBIETA;2;22326536
EUNHO;KOBIETA;2;22326538
TORAL;KOBIETA;2;22326540
DALILAH;KOBIETA;2;22326542
PO£INA;KOBIETA;2;22326544
BASANT;KOBIETA;2;22326546
MELENIE;KOBIETA;2;22326548
REHYNA;KOBIETA;2;22326550
VIKTORIÂ;KOBIETA;2;22326552
XINHE;KOBIETA;2;22326554
RATI;KOBIETA;2;22326556
FREDELYN;KOBIETA;2;22326558
?UBOVA;KOBIETA;2;22326560
AMILAH;KOBIETA;2;22326562
CHLÖE;KOBIETA;2;22326564
TH? MINH PH??NG;KOBIETA;2;22326566
AIKANYSH;KOBIETA;2;22326568
IRYNA-ANASTASIIA;KOBIETA;2;22326570
OLAYA;KOBIETA;2;22326572
PASKALINA;KOBIETA;2;22326574
THI MINH ANH;KOBIETA;2;22326576
QIAOQIAO;KOBIETA;2;22326578
BANI;KOBIETA;2;22326580
EVEY;KOBIETA;2;22326582
SEKA;KOBIETA;2;22326584
MANJINDER;KOBIETA;2;22326586
RAMANDEEP;KOBIETA;2;22326588
METTA;KOBIETA;2;22326590
EGE;KOBIETA;2;22326592
TSIGE;KOBIETA;2;22326594
SON;KOBIETA;2;22326596
NAVREET;KOBIETA;2;22326598
HARUHI;KOBIETA;2;22326600
VERONIKA-NINA;KOBIETA;2;22326602
BHUMIKABEN;KOBIETA;2;22326604
JINJING;KOBIETA;2;22326606
KAYALVIZHI;KOBIETA;2;22326608
MARIYA-KATERYNA;KOBIETA;2;22326610
RALICA;KOBIETA;2;22326612
SHU-YU;KOBIETA;2;22326614
HYANGMI;KOBIETA;2;22326616
DION;KOBIETA;2;22326618
VESPER;KOBIETA;2;22326620
PRIYANKABEN;KOBIETA;2;22326622
VIKTORIIA-ALINA;KOBIETA;2;22326624
NIKULINA;KOBIETA;2;22326626
WALDTRAUTA;KOBIETA;2;22326628
CATLEYA;KOBIETA;2;22326630
GÜLENDAM;KOBIETA;2;22326632
ROKSANI;KOBIETA;2;22326634
SOAN;KOBIETA;2;22326636
ANNA-YULIIA;KOBIETA;2;22326638
YAMAN;KOBIETA;2;22326640
ZULIKHA;KOBIETA;2;22326642
JIANWEI;KOBIETA;2;22326644
BRIGIT;KOBIETA;2;22326646
DAYANNA;KOBIETA;2;22326648
MALEEKA;KOBIETA;2;22326650
RESHAM;KOBIETA;2;22326652
SHINOBU;KOBIETA;2;22326654
MARIE-MADELEINE;KOBIETA;2;22326656
ROSITTA;KOBIETA;2;22326658
PATHUMPHON;KOBIETA;2;22326660
GÜLHANIM;KOBIETA;2;22326662
CERES;KOBIETA;2;22326664
THI DUONG;KOBIETA;2;22326666
AISU;KOBIETA;2;22326668
KSENNA;KOBIETA;2;22326670
MARGARUTA;KOBIETA;2;22326672
JENETTE;KOBIETA;2;22326674
DZHULIIETA;KOBIETA;2;22326676
TUOHUTI;KOBIETA;2;22326678
BWIZA;KOBIETA;2;22326680
MALICJA;KOBIETA;2;22326682
ONUMA;KOBIETA;2;22326684
FANGYUN;KOBIETA;2;22326686
ALECIA;KOBIETA;2;22326688
NINELIA;KOBIETA;2;22326690
YONGJUN;KOBIETA;2;22326692
HUZIUK;KOBIETA;2;22326694
GLORIJA;KOBIETA;2;22326696
SONGUL;KOBIETA;2;22326698
SERKALEM;KOBIETA;2;22326700
AFRODITE;KOBIETA;2;22326702
LUCE;KOBIETA;2;22326704
ILCHENKO;KOBIETA;2;22326706
RAMZIIA;KOBIETA;2;22326708
AIDEN;KOBIETA;2;22326710
CRISANTA;KOBIETA;2;22326712
MARTYN;KOBIETA;2;22326714
RAMZIA;KOBIETA;2;22326716
LA TOYA;KOBIETA;2;22326718
PH??NG HUY?N;KOBIETA;2;22326720
MALKY;KOBIETA;2;22326722
THI MINH NGOC;KOBIETA;2;22326724
NAYOUNG;KOBIETA;2;22326726
AMINIA;KOBIETA;2;22326728
RUKHANA;KOBIETA;2;22326730
GIFTY;KOBIETA;2;22326732
HENI;KOBIETA;2;22326734
LATHA;KOBIETA;2;22326736
WEIYI;KOBIETA;2;22326738
KYUNG HEE;KOBIETA;2;22326740
JOSSELYN;KOBIETA;2;22326742
KATIUSZA;KOBIETA;2;22326744
MALSHA;KOBIETA;2;22326746
GULANDOM;KOBIETA;2;22326748
SHAOHUA;KOBIETA;2;22326750
TIMOR;KOBIETA;2;22326752
YOLLANDA;KOBIETA;2;22326754
ZHIQING;KOBIETA;2;22326756
PEROLA;KOBIETA;2;22326758
BRIDGIT;KOBIETA;2;22326760
EMILY-ROSE;KOBIETA;2;22326762
OFIRA;KOBIETA;2;22326764
ANIETTA;KOBIETA;2;22326766
LI?U;KOBIETA;2;22326768
AM?NE;KOBIETA;2;22326770
BARBARAH;KOBIETA;2;22326772
JARGALMAA;KOBIETA;2;22326774
APPOLINARIIA;KOBIETA;2;22326776
ABIGAILA;KOBIETA;2;22326778
AYBANIZ;KOBIETA;2;22326780
AYBENIZ;KOBIETA;2;22326782
ILGAMA;KOBIETA;2;22326784
MARIA-LUIZA;KOBIETA;2;22326786
DEIDRE;KOBIETA;2;22326788
YEONG;KOBIETA;2;22326790
GUILAN;KOBIETA;2;22326792
THI PHUONG HIEN;KOBIETA;2;22326794
SAGANUSH;KOBIETA;2;22326796
ÇISEM;KOBIETA;2;22326798
VIET HUONG;KOBIETA;2;22326800
QUE;KOBIETA;2;22326802
ILDEFONSA;KOBIETA;2;22326804
VARSINE;KOBIETA;2;22326806
£ESJA;KOBIETA;2;22326808
ABIER;KOBIETA;2;22326810
MEVLÜDE;KOBIETA;2;22326812
XIAXIA;KOBIETA;2;22326814
FATIMA EZZAHRA;KOBIETA;2;22326816
BEATRICZA;KOBIETA;2;22326818
TISA;KOBIETA;2;22326820
AGRIPPINE;KOBIETA;2;22326822
SUAAD;KOBIETA;2;22326824
YIYOON;KOBIETA;2;22326826
LAURIK;KOBIETA;2;22326828
FARAHNAZ;KOBIETA;2;22326830
SAFAK;KOBIETA;2;22326832
MYONG SUK;KOBIETA;2;22326834
HYEONYEONG;KOBIETA;2;22326836
SAHAANA;KOBIETA;2;22326838
ZHUORAN;KOBIETA;2;22326840
UMA KUMARI;KOBIETA;2;22326842
TH? VI?T ANH;KOBIETA;2;22326844
DAVIDA;KOBIETA;2;22326846
TERESA MARIA;KOBIETA;2;22326848
RACHIL;KOBIETA;2;22326850
KIMBERLI;KOBIETA;2;22326852
NICOLET;KOBIETA;2;22326854
ELZABETH;KOBIETA;2;22326856
KRUCZA;KOBIETA;2;22326858
YALENA;KOBIETA;2;22326860
MARYAH;KOBIETA;2;22326862
HENAYEFA;KOBIETA;2;22326864
MECHTYLDA;KOBIETA;2;22326866
XIUZHEN;KOBIETA;2;22326868
JUNJUN;KOBIETA;2;22326870
ANA MAE;KOBIETA;2;22326872
XIAOSHI;KOBIETA;2;22326874
ANNELIEZE;KOBIETA;2;22326876
KINUKO;KOBIETA;2;22326878
KAZINA;KOBIETA;2;22326880
KYEONG;KOBIETA;2;22326882
KYOUNG HWA;KOBIETA;2;22326884
THI NGOC BICH;KOBIETA;2;22326886
HEBE;KOBIETA;2;22326888
TAMRYN;KOBIETA;2;22326890
HANNELOVE;KOBIETA;2;22326892
ELSHAIMAA;KOBIETA;2;22326894
SAMEERAH;KOBIETA;2;22326896
ANNA-MILENA;KOBIETA;2;22326898
JARIN;KOBIETA;2;22326900
ARIANDA;KOBIETA;2;22326902
VENIAMINA;KOBIETA;2;22326904
DARARAT;KOBIETA;2;22326906
QUYNHANH;KOBIETA;2;22326908
KIRIANNA;KOBIETA;2;22326910
ONYINYECHUKWU;KOBIETA;2;22326912
PARIZODA;KOBIETA;2;22326914
ERGÜL;KOBIETA;2;22326916
BIMLA;KOBIETA;2;22326918
YANXIN;KOBIETA;2;22326920
REMZIE;KOBIETA;2;22326922
FATMA NUR;KOBIETA;2;22326924
MUNIRAH;KOBIETA;2;22326926
HARLOW;KOBIETA;2;22326928
SHADA;KOBIETA;2;22326930
BALLI;KOBIETA;2;22326932
YUMENG;KOBIETA;2;22326934
SANDRIN;KOBIETA;2;22326936
JINAN;KOBIETA;2;22326938
VERVARA;KOBIETA;2;22326940
REZARTA;KOBIETA;2;22326942
IN HEE;KOBIETA;2;22326944
REANNA;KOBIETA;2;22326946
HYLDEGARDA;KOBIETA;2;22326948
KYNA;KOBIETA;2;22326950
MAITANE;KOBIETA;2;22326952
MAISEY;KOBIETA;2;22326954
ERENTRAUDA;KOBIETA;2;22326956
DESTA;KOBIETA;2;22326958
ZIXIA;KOBIETA;2;22326960
RAFAH;KOBIETA;2;22326962
MELY;KOBIETA;2;22326964
LAIMUTÉ;KOBIETA;2;22326966
SATHYA;KOBIETA;2;22326968
SNIE¯ANNA;KOBIETA;2;22326970
ADELYNA;KOBIETA;2;22326972
JEANINA;KOBIETA;2;22326974
YOLIANTA;KOBIETA;2;22326976
ILUZJANA;KOBIETA;2;22326978
JASVIR;KOBIETA;2;22326980
TONE;KOBIETA;2;22326982
REMZIIE;KOBIETA;2;22326984
BOROVYK;KOBIETA;2;22326986
QILIN;KOBIETA;2;22326988
ROSAMUNDA;KOBIETA;2;22326990
YINGYU;KOBIETA;2;22326992
MIYAH;KOBIETA;2;22326994
NINFA;KOBIETA;2;22326996
AIKUN;KOBIETA;2;22326998
KRISHNAPRIYA;KOBIETA;2;22327000
MANJIT;KOBIETA;2;22327002
XINGYI;KOBIETA;2;22327004
DZILARA;KOBIETA;2;22327006
HOURIA;KOBIETA;2;22327008
HANITA;KOBIETA;2;22327010
CHAOYING;KOBIETA;2;22327012
SNEH;KOBIETA;2;22327014
GULRUH;KOBIETA;2;22327016
ZADVORNA;KOBIETA;2;22327018
MINAMI;KOBIETA;2;22327020
DAWON;KOBIETA;2;22327022
NATIIA;KOBIETA;2;22327024
MARIONELA;KOBIETA;2;22327026
CUIXIANG;KOBIETA;2;22327028
SHIVALI;KOBIETA;2;22327030
ANAZHELIKA;KOBIETA;2;22327032
DITYA;KOBIETA;2;22327034
PHILOM?NE;KOBIETA;2;22327036
YAVORSKA;KOBIETA;2;22327038
TH? HOAN;KOBIETA;2;22327040
FATHIA;KOBIETA;2;22327042
THI HUONG LAN;KOBIETA;2;22327044
MIA-ROZALIA;KOBIETA;2;22327046
BERÇIN;KOBIETA;2;22327048
MARIE-ROSE;KOBIETA;2;22327050
CZERNA;KOBIETA;2;22327052
YAUNG;KOBIETA;2;22327054
RENJUAN;KOBIETA;2;22327056
THOMAS;KOBIETA;2;22327058
KESI;KOBIETA;2;22327060
ZEINABI;KOBIETA;2;22327062
TH? LINH CHI;KOBIETA;2;22327064
SILPA;KOBIETA;2;22327066
PETRO;KOBIETA;2;22327068
YUNIKA;KOBIETA;2;22327070
ELIRA;KOBIETA;2;22327072
SHALOME;KOBIETA;2;22327074
MAVLUDAKHON;KOBIETA;2;22327076
VIASLAVA;KOBIETA;2;22327078
QU?NH THU;KOBIETA;2;22327080
VARTUI;KOBIETA;2;22327082
CHIMENE;KOBIETA;2;22327084
MINH HIEN;KOBIETA;2;22327086
AALIAH;KOBIETA;2;22327088
LARANYA;KOBIETA;2;22327090
ALA';KOBIETA;2;22327092
WANYI;KOBIETA;2;22327094
POLENA;KOBIETA;2;22327096
ESPERANÞA;KOBIETA;2;22327098
JIANMIN;KOBIETA;2;22327100
YRYSKUL;KOBIETA;2;22327102
TOVE;KOBIETA;2;22327104
DIANA-OLHA;KOBIETA;2;22327106
VINCIANE;KOBIETA;2;22327108
ESOSA;KOBIETA;2;22327110
SHIH;KOBIETA;2;22327112
IDUNN;KOBIETA;2;22327114
NADIYJA;KOBIETA;2;22327116
LENIS£AWA;KOBIETA;2;22327118
GÜLSÜN;KOBIETA;2;22327120
CELA;KOBIETA;2;22327122
ASYMENIA;KOBIETA;2;22327124
MARIA-NICOLETA;KOBIETA;2;22327126
MAKHIRA;KOBIETA;2;22327128
CYRIELLE;KOBIETA;2;22327130
CHIONIA;KOBIETA;2;22327132
ALEXIIA;KOBIETA;2;22327134
MARIOARA;KOBIETA;2;22327136
DESNA;KOBIETA;2;22327138
FIDELISA;KOBIETA;2;22327140
RUBIA;KOBIETA;2;22327142
TUONG VAN;KOBIETA;2;22327144
SUWON;KOBIETA;2;22327146
CIRILA;KOBIETA;2;22327148
DUYEON;KOBIETA;2;22327150
AKGÜL;KOBIETA;2;22327152
MANISA;KOBIETA;2;22327154
THI KIM LY;KOBIETA;2;22327156
HARLENE;KOBIETA;2;22327158
MÓNIA;KOBIETA;2;22327160
THEANO;KOBIETA;2;22327162
ARIOLA;KOBIETA;2;22327164
JESSIELYN;KOBIETA;2;22327166
STIRLING;KOBIETA;2;22327168
AIMA;KOBIETA;2;22327170
THEODORE;KOBIETA;2;22327172
SAINBILEG;KOBIETA;2;22327174
DOBRILA;KOBIETA;2;22327176
KOTONO;KOBIETA;2;22327178
VIZHDAN;KOBIETA;2;22327180
SEUNG YEON;KOBIETA;2;22327182
KHRYTYNA;KOBIETA;2;22327184
ZHANYL;KOBIETA;2;22327186
SREYASHI;KOBIETA;2;22327188
UMAY;KOBIETA;2;22327190
SOOKYOUNG;KOBIETA;2;22327192
AKSHAYAA;KOBIETA;2;22327194
YU-CHUAN;KOBIETA;2;22327196
ANDREEA-CRISTINA;KOBIETA;2;22327198
SOUHEIR;KOBIETA;2;22327200
DACJANA;KOBIETA;2;22327202
AMELLA;KOBIETA;2;22327204
CHARL?NE;KOBIETA;2;22327206
MAITENA;KOBIETA;2;22327208
ÖZÜM;KOBIETA;2;22327210
NANDY;KOBIETA;2;22327212
NASTEA;KOBIETA;2;22327214
ADELGARDA;KOBIETA;2;22327216
XIAOJUAN;KOBIETA;2;22327218
MIROPIJA;KOBIETA;2;22327220
SAGDA;KOBIETA;2;22327222
YUKE;KOBIETA;2;22327224
ZHANNA-MARIIA;KOBIETA;2;22327226
RAMISA;KOBIETA;2;22327228
NATHALINE;KOBIETA;2;22327230
BINDUSHREE;KOBIETA;2;22327232
ANTIGA;KOBIETA;2;22327234
GULANDAM;KOBIETA;2;22327236
LECHIA;KOBIETA;2;22327238
ALAN;KOBIETA;2;22327240
IMRONA;KOBIETA;2;22327242
HAEIN;KOBIETA;2;22327244
MAHINA;KOBIETA;2;22327246
LIUDMYIA;KOBIETA;2;22327248
LANGELIHLE;KOBIETA;2;22327250
TH? HO?NG ANH;KOBIETA;2;22327252
MYRIA;KOBIETA;2;22327254
KATJANA;KOBIETA;2;22327256
IANA-MARIA;KOBIETA;2;22327258
STANIMIRA;KOBIETA;2;22327260
MALATHI;KOBIETA;2;22327262
LAURANE;KOBIETA;2;22327264
ROSELIA;KOBIETA;2;22327266
KAP NYUN;KOBIETA;2;22327268
KISA;KOBIETA;2;22327270
BHARTIBEN;KOBIETA;2;22327272
AUDRONE;KOBIETA;2;22327274
DIANORA;KOBIETA;2;22327276
JURACI;KOBIETA;2;22327278
JUMOKE;KOBIETA;2;22327280
SHUNLI;KOBIETA;2;22327282
THI CAM TU;KOBIETA;2;22327284
ARMIANKA;KOBIETA;2;22327286
AREGNAZ;KOBIETA;2;22327288
JAVKHLAN;KOBIETA;2;22327290
YOSR;KOBIETA;2;22327292
EV?N;KOBIETA;2;22327294
NEDZHIE;KOBIETA;2;22327296
JORELLA;KOBIETA;2;22327298
MARIE-JOSÉE;KOBIETA;2;22327300
BIQI;KOBIETA;2;22327302
TOBIA;KOBIETA;2;22327304
ENARA;KOBIETA;2;22327306
LIENIIE;KOBIETA;2;22327308
MALAKAT;KOBIETA;2;22327310
TH? ANH ??O;KOBIETA;2;22327312
YU MI;KOBIETA;2;22327314
MAISAM;KOBIETA;2;22327316
BIH;KOBIETA;2;22327318
HARLINA;KOBIETA;2;22327320
ZULEYHA;KOBIETA;2;22327322
CALLA;KOBIETA;2;22327324
RALUCA-ELENA;KOBIETA;2;22327326
SEVASTIANA;KOBIETA;2;22327328
SALIME;KOBIETA;2;22327330
HELYA;KOBIETA;2;22327332
BINDIYA;KOBIETA;2;22327334
ENNY;KOBIETA;2;22327336
TH? TUY?N;KOBIETA;2;22327338
AEJIN;KOBIETA;2;22327340
REMINA;KOBIETA;2;22327342
QIAOJING;KOBIETA;2;22327344
OZRA;KOBIETA;2;22327346
ARGHAVAN;KOBIETA;2;22327348
LAMIYYA;KOBIETA;2;22327350
VIOLLA;KOBIETA;2;22327352
PHUONG THUY;KOBIETA;2;22327354
LESA;KOBIETA;2;22327356
ASEM;KOBIETA;2;22327358
KALAISELVI;KOBIETA;2;22327360
WENSI;KOBIETA;2;22327362
REN?TA;KOBIETA;2;22327364
SOMOE;KOBIETA;2;22327366
SUMAYAH;KOBIETA;2;22327368
YOUSSRA;KOBIETA;2;22327370
DIVISHA;KOBIETA;2;22327372
ELODI;KOBIETA;2;22327374
DHYANA;KOBIETA;2;22327376
MIERIEM;KOBIETA;2;22327378
JEMA;KOBIETA;2;22327380
SAROJA;KOBIETA;2;22327382
RAJANI;KOBIETA;2;22327384
MOSHIT;KOBIETA;2;22327386
OMINAKHON;KOBIETA;2;22327388
KERLI;KOBIETA;2;22327390
FIRMINA;KOBIETA;2;22327392
SHOSHI;KOBIETA;2;22327394
ULIANA-MARIIA;KOBIETA;2;22327396
MERLY;KOBIETA;2;22327398
RODA;KOBIETA;2;22327400
LEENOY;KOBIETA;2;22327402
MINH THÚY;KOBIETA;2;22327404
APAT;KOBIETA;2;22327406
MIA-ROSE;KOBIETA;2;22327408
CALIFORNIA;KOBIETA;2;22327410
ANDELINA;KOBIETA;2;22327412
SITORABONU;KOBIETA;2;22327414
NATALLIE;KOBIETA;2;22327416
PRAKRUTHI;KOBIETA;2;22327418
SOLINE;KOBIETA;2;22327420
SHENGJIAO;KOBIETA;2;22327422
ADE;KOBIETA;2;22327424
CANDIDA;KOBIETA;2;22327426
KLARA-MARIE;KOBIETA;2;22327428
PATRYCIJA;KOBIETA;2;22327430
NH? Ý;KOBIETA;2;22327432
MAHBOOBA;KOBIETA;2;22327434
THAO DAN;KOBIETA;2;22327436
JAMILE;KOBIETA;2;22327438
SOFINA;KOBIETA;2;22327440
MARCYSIA;KOBIETA;2;22327442
GANBAATAR;KOBIETA;2;22327444
MIKEILA;KOBIETA;2;22327446
YUDITA;KOBIETA;2;22327448
EVHENYA;KOBIETA;2;22327450
DESPO;KOBIETA;2;22327452
GYUNER;KOBIETA;2;22327454
EUZEBIUSZA;KOBIETA;2;22327456
KHOROLSUREN;KOBIETA;2;22327458
BADAMSUREN;KOBIETA;2;22327460
ESTI;KOBIETA;2;22327462
TASHI;KOBIETA;2;22327464
YANISLEYDIS;KOBIETA;2;22327466
JATUPORN;KOBIETA;2;22327468
GULAZOR;KOBIETA;2;22327470
SZONJA;KOBIETA;2;22327472
TOGTOKH;KOBIETA;2;22327474
AN PHUONG;KOBIETA;2;22327476
ÜMMÜHAN;KOBIETA;2;22327478
ITTA;KOBIETA;2;22327480
BELINAY;KOBIETA;2;22327482
YUNJOO;KOBIETA;2;22327484
HA NGAN;KOBIETA;2;22327486
GUNDINA;KOBIETA;2;22327488
NI WAYAN EKA;KOBIETA;2;22327490
MOKHIRAKHON;KOBIETA;2;22327492
MARYIAM;KOBIETA;2;22327494
RADOJKA;KOBIETA;2;22327496
SARABJEET;KOBIETA;2;22327498
HANNAH-SOPHIE;KOBIETA;2;22327500
ELIZAWETTA;KOBIETA;2;22327502
TSEDEY;KOBIETA;2;22327504
FERHANA;KOBIETA;2;22327506
AUTA;KOBIETA;2;22327508
ANCILLA;KOBIETA;2;22327510
MEERAL;KOBIETA;2;22327512
CHHIRING;KOBIETA;2;22327514
RUBIN;KOBIETA;2;22327516
ZHIYU;KOBIETA;2;22327518
VASILEIA;KOBIETA;2;22327520
ERGA;KOBIETA;2;22327522
DAISA;KOBIETA;2;22327524
TH? M?;KOBIETA;2;22327526
OLHA-IRYNA;KOBIETA;2;22327528
YULIIA-VIRA;KOBIETA;2;22327530
MDINARA;KOBIETA;2;22327532
HAREGEWOIN;KOBIETA;2;22327534
C?M TÚ;KOBIETA;2;22327536
EMBLA;KOBIETA;2;22327538
AINAR;KOBIETA;2;22327540
TRANDAFIRA;KOBIETA;2;22327542
QIUFEN;KOBIETA;2;22327544
HYOWON;KOBIETA;2;22327546
AWIETTA;KOBIETA;2;22327548
ESTELINA;KOBIETA;2;22327550
JULLIE;KOBIETA;2;22327552
FENYA;KOBIETA;2;22327554
SUCHANDRA;KOBIETA;2;22327556
MARIA ANNA;KOBIETA;2;22327558
H? LINH;KOBIETA;2;22327560
YEONSOO;KOBIETA;2;22327562
YURATE;KOBIETA;2;22327564
IULIANA-ALEXANDRA;KOBIETA;2;22327566
N?DA;KOBIETA;2;22327568
METANET;KOBIETA;2;22327570
FEYZA NUR;KOBIETA;2;22327572
IRAKLI;KOBIETA;2;22327574
RUVEYDA;KOBIETA;2;22327576
MUNKHZAYA;KOBIETA;2;22327578
ULZANA;KOBIETA;2;22327580
ARIDA;KOBIETA;2;22327582
KRISTI?NA;KOBIETA;2;22327584
ANAKHANIM;KOBIETA;2;22327586
AIE;KOBIETA;2;22327588
TH? THU HI?N;KOBIETA;2;22327590
DANAJ;KOBIETA;2;22327592
WIWANA;KOBIETA;2;22327594
KEMBERLY;KOBIETA;2;22327596
ZHOUYI;KOBIETA;2;22327598
PRATISTHA;KOBIETA;2;22327600
VILHELMINA;KOBIETA;2;22327602
SAVELINA;KOBIETA;2;22327604
EBTESAM;KOBIETA;2;22327606
SOPHIE-ROSE;KOBIETA;2;22327608
KHANI;KOBIETA;2;22327610
NISHI;KOBIETA;2;22327612
ORLANA;KOBIETA;2;22327614
BENAZIR;KOBIETA;2;22327616
EKATIRINE;KOBIETA;2;22327618
JACQUELYNN;KOBIETA;2;22327620
YESSENIA;KOBIETA;2;22327622
MAVI;KOBIETA;2;22327624
FRAN;KOBIETA;2;22327626
SARANGEREL;KOBIETA;2;22327628
SEZA;KOBIETA;2;22327630
LAURE-ANNE;KOBIETA;2;22327632
GEHAD;KOBIETA;2;22327634
YEMILIYA;KOBIETA;2;22327636
CHYNAR;KOBIETA;2;22327638
INOS£AWA;KOBIETA;2;22327640
AMELLE;KOBIETA;2;22327642
MILOSLAWA;KOBIETA;2;22327644
MARIA JESUS;KOBIETA;2;22327646
REIA;KOBIETA;2;22327648
ANELLE;KOBIETA;2;22327650
LIENURA;KOBIETA;2;22327652
IRMGART;KOBIETA;2;22327654
GULCAN;KOBIETA;2;22327656
ROCHA;KOBIETA;2;22327658
CORNELA;KOBIETA;2;22327660
LAJANA;KOBIETA;2;22327662
LAMDUAN;KOBIETA;2;22327664
KAILASH;KOBIETA;2;22327666
ASIFA;KOBIETA;2;22327668
KUM JU;KOBIETA;2;22327670
MEBRAT;KOBIETA;2;22327672
HAL?ME;KOBIETA;2;22327674
ROZANETTA;KOBIETA;2;22327676
ALSHA;KOBIETA;2;22327678
DOMI;KOBIETA;2;22327680
SURENCHIMEG;KOBIETA;2;22327682
NTHABISENG;KOBIETA;2;22327684
KEILI;KOBIETA;2;22327686
LISETH;KOBIETA;2;22327688
ANDRESA;KOBIETA;2;22327690
TSOGHIK;KOBIETA;2;22327692
SUNSOOK;KOBIETA;2;22327694
TAHREEM;KOBIETA;2;22327696
LIYBOV;KOBIETA;2;22327698
MIRJAN;KOBIETA;2;22327700
ZHANAGUL;KOBIETA;2;22327702
?LKE;KOBIETA;2;22327704
TH? THU DUNG;KOBIETA;2;22327706
ERAM;KOBIETA;2;22327708
YENIFER;KOBIETA;2;22327710
GYULDENUR;KOBIETA;2;22327712
GABBI;KOBIETA;2;22327714
IVANIA;KOBIETA;2;22327716
KHAWLAH;KOBIETA;2;22327718
IRMTRUDA;KOBIETA;2;22327720
CHI-EN;KOBIETA;2;22327722
CÉLESTE;KOBIETA;2;22327724
ALETIA;KOBIETA;2;22327726
ALMEDINA;KOBIETA;2;22327728
SUHA;KOBIETA;2;22327730
QU?NH VY;KOBIETA;2;22327732
DONJA;KOBIETA;2;22327734
DEST?NA;KOBIETA;2;22327736
SEETHALAKSHMI;KOBIETA;2;22327738
ESTEFANÍA;KOBIETA;2;22327740
MAILI;KOBIETA;2;22327742
YUNMEI;KOBIETA;2;22327744
IROMINA;KOBIETA;2;22327746
ILHEM;KOBIETA;2;22327748
HASINI;KOBIETA;2;22327750
ZOJKA;KOBIETA;2;22327752
DINKA;KOBIETA;2;22327754
ZANELE;KOBIETA;2;22327756
BAHIJA;KOBIETA;2;22327758
NASTA;KOBIETA;2;22327760
YASHA;KOBIETA;2;22327762
BENG?SU;KOBIETA;2;22327764
HALIMAH;KOBIETA;2;22327766
TRAMY;KOBIETA;2;22327768
HEDIA;KOBIETA;2;22327770
DONGHUA;KOBIETA;2;22327772
KHOA;KOBIETA;2;22327774
RONIKA;KOBIETA;2;22327776
IINA;KOBIETA;2;22327778
ALISAR;KOBIETA;2;22327780
AM?LIE;KOBIETA;2;22327782
KEVIN;KOBIETA;2;22327784
MARIIA-ELINA;KOBIETA;2;22327786
LIIS;KOBIETA;2;22327788
RADOMILA;KOBIETA;2;22327790
SAFOURA;KOBIETA;2;22327792
THUY HANH;KOBIETA;2;22327794
RIAH;KOBIETA;2;22327796
DEICY;KOBIETA;2;22327798
RALITZA;KOBIETA;2;22327800
KAARINA;KOBIETA;2;22327802
TZIVIA;KOBIETA;2;22327804
EUN HYE;KOBIETA;2;22327806
ILAY;KOBIETA;2;22327808
ANA CLÁUDIA;KOBIETA;2;22327810
SU£AMITA;KOBIETA;2;22327812
MUQADDAS;KOBIETA;2;22327814
MISTY;KOBIETA;2;22327816
AYSER;KOBIETA;2;22327818
LUCIELLE;KOBIETA;2;22327820
RITA¯;KOBIETA;2;22327822
KAROLYN;KOBIETA;2;22327824
ELZIRA;KOBIETA;2;22327826
ZVEZDELINA;KOBIETA;2;22327828
JENNEFER;KOBIETA;2;22327830
ARELA;KOBIETA;2;22327832
XUEQI;KOBIETA;2;22327834
ELEGIA;KOBIETA;2;22327836
TÜLIN;KOBIETA;2;22327838
MARLÉN;KOBIETA;2;22327840
LIXIAN;KOBIETA;2;22327842
ISRAE;KOBIETA;2;22327844
ZOFIRA;KOBIETA;2;22327846
SHAKKED;KOBIETA;2;22327848
MENG-HSUAN;KOBIETA;2;22327850
LE NHI;KOBIETA;2;22327852
YONG HUI;KOBIETA;2;22327854
KARMIT;KOBIETA;2;22327856
SENJA;KOBIETA;2;22327858
PATRYCYA;KOBIETA;2;22327860
YOUHUI;KOBIETA;2;22327862
NOZIMAKHON;KOBIETA;2;22327864
GÜLRU;KOBIETA;2;22327866
GLYNNIS;KOBIETA;2;22327868
ANNELIEZA;KOBIETA;2;22327870
GUNN;KOBIETA;2;22327872
MARIE-CATHERINE;KOBIETA;2;22327874
D¯ULETTA;KOBIETA;2;22327876
CUITING;KOBIETA;2;22327878
XIAOQIU;KOBIETA;2;22327880
SOLOMIIA-ANNA;KOBIETA;2;22327882
TATAIANA;KOBIETA;2;22327884
WADZANAYI;KOBIETA;2;22327886
ATCHARA;KOBIETA;2;22327888
YEYHENIIA;KOBIETA;2;22327890
NICOLETA-MARIA;KOBIETA;2;22327892
XIAOSHU;KOBIETA;2;22327894
SHENHAV;KOBIETA;2;22327896
JEASICA;KOBIETA;2;22327898
EIDA;KOBIETA;2;22327900
YEAN;KOBIETA;2;22327902
YUNG;KOBIETA;2;22327904
PERTSHUHI;KOBIETA;2;22327906
MORENIKE;KOBIETA;2;22327908
KHUSHALI;KOBIETA;2;22327910
RASHYDA;KOBIETA;2;22327912
CHERIE;KOBIETA;2;22327914
KAAT;KOBIETA;2;22327916
MARIACHIARA;KOBIETA;2;22327918
EDVIGE;KOBIETA;2;22327920
SIMLA;KOBIETA;2;22327922
JUNGJA;KOBIETA;2;22327924
RUCHA;KOBIETA;2;22327926
MÉLODY;KOBIETA;2;22327928
AIZAH;KOBIETA;2;22327930
NICCI;KOBIETA;2;22327932
MANDUKHAI;KOBIETA;2;22327934
KLARE;KOBIETA;2;22327936
AINURE;KOBIETA;2;22327938
ZALAK;KOBIETA;2;22327940
LEMAR;KOBIETA;2;22327942
DREW;KOBIETA;2;22327944
TERESIA;KOBIETA;2;22327946
ZEJNA;KOBIETA;2;22327948
TSVIATANA;KOBIETA;2;22327950
HANIAH;KOBIETA;2;22327952
ZEKIE;KOBIETA;2;22327954
BAKHYTKUL;KOBIETA;2;22327956
GUIYING;KOBIETA;2;22327958
VER?NICA;KOBIETA;2;22327960
KAH;KOBIETA;2;22327962
MALIENA;KOBIETA;2;22327964
TJAA;KOBIETA;2;22327966
ADITHI;KOBIETA;2;22327968
LEILLA;KOBIETA;2;22327970
BARIIAT;KOBIETA;2;22327972
AYE;KOBIETA;2;22327974
BETIJA;KOBIETA;2;22327976
POULINA;KOBIETA;2;22327978
VISHALI;KOBIETA;2;22327980
LAVRA;KOBIETA;2;22327982
MANINDER;KOBIETA;2;22327984
LENIZA;KOBIETA;2;22327986
FITNAT;KOBIETA;2;22327988
BIBJANNA;KOBIETA;2;22327990
INOBAT;KOBIETA;2;22327992
NUHAMIN;KOBIETA;2;22327994
AKO;KOBIETA;2;22327996
TYFANI;KOBIETA;2;22327998
CYNARA;KOBIETA;2;22328000
ANJOLA;KOBIETA;2;22328002
SAMIYAH;KOBIETA;2;22328004
NAT;KOBIETA;2;22328006
EKANA;KOBIETA;2;22328008
KRUTHIKA;KOBIETA;2;22328010
RUDENKO;KOBIETA;2;22328012
SHASHI;KOBIETA;2;22328014
ANADA;KOBIETA;2;22328016
MARJON;KOBIETA;2;22328018
NTOKOZO;KOBIETA;2;22328020
ILARIONA;KOBIETA;2;22328022
AYSIMA;KOBIETA;2;22328024
REIMI;KOBIETA;2;22328026
REYYAN;KOBIETA;2;22328028
MELROSE;KOBIETA;2;22328030
HED?YE;KOBIETA;2;22328032
ANANKA;KOBIETA;2;22328034
MORIKA;KOBIETA;2;22328036
RAKHELA;KOBIETA;2;22328038
DEWORA;KOBIETA;2;22328040
RELIS£AWA;KOBIETA;2;22328042
JANY;KOBIETA;2;22328044
ÇILEM;KOBIETA;2;22328046
BAOLAN;KOBIETA;2;22328048
WEILING;KOBIETA;2;22328050
WIRIDIANA;KOBIETA;2;22328052
KATR?NA;KOBIETA;2;22328054
MOUREEN;KOBIETA;2;22328056
RINKU;KOBIETA;2;22328058
GICIA;KOBIETA;2;22328060
CHRIS;KOBIETA;2;22328062
FEBRONELA;KOBIETA;2;22328064
VESSELA;KOBIETA;2;22328066
MABRUKA;KOBIETA;2;22328068
KATERZYNA;KOBIETA;2;22328070
LUISITA;KOBIETA;2;22328072
ODELE;KOBIETA;2;22328074
ANIS ILANY;KOBIETA;2;22328076
PAWEENA;KOBIETA;2;22328078
CHARINA;KOBIETA;2;22328080
SHAILAJA;KOBIETA;2;22328082
GALATIA;KOBIETA;2;22328084
IVONYNA;KOBIETA;2;22328086
IZMAILA;KOBIETA;2;22328088
SZOFIA;KOBIETA;2;22328090
KAMALJIT;KOBIETA;2;22328092
VESELYNA;KOBIETA;2;22328094
ÉLÉONORE;KOBIETA;2;22328096
DAWINIA;KOBIETA;2;22328098
OLALIA;KOBIETA;2;22328100
SUKYOUNG;KOBIETA;2;22328102
KASIANA;KOBIETA;2;22328104
JAYME;KOBIETA;2;22328106
TH? HUY?N TRANG;KOBIETA;2;22328108
KHRYSTYNA-SOFIIA;KOBIETA;2;22328110
WEI-HSUAN;KOBIETA;2;22328112
MARIA ANGELA;KOBIETA;2;22328114
YENGLIK;KOBIETA;2;22328116
FRANINA;KOBIETA;2;22328118
RAHAB;KOBIETA;2;22328120
ERLIZA;KOBIETA;2;22328122
SELINAY;KOBIETA;2;22328124
AYNABAT;KOBIETA;2;22328126
ALIEKSANDRINA;KOBIETA;2;22328128
SAIALI;KOBIETA;2;22328130
PARVINDER;KOBIETA;2;22328132
RITAH;KOBIETA;2;22328134
DIAMELA;KOBIETA;2;22328136
VIVIENI;KOBIETA;2;22328138
NG?C B?O AN;KOBIETA;2;22328140
AMELY;KOBIETA;2;22328142
JAN?NA;KOBIETA;2;22328144
KASSIA;KOBIETA;2;22328146
DENISSA;KOBIETA;2;22328148
SHARONE;KOBIETA;2;22328150
JUSTA;KOBIETA;2;22328152
AYBUKE;KOBIETA;2;22328154
JINYAO;KOBIETA;2;22328156
HEINI;KOBIETA;2;22328158
IDZIS£AWA;KOBIETA;2;22328160
NGONIDZASHE;KOBIETA;2;22328162
REVATHI;KOBIETA;2;22328164
SARIYYA;KOBIETA;2;22328166
RANIJA;KOBIETA;2;22328168
SONIJA;KOBIETA;2;22328170
XIAODI;KOBIETA;2;22328172
PRASHANSA;KOBIETA;2;22328174
HAIANA;KOBIETA;2;22328176
POOJABEN;KOBIETA;2;22328178
TH? L?NH;KOBIETA;2;22328180
GÜLDAR;KOBIETA;2;22328182
ALPA;KOBIETA;2;22328184
NISHIKA;KOBIETA;2;22328186
YUKTHA;KOBIETA;2;22328188
UNKA;KOBIETA;2;22328190
BIGE;KOBIETA;2;22328192
YIYU;KOBIETA;2;22328194
BER?VAN;KOBIETA;2;22328196
LYDMULA;KOBIETA;2;22328198
VIESNA;KOBIETA;2;22328200
CHING-WEN;KOBIETA;2;22328202
THITIMA;KOBIETA;2;22328204
DASA;KOBIETA;2;22328206
MUI;KOBIETA;2;22328208
SADOKAT;KOBIETA;2;22328210
FEODOSIYA;KOBIETA;2;22328212
SERAN;KOBIETA;2;22328214
QIAOYANG;KOBIETA;2;22328216
FENGLING;KOBIETA;2;22328218
SERENITY;KOBIETA;2;22328220
RATKHA;KOBIETA;2;22328222
THO;KOBIETA;2;22328224
ROSÂNGELA;KOBIETA;2;22328226
SOLOMIIA-VASYLYNA;KOBIETA;2;22328228
MARGIERITA;KOBIETA;2;22328230
TSIPI;KOBIETA;2;22328232
SYRIANA;KOBIETA;2;22328234
NN;KOBIETA;2;22328236
ASPRAM;KOBIETA;2;22328238
KEITY;KOBIETA;2;22328240
TSOVIK;KOBIETA;2;22328242
HYE RIM;KOBIETA;2;22328244
XUYEN;KOBIETA;2;22328246
LOREENA;KOBIETA;2;22328248
RASZA;KOBIETA;2;22328250
MARGRIDA;KOBIETA;2;22328252
MAKEDA;KOBIETA;2;22328254
SAMIIA;KOBIETA;2;22328256
YULIANTI;KOBIETA;2;22328258
HATHAIRAT;KOBIETA;2;22328260
HONGYUAN;KOBIETA;2;22328262
HSIAO-WEN;KOBIETA;2;22328264
ESTONIA;KOBIETA;2;22328266
AMELÍA;KOBIETA;2;22328268
DÖNE;KOBIETA;2;22328270
WLASTA;KOBIETA;2;22328272
SIBONISIWE;KOBIETA;2;22328274
ANCA-GEORGETA;KOBIETA;2;22328276
SALICJA;KOBIETA;2;22328278
LILPAR;KOBIETA;2;22328280
QIAOXIA;KOBIETA;2;22328282
WAN-LING;KOBIETA;2;22328284
OLALLA;KOBIETA;2;22328286
OKTYABRINA;KOBIETA;2;22328288
YI CHEN;KOBIETA;2;22328290
GAO;KOBIETA;2;22328292
BENJAWAN;KOBIETA;2;22328294
BERIN;KOBIETA;2;22328296
YIRANG;KOBIETA;2;22328298
RIYAM;KOBIETA;2;22328300
LALLA;KOBIETA;2;22328302
TONGTONG;KOBIETA;2;22328304
LEOLA;KOBIETA;2;22328306
YEVHIENIIA;KOBIETA;2;22328308
MINAKO;KOBIETA;2;22328310
TUYET NHUNG;KOBIETA;2;22328312
OLUWAFUNMILOLA;KOBIETA;2;22328314
YARIMA;KOBIETA;2;22328316
MIMINA;KOBIETA;2;22328318
OLECHA;KOBIETA;2;22328320
REGAN;KOBIETA;2;22328322
XINWEI;KOBIETA;2;22328324
SELLENA;KOBIETA;2;22328326
SRIJA;KOBIETA;2;22328328
MUNKHPALAM;KOBIETA;2;22328330
AMMU;KOBIETA;2;22328332
MARIA-MIRELA;KOBIETA;2;22328334
CHULUUN;KOBIETA;2;22328336
YOVAL;KOBIETA;2;22328338
MINO;KOBIETA;2;22328340
RUKHSORAKHON;KOBIETA;2;22328342
SURJANA;KOBIETA;2;22328344
SHAROLTA;KOBIETA;2;22328346
ANNA-NADIIA;KOBIETA;2;22328348
SOOKYEONG;KOBIETA;2;22328350
HENYA;KOBIETA;2;22328352
KETINA;KOBIETA;2;22328354
ENKHZUL;KOBIETA;2;22328356
MAIE;KOBIETA;2;22328358
ARANZA;KOBIETA;2;22328360
MAJJA;KOBIETA;2;22328362
H?NG TRINH;KOBIETA;2;22328364
XIAWEI;KOBIETA;2;22328366
MENCHIE;KOBIETA;2;22328368
JINGMEI;KOBIETA;2;22328370
SHUXIN;KOBIETA;2;22328372
CAGLA;KOBIETA;2;22328374
PERNILLA;KOBIETA;2;22328376
MARIIA-TETIANA;KOBIETA;2;22328378
TH? TH?Y TRÂM;KOBIETA;2;22328380
AISYLU;KOBIETA;2;22328382
JEANINNE;KOBIETA;2;22328384
MAJLA;KOBIETA;2;22328386
ANASTAIYA;KOBIETA;2;22328388
LINTA;KOBIETA;2;22328390
NOËMIE;KOBIETA;2;22328392
EWIKA;KOBIETA;2;22328394
KIAMILIA;KOBIETA;2;22328396
CHETNA;KOBIETA;2;22328398
MEIA;KOBIETA;2;22328400
GULZIYA;KOBIETA;2;22328402
THI SEN;KOBIETA;2;22328404
CHERY MAE;KOBIETA;2;22328406
FELIZIA;KOBIETA;2;22328408
CAREY;KOBIETA;2;22328410
MARKO;KOBIETA;2;22328412
SAYEH;KOBIETA;2;22328414
HRIETA;KOBIETA;2;22328416
NATALIIA-DIANA;KOBIETA;2;22328418
SICHALE;KOBIETA;2;22328420
ULEMJ;KOBIETA;2;22328422
GINDA;KOBIETA;2;22328424
PENINA;KOBIETA;2;22328426
RUKEN;KOBIETA;2;22328428
NAYARA;KOBIETA;2;22328430
FAVZIIA;KOBIETA;2;22328432
LESTARI;KOBIETA;2;22328434
BRIANNE;KOBIETA;2;22328436
NUO;KOBIETA;2;22328438
SHUANGFEN;KOBIETA;2;22328440
DZHAMALA;KOBIETA;2;22328442
INÌS;KOBIETA;2;22328444
KLIWIA;KOBIETA;2;22328446
YIMA;KOBIETA;2;22328448
HONGQIN;KOBIETA;2;22328450
KESSY;KOBIETA;2;22328452
MYKHAYLINA;KOBIETA;2;22328454
EHRENTRAUD;KOBIETA;2;22328456
SANAH;KOBIETA;2;22328458
ALTANZAYA;KOBIETA;2;22328460
MONTA;KOBIETA;2;22328462
LADOMIRA;KOBIETA;2;22328464
DÖNDÜ;KOBIETA;2;22328466
CALA;KOBIETA;2;22328468
KORNELJA;KOBIETA;2;22328470
WEIMIN;KOBIETA;2;22328472
ADYA;KOBIETA;2;22328474
YLEANA;KOBIETA;2;22328476
RAYEN;KOBIETA;2;22328478
VIKTORIIA-DIANA;KOBIETA;2;22328480
EMILIIA-MARIIA;KOBIETA;2;22328482
QINGMEI;KOBIETA;2;22328484
WANNA;KOBIETA;2;22328486
MACHIKO;KOBIETA;2;22328488
ANSHI;KOBIETA;2;22328490
ZHIJUN;KOBIETA;2;22328492
VIKTORINA;KOBIETA;2;22328494
MAHRUKH;KOBIETA;2;22328496
MALEN;KOBIETA;2;22328498
NEBI;KOBIETA;2;22328500
ELSABETH;KOBIETA;2;22328502
GULLER;KOBIETA;2;22328504
MUAZZEZ;KOBIETA;2;22328506
SUNNIVA;KOBIETA;2;22328508
YUANNA;KOBIETA;2;22328510
AVY;KOBIETA;2;22328512
TAIGA;KOBIETA;2;22328514
GULSURA;KOBIETA;2;22328516
YESHNA;KOBIETA;2;22328518
SCHEILA;KOBIETA;2;22328520
FLORIJE;KOBIETA;2;22328522
ARTIE;KOBIETA;2;22328524
KHANH VAN;KOBIETA;2;22328526
EIKE;KOBIETA;2;22328528
TETIANA-VASYLYNA;KOBIETA;2;22328530
MINYEONG;KOBIETA;2;22328532
RUILI;KOBIETA;2;22328534
LISANA;KOBIETA;2;22328536
RANEEM;KOBIETA;2;22328538
MARCY;KOBIETA;2;22328540
YUEPING;KOBIETA;2;22328542
MONALI;KOBIETA;2;22328544
ELVANA;KOBIETA;2;22328546
TANZILIA;KOBIETA;2;22328548
ENAV;KOBIETA;2;22328550
AAFIA;KOBIETA;2;22328552
CHANCHIRA;KOBIETA;2;22328554
PIN;KOBIETA;2;22328556
ELIZABELLA;KOBIETA;2;22328558
TASLIM;KOBIETA;2;22328560
HÉLÌNE;KOBIETA;2;22328562
ARYSTYDA;KOBIETA;2;22328564
IZANNA;KOBIETA;2;22328566
RATIDZAI;KOBIETA;2;22328568
DONGYAN;KOBIETA;2;22328570
KHUYEN;KOBIETA;2;22328572
MA£ORZATA;KOBIETA;2;22328574
FABIEN;KOBIETA;2;22328576
HYOSUN;KOBIETA;2;22328578
AZARA;KOBIETA;2;22328580
ALIPIA;KOBIETA;2;22328582
¯INAIDA;KOBIETA;2;22328584
ETELA;KOBIETA;2;22328586
PEI-LIN;KOBIETA;2;22328588
TH? MAI LAN;KOBIETA;2;22328590
ANUPRIYA;KOBIETA;2;22328592
RÓZSA;KOBIETA;2;22328594
SEVGYUL;KOBIETA;2;22328596
NAHID;KOBIETA;2;22328598
MATEUSZ;KOBIETA;2;22328600
ALAIZA;KOBIETA;2;22328602
VIALANTA;KOBIETA;2;22328604
JEANIE;KOBIETA;2;22328606
JINYI;KOBIETA;2;22328608
KRYSCINA;KOBIETA;2;22328610
FRYDRYKA;KOBIETA;2;22328612
MÜRVET;KOBIETA;2;22328614
JASENKA;KOBIETA;2;22328616
PHUONG KHANH;KOBIETA;2;22328618
LEOLANDA;KOBIETA;2;22328620
VALERII;KOBIETA;2;22328622
YUCELIS;KOBIETA;2;22328624
EJLA;KOBIETA;2;22328626
WIEM;KOBIETA;2;22328628
LINNÉA;KOBIETA;2;22328630
FEIXIA;KOBIETA;2;22328632
WIWIENNA;KOBIETA;2;22328634
MORDJANA;KOBIETA;2;22328636
ARJENTINA;KOBIETA;2;22328638
ANNA-ALINA;KOBIETA;2;22328640
WEN-YU;KOBIETA;2;22328642
AGHUNIK;KOBIETA;2;22328644
CHRYSTA;KOBIETA;2;22328646
THI LAI;KOBIETA;2;22328648
AMEIRA;KOBIETA;2;22328650
APHRODITE;KOBIETA;2;22328652
HALIMAT;KOBIETA;2;22328654
TH? T?I;KOBIETA;2;22328656
DIETLINDE;KOBIETA;2;22328658
SHOLEH;KOBIETA;2;22328660
RAJMONDA;KOBIETA;2;22328662
ASHIA;KOBIETA;2;22328664
SEYOUNG;KOBIETA;2;22328666
EWANTYJA;KOBIETA;2;22328668
CARLEEN;KOBIETA;2;22328670
ADEE;KOBIETA;2;22328672
?LKAY;KOBIETA;2;22328674
SENANUR;KOBIETA;2;22328676
EL?S;KOBIETA;2;22328678
OSYTA;KOBIETA;2;22328680
NGOC BAO ANH;KOBIETA;2;22328682
RUMBIDZAYI;KOBIETA;2;22328684
WAHYUNI;KOBIETA;2;22328686
VJOSA;KOBIETA;2;22328688
JINGLIANG;KOBIETA;2;22328690
SALOMIA;KOBIETA;2;22328692
LOBOV;KOBIETA;2;22328694
SELVIHAN;KOBIETA;2;22328696
CHRISPINA;KOBIETA;2;22328698
MISHCHENKO;KOBIETA;2;22328700
ANAIA;KOBIETA;2;22328702
LESYK;KOBIETA;2;22328704
KIM LAN;KOBIETA;2;22328706
TINNA;KOBIETA;2;22328708
WENIS£AWA;KOBIETA;2;22328710
IJOLA;KOBIETA;2;22328712
ROBERTINA;KOBIETA;2;22328714
ALYSA;KOBIETA;2;22328716
FUMINA;KOBIETA;2;22328718
YONOK;KOBIETA;2;22328720
CHUN MI;KOBIETA;2;22328722
SOFIIA-TEREZA;KOBIETA;2;22328724
SUNGWON;KOBIETA;2;22328726
FOUGIA;KOBIETA;2;22328728
MARIA DO CARMO;KOBIETA;2;22328730
NINONA;KOBIETA;2;22328732
GUOLI;KOBIETA;2;22328734
NI LUH AYU;KOBIETA;2;22328736
KESAR;KOBIETA;2;22328738
VEDI;KOBIETA;2;22328740
TH? KIM CHI;KOBIETA;2;22328742
REHAB;KOBIETA;2;22328744
CLARENCE;KOBIETA;2;22328746
MAKSYMILIAN;KOBIETA;2;22328748
JEONGOK;KOBIETA;2;22328750
KATLEEN;KOBIETA;2;22328752
REGGIE;KOBIETA;2;22328754
TANGSHOLPAN;KOBIETA;2;22328756
MADIA;KOBIETA;2;22328758
ZHUK;KOBIETA;2;22328760
BOLORCHIMEG;KOBIETA;2;22328762
NURANGEZ;KOBIETA;2;22328764
MAÉVA;KOBIETA;2;22328766
HYEBIN;KOBIETA;2;22328768
DIANA-SVITLANA;KOBIETA;2;22328770
YUNKYUNG;KOBIETA;2;22328772
ZDZISLAWA;KOBIETA;2;22328774
HALICJA;KOBIETA;2;22328776
DU;KOBIETA;2;22328778
SILVER;KOBIETA;2;22328780
ZYDONIA;KOBIETA;2;22328782
SAIRAN;KOBIETA;2;22328784
NG?C B?O HÂN;KOBIETA;2;22328786
RYENATA;KOBIETA;2;22328788
MAYSAA;KOBIETA;2;22328790
MAHYM;KOBIETA;2;22328792
FARKHUNDA;KOBIETA;2;22328794
LORIA;KOBIETA;2;22328796
ARJOLA;KOBIETA;2;22328798
CARMEN-ELENA;KOBIETA;2;22328800
NOOMI;KOBIETA;2;22328802
TATIENA;KOBIETA;2;22328804
ZIVIT;KOBIETA;2;22328806
KASMINA;KOBIETA;2;22328808
SEVAR;KOBIETA;2;22328810
ALITTA;KOBIETA;2;22328812
MUBINAKHON;KOBIETA;2;22328814
JESS;KOBIETA;2;22328816
TETIANA-YULIIA;KOBIETA;2;22328818
ILYA;KOBIETA;2;22328820
STSIAFANIYA;KOBIETA;2;22328822
PIERINA;KOBIETA;2;22328824
ILLIRIIA;KOBIETA;2;22328826
GEMMALYN;KOBIETA;2;22328828
LISETT;KOBIETA;2;22328830
LIZAVIETA;KOBIETA;2;22328832
EUN JOO;KOBIETA;2;22328834
ZHULIYANA;KOBIETA;2;22328836
GINY;KOBIETA;2;22328838
ATISANA;KOBIETA;2;22328840
LORENTINA;KOBIETA;2;22328842
GÜNSELI;KOBIETA;2;22328844
KRISS;KOBIETA;2;22328846
MILENNA;KOBIETA;2;22328848
DHOUHA;KOBIETA;2;22328850
STAFANIA;KOBIETA;2;22328852
MILOS£AWA;KOBIETA;2;22328854
ECENAZ;KOBIETA;2;22328856
SEVASTI;KOBIETA;2;22328858
RINOA;KOBIETA;2;22328860
MADGALENA;KOBIETA;2;22328862
MARKIELA;KOBIETA;2;22328864
WIANA;KOBIETA;2;22328866
KOKORO;KOBIETA;2;22328868
DOBRAVKA;KOBIETA;2;22328870
HENRIËTTE;KOBIETA;2;22328872
ANATH;KOBIETA;2;22328874
TADIA;KOBIETA;2;22328876
ISHIKA;KOBIETA;2;22328878
DOBRUCHNA;KOBIETA;2;22328880
BENGÜSU;KOBIETA;2;22328882
NAÓMI;KOBIETA;2;22328884
NATCHA;KOBIETA;2;22328886
FALLON;KOBIETA;2;22328888
BAOHUA;KOBIETA;2;22328890
VIBHUTI;KOBIETA;2;22328892
BENAN;KOBIETA;2;22328894
HADIJAH;KOBIETA;2;22328896
JIARUI;KOBIETA;2;22328898
OLIEKSANDRA;KOBIETA;2;22328900
JEZABEL;KOBIETA;2;22328902
SONATINA;KOBIETA;2;22328904
KRZYSZTOS£AWA;KOBIETA;2;22328906
RADOMIA;KOBIETA;2;22328908
SUN AE;KOBIETA;2;22328910
EUNSEONG;KOBIETA;2;22328912
TARANEH;KOBIETA;2;22328914
SHARAI;KOBIETA;2;22328916
THI MINH HOA;KOBIETA;2;22328918
NICOLIEN;KOBIETA;2;22328920
LUBOSZA;KOBIETA;2;22328922
LILIJOZA;KOBIETA;2;22328924
ORALIA;KOBIETA;2;22328926
THANH VÂN;KOBIETA;2;22328928
KOSTADINKA;KOBIETA;2;22328930
SINDHURI;KOBIETA;2;22328932
CALINKA;KOBIETA;2;22328934
LAURENTINA;KOBIETA;2;22328936
BERNHARDINE;KOBIETA;2;22328938
TH? H?I;KOBIETA;2;22328940
NATASIA;KOBIETA;2;22328942
SUGDIYONA;KOBIETA;2;22328944
MY DUYEN;KOBIETA;2;22328946
HYELIN;KOBIETA;2;22328948
DARMARA;KOBIETA;2;22328950
DANETA;KOBIETA;2;22328952
F?RDEVS;KOBIETA;2;22328954
ASMARA;KOBIETA;2;22328956
FIAMMA;KOBIETA;2;22328958
BINTIA;KOBIETA;2;22328960
TH? DI?U LINH;KOBIETA;2;22328962
BIBLIANNA;KOBIETA;2;22328964
JURITA;KOBIETA;2;22328966
PERL;KOBIETA;2;22328968
CATHRINA;KOBIETA;2;22328970
ZOILA;KOBIETA;2;22328972
LLUVIA;KOBIETA;2;22328974
ZILOLAKHON;KOBIETA;2;22328976
SHANEE;KOBIETA;2;22328978
OIHANE;KOBIETA;2;22328980
FEVZIIE;KOBIETA;2;22328982
EBTEHAL;KOBIETA;2;22328984
MARHARYTA-MARIIA;KOBIETA;2;22328986
EIMY;KOBIETA;2;22328988
YRYSGUL;KOBIETA;2;22328990
ERZHEBET;KOBIETA;2;22328992
LIDAN;KOBIETA;2;22328994
SINARA;KOBIETA;2;22328996
DALISAY;KOBIETA;2;22328998
HELEEN;KOBIETA;2;22329000
MARNELLI;KOBIETA;2;22329002
RINKO;KOBIETA;2;22329004
HUONG QUYNH;KOBIETA;2;22329006
AMULYA;KOBIETA;2;22329008
DEBRAH;KOBIETA;2;22329010
SONALBEN;KOBIETA;2;22329012
WICENTA;KOBIETA;2;22329014
THI KHANH LINH;KOBIETA;2;22329016
IKRAME;KOBIETA;2;22329018
NOMUNDARI;KOBIETA;2;22329020
CAROLYNA;KOBIETA;2;22329022
THI KIM LIEN;KOBIETA;2;22329024
KA YIU;KOBIETA;2;22329026
ZSOFIA;KOBIETA;2;22329028
MADO;KOBIETA;2;22329030
NI PUTU AYU;KOBIETA;2;22329032
ISITA;KOBIETA;2;22329034
MIRVAT;KOBIETA;2;22329036
MERYLL;KOBIETA;2;22329038
ELERI;KOBIETA;2;22329040
MÉLAINE;KOBIETA;2;22329042
CHUNMIAO;KOBIETA;2;22329044
VIARA;KOBIETA;2;22329046
HANENE;KOBIETA;2;22329048
BE;KOBIETA;2;22329050
JARZYNA;KOBIETA;2;22329052
RUSHALI;KOBIETA;2;22329054
HIMABINDU;KOBIETA;2;22329056
ANAMSER;KOBIETA;2;22329058
FAYROUZ;KOBIETA;2;22329060
ZUMRUDA;KOBIETA;2;22329062
ZEHRA NUR;KOBIETA;2;22329064
SEMENA;KOBIETA;2;22329066
FELICIE;KOBIETA;2;22329068
NADWA;KOBIETA;2;22329070
ZARNIGOR;KOBIETA;2;22329072
SHANNEL;KOBIETA;2;22329074
KELSIE;KOBIETA;2;22329076
NIKOLY;KOBIETA;2;22329078
GABRÍELA;KOBIETA;2;22329080
AHNA;KOBIETA;2;22329082
POOJITHA;KOBIETA;2;22329084
THI NGOC DIEP;KOBIETA;2;22329086
ZELMIRA;KOBIETA;2;22329088
MINYI;KOBIETA;2;22329090
AKLINA;KOBIETA;2;22329092
JEORJETA;KOBIETA;2;22329094
MARZENIA;KOBIETA;2;22329096
DAIANNA;KOBIETA;2;22329098
EUN JU;KOBIETA;2;22329100
SHUMAN;KOBIETA;2;22329102
SIOBHAIN;KOBIETA;2;22329104
ALINA-ANNA;KOBIETA;2;22329106
ASMAE;KOBIETA;2;22329108
LOJIN;KOBIETA;2;22329110
FIRDOUS;KOBIETA;2;22329112
AVGUSTYNA;KOBIETA;2;22329114
WYSZOMIRA;KOBIETA;2;22329116
BEN;KOBIETA;2;22329118
PARASKEWULA;KOBIETA;2;22329120
TH? THANH TRÚC;KOBIETA;2;22329122
KATARZNA;KOBIETA;2;22329124
SAGIRA;KOBIETA;2;22329126
CHAN;KOBIETA;2;22329128
LIWETTA;KOBIETA;2;22329130
KARAMFILKA;KOBIETA;2;22329132
ANYSIIA;KOBIETA;2;22329134
LUISA FERNANDA;KOBIETA;2;22329136
TSONKA;KOBIETA;2;22329138
SALSABEEL;KOBIETA;2;22329140
CHRYSA;KOBIETA;2;22329142
LIUBOMYRA-MARIIA;KOBIETA;2;22329144
LELYA;KOBIETA;2;22329146
YSABELLA;KOBIETA;2;22329148
BADMAA;KOBIETA;2;22329150
KAMALJEET;KOBIETA;2;22329152
KANNA;KOBIETA;2;22329154
MIEUN;KOBIETA;2;22329156
SAMIRE;KOBIETA;2;22329158
LIEN HUONG;KOBIETA;2;22329160
JINGYANG;KOBIETA;2;22329162
VANUHI;KOBIETA;2;22329164
SAFFIYAH;KOBIETA;2;22329166
RENYA;KOBIETA;2;22329168
DIVYASHREE;KOBIETA;2;22329170
JAYAPRIYA;KOBIETA;2;22329172
RIJANA;KOBIETA;2;22329174
SLAVITA;KOBIETA;2;22329176
NOMUSA;KOBIETA;2;22329178
CHEUK;KOBIETA;2;22329180
VESILE;KOBIETA;2;22329182
YEALA;KOBIETA;2;22329184
HAIDY;KOBIETA;2;22329186
FILIS;KOBIETA;2;22329188
SEAH;KOBIETA;2;22329190
OSHRA;KOBIETA;2;22329192
NUNUKA;KOBIETA;2;22329194
HUZAL;KOBIETA;2;22329196
YIXIU;KOBIETA;2;22329198
MENGKE;KOBIETA;2;22329200
MADITA;KOBIETA;2;22329202
YUZHI;KOBIETA;2;22329204
JUHA;KOBIETA;2;22329206
REHEMA;KOBIETA;2;22329208
SUMAE;KOBIETA;2;22329210
RAKHEL;KOBIETA;2;22329212
PARADISA;KOBIETA;2;22329214
SULIANA;KOBIETA;2;22329216
LINFANG;KOBIETA;2;22329218
TSETSYLIYA;KOBIETA;2;22329220
LIHITA;KOBIETA;2;22329222
SPASKA;KOBIETA;2;22329224
YIE;KOBIETA;2;22329226
ROSELYNE;KOBIETA;2;22329228
JOLLIE;KOBIETA;2;22329230
BALKIS;KOBIETA;2;22329232
CHANJIRA;KOBIETA;2;22329234
BRAÚLIA;KOBIETA;2;22329236
GYUNEL;KOBIETA;2;22329238
INTAN;KOBIETA;2;22329240
RAJVI;KOBIETA;2;22329242
MOA;KOBIETA;2;22329244
RAMALAKSHMI;KOBIETA;2;22329246
SHELLA MAE;KOBIETA;2;22329248
EDIYE;KOBIETA;2;22329250
YELONA;KOBIETA;2;22329252
CIREAªA;KOBIETA;2;22329254
TH? H?NG H?;KOBIETA;2;22329256
FLORIS;KOBIETA;2;22329258
MAKARCHUK;KOBIETA;2;22329260
SHAMMA;KOBIETA;2;22329262
LUCRETIA;KOBIETA;2;22329264
WIJDANE;KOBIETA;2;22329266
RIHO;KOBIETA;2;22329268
SU-CHUAN;KOBIETA;2;22329270
ASUNTA;KOBIETA;2;22329272
KONSTANCIA;KOBIETA;2;22329274
LAURATA;KOBIETA;2;22329276
MIHRET;KOBIETA;2;22329278
ALEKSANDRA-MARIA;KOBIETA;2;22329280
SANDILE;KOBIETA;2;22329282
YUIIA;KOBIETA;2;22329284
OLYENA;KOBIETA;2;22329286
KAMISA;KOBIETA;2;22329288
JENIS;KOBIETA;2;22329290
MALE;KOBIETA;2;22329292
KMAR;KOBIETA;2;22329294
MATSILDA;KOBIETA;2;22329296
SUCHISMITA;KOBIETA;2;22329298
JEA;KOBIETA;2;22329300
TASIJA;KOBIETA;2;22329302
ANDROMACHI;KOBIETA;2;22329304
¯YTOMIRA;KOBIETA;2;22329306
VAIDEHI;KOBIETA;2;22329308
ELVIRE;KOBIETA;2;22329310
SAMMY;KOBIETA;2;22329312
MARIA LYN;KOBIETA;2;22329314
RIZIDA;KOBIETA;2;22329316
CIPA;KOBIETA;2;22329318
AHJIN;KOBIETA;2;22329320
FEWRONIA;KOBIETA;2;22329322
ALIYYA;KOBIETA;2;22329324
TSAI-WEI;KOBIETA;2;22329326
GREESHMA;KOBIETA;2;22329328
ZULAJ;KOBIETA;2;22329330
ALEKA;KOBIETA;2;22329332
WILBURGA;KOBIETA;2;22329334
FELITA;KOBIETA;2;22329336
OK GYONG;KOBIETA;2;22329338
SUNGMIN;KOBIETA;2;22329340
SOLITA;KOBIETA;2;22329342
?KRA;KOBIETA;2;22329344
IONELA-CRISTINA;KOBIETA;2;22329346
RANJIT;KOBIETA;2;22329348
MUKHINA;KOBIETA;2;22329350
AZZAH;KOBIETA;2;22329352
SEZER;KOBIETA;2;22329354
REANA;KOBIETA;2;22329356
TRIXIE;KOBIETA;2;22329358
KASHIA;KOBIETA;2;22329360
TEOFILIIA;KOBIETA;2;22329362
QINGZHEN;KOBIETA;2;22329364
LEONIDAS;KOBIETA;2;22329366
LENA-ANNA;KOBIETA;2;22329368
ZIRUI;KOBIETA;2;22329370
ANNA-KARYNA;KOBIETA;2;22329372
YUETING;KOBIETA;2;22329374
FLORENTA;KOBIETA;2;22329376
FAIROZ;KOBIETA;2;22329378
ODARIIA;KOBIETA;2;22329380
ASHLYNN;KOBIETA;2;22329382
£UKIJA;KOBIETA;2;22329384
NACHA;KOBIETA;2;22329386
LEEAT;KOBIETA;2;22329388
AASIYAH;KOBIETA;2;22329390
ESMI;KOBIETA;2;22329392
ANALISA;KOBIETA;2;22329394
HANECZKA;KOBIETA;2;22329396
RALUCA-CRISTINA;KOBIETA;2;22329398
FENGYAN;KOBIETA;2;22329400
YUEQING;KOBIETA;2;22329402
ZLATA-IVANNA;KOBIETA;2;22329404
MAYUKO;KOBIETA;2;22329406
NAYOON;KOBIETA;2;22329408
JAYMEE;KOBIETA;2;22329410
TING-WEI;KOBIETA;2;22329412
SHERRYL;KOBIETA;2;22329414
DORENTINA;KOBIETA;2;22329416
SHA;KOBIETA;2;22329418
MAY ANN;KOBIETA;2;22329420
KRAVCHENKO;KOBIETA;2;22329422
LANFANG;KOBIETA;2;22329424
EVLALIYA;KOBIETA;2;22329426
BONDAR;KOBIETA;2;22329428
EMILLI;KOBIETA;2;22329430
COREEN;KOBIETA;2;22329432
MEHER;KOBIETA;2;22329434
LINYI;KOBIETA;2;22329436
MARIA DE LURDES;KOBIETA;2;22329438
TH? XUÂN TH?Y;KOBIETA;2;22329440
SWARNA;KOBIETA;2;22329442
KIE;KOBIETA;2;22329444
LAURI;KOBIETA;2;22329446
HEVAL;KOBIETA;2;22329448
ME£ANIJA;KOBIETA;2;22329450
ALYENA;KOBIETA;2;22329452
CHRISTETA;KOBIETA;2;22329454
CHINDA;KOBIETA;2;22329456
LIZIKO;KOBIETA;2;22329458
YU-CHIN;KOBIETA;2;22329460
CHENYAO;KOBIETA;2;22329462
ARSHALUIS;KOBIETA;2;22329464
BETHLEHEM;KOBIETA;2;22329466
GIULAVATIN;KOBIETA;2;22329468
CONFIDENCE;KOBIETA;2;22329470
UDVAL;KOBIETA;2;22329472
JULIÁNA;KOBIETA;2;22329474
CHIA-CHI;KOBIETA;2;22329476
HYE SUK;KOBIETA;2;22329478
CLARIS;KOBIETA;2;22329480
MATEIA;KOBIETA;2;22329482
EFROSINIIA;KOBIETA;2;22329484
VLIANA;KOBIETA;2;22329486
FALINA;KOBIETA;2;22329488
TALIIA;KOBIETA;2;22329490
MARZOLENA;KOBIETA;2;22329492
IZZATUL;KOBIETA;2;22329494
SHAKHODAT;KOBIETA;2;22329496
CYNDY;KOBIETA;2;22329498
NATTHANICHA;KOBIETA;2;22329500
FERYDA;KOBIETA;2;22329502
ANASTHASIA;KOBIETA;2;22329504
AINEL;KOBIETA;2;22329506
MEROPI;KOBIETA;2;22329508
RAGNEDA;KOBIETA;2;22329510
ORTRUD;KOBIETA;2;22329512
AMEYA;KOBIETA;2;22329514
SUVDMAA;KOBIETA;2;22329516
NORVARD;KOBIETA;2;22329518
DHIYA;KOBIETA;2;22329520
HOLY;KOBIETA;2;22329522
AVANTHIKA;KOBIETA;2;22329524
ORISYA;KOBIETA;2;22329526
TAISSIIA;KOBIETA;2;22329528
THUY PHUONG;KOBIETA;2;22329530
MALAI;KOBIETA;2;22329532
DANIELIIA;KOBIETA;2;22329534
YEVANHIELINA;KOBIETA;2;22329536
CRUZ;KOBIETA;2;22329538
TASHI TSOMO;KOBIETA;2;22329540
CHIA-HSIN;KOBIETA;2;22329542
KAYLIN;KOBIETA;2;22329544
SHCHERBAK;KOBIETA;2;22329546
SORI;KOBIETA;2;22329548
LELDE;KOBIETA;2;22329550
ABE;KOBIETA;2;22329552
EMILE;KOBIETA;2;22329554
LILYAN;KOBIETA;2;22329556
HOLA;KOBIETA;2;22329558
PARISSA;KOBIETA;2;22329560
ORES£AWA;KOBIETA;2;22329562
SAFIYYAH;KOBIETA;2;22329564
QIYU;KOBIETA;2;22329566
SHAHINA;KOBIETA;2;22329568
BITA;KOBIETA;2;22329570
TH? THANH HOA;KOBIETA;2;22329572
PEI-YI;KOBIETA;2;22329574
SACHIYO;KOBIETA;2;22329576
ORELIA;KOBIETA;2;22329578
PAWE£;KOBIETA;2;22329580
ILIJANA;KOBIETA;2;22329582
MINTRA;KOBIETA;2;22329584
NANDIKA;KOBIETA;2;22329586
XÉNIA;KOBIETA;2;22329588
ARMANUSH;KOBIETA;2;22329590
DANYSLAVA;KOBIETA;2;22329592
XINLI;KOBIETA;2;22329594
NHU LAN;KOBIETA;2;22329596
WANNESA;KOBIETA;2;22329598
MARISETE;KOBIETA;2;22329600
EDELBURGA;KOBIETA;2;22329602
DIOMIRA;KOBIETA;2;22329604
ZYSLA;KOBIETA;2;22329606
MENGHUI;KOBIETA;2;22329608
ÖZGESU;KOBIETA;2;22329610
IVONKA;KOBIETA;2;22329612
KAILE;KOBIETA;2;22329614
GITEL;KOBIETA;2;22329616
CAMÉLIA;KOBIETA;2;22329618
TH? TÚ ANH;KOBIETA;2;22329620
NIKAH;KOBIETA;2;22329622
WISAL;KOBIETA;2;22329624
MAGDALINE;KOBIETA;2;22329626
YIDIDYA;KOBIETA;2;22329628
MEIJIE;KOBIETA;2;22329630
CHETHANA;KOBIETA;2;22329632
CHUNJU;KOBIETA;2;22329634
ALEKSIJA;KOBIETA;2;22329636
MARIMA;KOBIETA;2;22329638
RYNA;KOBIETA;2;22329640
AIA;KOBIETA;2;22329642
NIRWANA;KOBIETA;2;22329644
XINYA;KOBIETA;2;22329646
LUSSI;KOBIETA;2;22329648
ALADIA;KOBIETA;2;22329650
NUNA;KOBIETA;2;22329652
RAIYSA;KOBIETA;2;22329654
ZURI?E;KOBIETA;2;22329656
SUN HEE;KOBIETA;2;22329658
PADILA;KOBIETA;2;22329660
LAN CHI;KOBIETA;2;22329662
FELOMENA;KOBIETA;2;22329664
YUXING;KOBIETA;2;22329666
PARKER;KOBIETA;2;22329668
YAXIAN;KOBIETA;2;22329670
BINDHU;KOBIETA;2;22329672
ASMI;KOBIETA;2;22329674
FLORISE;KOBIETA;2;22329676
YASHASWI;KOBIETA;2;22329678
NICOLAS;KOBIETA;2;22329680
SONNUR;KOBIETA;2;22329682
NAGIA;KOBIETA;2;22329684
SOGDIANA;KOBIETA;2;22329686
DHVANI;KOBIETA;2;22329688
TRAUDEL;KOBIETA;2;22329690
AIDEEN;KOBIETA;2;22329692
SOFIIA-ANHELINA;KOBIETA;2;22329694
MINUCA;KOBIETA;2;22329696
ANASTÁZIA;KOBIETA;2;22329698
DARIKHA;KOBIETA;2;22329700
REISEL;KOBIETA;2;22329702
JOENNA;KOBIETA;2;22329704
SION;KOBIETA;2;22329706
FERDOS;KOBIETA;2;22329708
TH? L??NG;KOBIETA;2;22329710
CHRISTELLA;KOBIETA;2;22329712
CATARINE;KOBIETA;2;22329714
W£ADIS£AWA;KOBIETA;2;22329716
LUSTYNA;KOBIETA;2;22329718
KLAUDIJA;KOBIETA;2;22329720
SZEJWA;KOBIETA;2;22329722
EUFRUZYNA;KOBIETA;2;22329724
JEANNE D'ARC;KOBIETA;2;22329726
AGRIPINA;KOBIETA;2;22329728
KEIKA;KOBIETA;2;22329730
MAKSELINA;KOBIETA;2;22329732
IªILAY;KOBIETA;2;22329734
SAMEEN;KOBIETA;2;22329736
HAZVINEYI;KOBIETA;2;22329738
CHERRILYN;KOBIETA;2;22329740
ZULAI;KOBIETA;2;22329742
VELESLAVA;KOBIETA;2;22329744
TEAH;KOBIETA;2;22329746
LALYN;KOBIETA;2;22329748
RAJINA;KOBIETA;2;22329750
STANIS£AVA;KOBIETA;2;22329752
ASSYLAIYM;KOBIETA;2;22329754
TOUMICHA;KOBIETA;2;22329756
ZYKLINDA;KOBIETA;2;22329758
JACHETA;KOBIETA;2;22329760
LAURYNA;KOBIETA;2;22329762
HYUNSUN;KOBIETA;2;22329764
DANTING;KOBIETA;2;22329766
ADAYA;KOBIETA;2;22329768
JOYS;KOBIETA;2;22329770
TSESLAVA;KOBIETA;2;22329772
ALAMELU;KOBIETA;2;22329774
ROSLIN;KOBIETA;2;22329776
FIMA;KOBIETA;2;22329778
DONGZHU;KOBIETA;2;22329780
HIRONA;KOBIETA;2;22329782
KRISI;KOBIETA;2;22329784
EMILCE;KOBIETA;2;22329786
NURBUBU;KOBIETA;2;22329788
DAMLA NUR;KOBIETA;2;22329790
JIALU;KOBIETA;2;22329792
SUNEETA;KOBIETA;2;22329794
ANNAIS;KOBIETA;2;22329796
ABIGAËL;KOBIETA;2;22329798
RADEGUNDIS;KOBIETA;2;22329800
RAMUTE;KOBIETA;2;22329802
KHÁNH VÂN;KOBIETA;2;22329804
THI THANG;KOBIETA;2;22329806
DALVA;KOBIETA;2;22329808
JOAQUINA;KOBIETA;2;22329810
XUFEN;KOBIETA;2;22329812
EL?SA;KOBIETA;2;22329814
OKSENIA;KOBIETA;2;22329816
GULO;KOBIETA;2;22329818
ARADHITA;KOBIETA;2;22329820
SHINYOUNG;KOBIETA;2;22329822
MOTOKO;KOBIETA;2;22329824
CRIS;KOBIETA;2;22329826
JINGJIA;KOBIETA;2;22329828
THI TRANG NHUNG;KOBIETA;2;22329830
JYLIA;KOBIETA;2;22329832
KATEVAN;KOBIETA;2;22329834
ARDELEANA;KOBIETA;2;22329836
BAO LINH;KOBIETA;2;22329838
ADANIA;KOBIETA;2;22329840
LORILYN;KOBIETA;2;22329842
SZUNITA;KOBIETA;2;22329844
YAUHENIA;KOBIETA;2;22329846
DHEA;KOBIETA;2;22329848
AISSA;KOBIETA;2;22329850
MALIKAKHON;KOBIETA;2;22329852
CYRIL;KOBIETA;2;22329854
YUNFEN;KOBIETA;2;22329856
JINXIU;KOBIETA;2;22329858
PIMPILAI;KOBIETA;2;22329860
DEVINA;KOBIETA;2;22329862
YEWANDE;KOBIETA;2;22329864
JHONNA;KOBIETA;2;22329866
SAKINEH;KOBIETA;2;22329868
ORISA;KOBIETA;2;22329870
ANNA PAULA;KOBIETA;2;22329872
SATHI;KOBIETA;2;22329874
PRINCY;KOBIETA;2;22329876
QINGYAN;KOBIETA;2;22329878
ZOLTÁNNÉ;KOBIETA;2;22329880
SO JIN;KOBIETA;2;22329882
TOURIA;KOBIETA;2;22329884
TATIANYA;KOBIETA;2;22329886
URARA;KOBIETA;2;22329888
ZHAOMIN;KOBIETA;2;22329890
RYLEE;KOBIETA;2;22329892
INHRIDA;KOBIETA;2;22329894
VIKTORIIA-;KOBIETA;2;22329896
LEE ANNE;KOBIETA;2;22329898
MINH TH?;KOBIETA;2;22329900
AGGA;KOBIETA;2;22329902
BAIGALI;KOBIETA;2;22329904
MEL?SSA;KOBIETA;2;22329906
PRABHA;KOBIETA;2;22329908
LIANÉ;KOBIETA;2;22329910
FANYU;KOBIETA;2;22329912
D¯ULIETA;KOBIETA;2;22329914
ZEPORA;KOBIETA;2;22329916
MARIIA-LILIIA;KOBIETA;2;22329918
YONGXIANG;KOBIETA;2;22329920
JOANETA;KOBIETA;2;22329922
BOMIN;KOBIETA;2;22329924
INOCENCJA;KOBIETA;2;22329926
ZOEYA;KOBIETA;2;22329928
DEBASREE;KOBIETA;2;22329930
WINTER;KOBIETA;2;22329932
XUEMENG;KOBIETA;2;22329934
TSENA;KOBIETA;2;22329936
JADINE;KOBIETA;2;22329938
EMAAN;KOBIETA;2;22329940
JETA;KOBIETA;2;22329942
MAWADA;KOBIETA;2;22329944
SÊDZIS£AWA;KOBIETA;2;22329946
NAYAB;KOBIETA;2;22329948
NANUK;KOBIETA;2;22329950
JEVGIENIJA;KOBIETA;2;22329952
ELLENI;KOBIETA;2;22329954
LILANDA;KOBIETA;2;22329956
ANZHELIA;KOBIETA;2;22329958
GEETABEN;KOBIETA;2;22329960
THI DUOC;KOBIETA;2;22329962
THI QUE ANH;KOBIETA;2;22329964
MATLIUBA;KOBIETA;2;22329966
MILIYA;KOBIETA;2;22329968
VIMLA;KOBIETA;2;22329970
THIDARUT;KOBIETA;2;22329972
QIULI;KOBIETA;2;22329974
ALPHY;KOBIETA;2;22329976
ALESSIIA;KOBIETA;2;22329978
LINORA;KOBIETA;2;22329980
AUKSE;KOBIETA;2;22329982
MASOUMEH;KOBIETA;2;22329984
DANICELA;KOBIETA;2;22329986
HSIN-PEI;KOBIETA;2;22329988
SILVIA-MIHAELA;KOBIETA;2;22329990
TICIANA;KOBIETA;2;22329992
AISHAGUL;KOBIETA;2;22329994
THI HUYEN MY;KOBIETA;2;22329996
NGOC BAO AN;KOBIETA;2;22329998
QIWEN;KOBIETA;2;22330000
WEJDAN;KOBIETA;2;22330002
NONTOBEKO;KOBIETA;2;22330004
MINEA;KOBIETA;2;22330006
HEER;KOBIETA;2;22330008
ANNA-MARI;KOBIETA;2;22330010
TSELMUUN;KOBIETA;2;22330012
NYENGETERAI;KOBIETA;2;22330014
SHANTHI;KOBIETA;2;22330016
ABEEHA;KOBIETA;2;22330018
LIDZIA;KOBIETA;2;22330020
MASIKO;KOBIETA;2;22330022
LAMPAI;KOBIETA;2;22330024
CHENYU;KOBIETA;2;22330026
LUSYNE;KOBIETA;2;22330028
BOHOSLAVA;KOBIETA;2;22330030
YUNZHEN;KOBIETA;2;22330032
ZEKIJA;KOBIETA;2;22330034
BITANYA;KOBIETA;2;22330036
DAYANNE;KOBIETA;2;22330038
MIAMI;KOBIETA;2;22330040
VIET ANH;KOBIETA;2;22330042
CHANGE;KOBIETA;2;22330044
NGOC PHUONG;KOBIETA;2;22330046
ANNEMIEKE;KOBIETA;2;22330048
TRA MI;KOBIETA;2;22330050
CLARAH;KOBIETA;2;22330052
TETTIANA;KOBIETA;2;22330054
SYUZI;KOBIETA;2;22330056
ELIFSU;KOBIETA;2;22330058
NEELE;KOBIETA;2;22330060
TH? THÚY ANH;KOBIETA;2;22330062
LIODMILA;KOBIETA;2;22330064
MAIMUNA;KOBIETA;2;22330066
NILAYDA;KOBIETA;2;22330068
AYRIN;KOBIETA;2;22330070
PRATIVA;KOBIETA;2;22330072
FUJIKO;KOBIETA;2;22330074
FERNANDE;KOBIETA;2;22330076
PAKITA;KOBIETA;2;22330078
AMAAL;KOBIETA;2;22330080
SE;KOBIETA;2;22330082
SANTIJANA;KOBIETA;2;22330084
ALLEN;KOBIETA;2;22330086
SOUJANYA;KOBIETA;2;22330088
RIABOVOL;KOBIETA;2;22330090
AKSHATHA;KOBIETA;2;22330092
ADJA;KOBIETA;2;22330094
MYLEN;KOBIETA;2;22330096
NEETHI;KOBIETA;2;22330098
RAGIBA;KOBIETA;2;22330100
YAKIRA;KOBIETA;2;22330102
YANJU;KOBIETA;2;22330104
CHIAO;KOBIETA;2;22330106
XIAOMIN;KOBIETA;2;22330108
ANNA-MÁRIA;KOBIETA;2;22330110
SEWIL;KOBIETA;2;22330112
DONGQIN;KOBIETA;2;22330114
AYJAHAN;KOBIETA;2;22330116
HAJDEMARIA;KOBIETA;2;22330118
AKRAM;KOBIETA;2;22330120
YVETT;KOBIETA;2;22330122
SEYHAT;KOBIETA;2;22330124
TUMURKHUYAG;KOBIETA;2;22330126
FIKRIYE;KOBIETA;2;22330128
ANDREEA-RALUCA;KOBIETA;2;22330130
REINHILD;KOBIETA;2;22330132
AGNA;KOBIETA;2;22330134
VARSIK;KOBIETA;2;22330136
ADEVIYE;KOBIETA;2;22330138
MCKENNA;KOBIETA;2;22330140
CHOUROUK;KOBIETA;2;22330142
MALANIIA;KOBIETA;2;22330144
GAEA;KOBIETA;2;22330146
GYULSECHEN;KOBIETA;2;22330148
AISARA;KOBIETA;2;22330150
MUMTAZ;KOBIETA;2;22330152
ZHUSTINA;KOBIETA;2;22330154
YUEXI;KOBIETA;2;22330156
FOTYNI;KOBIETA;2;22330158
ITSUMI;KOBIETA;2;22330160
APOLINARA;KOBIETA;2;22330162
LIBERA;KOBIETA;2;22330164
DRAHOMÍRA;KOBIETA;2;22330166
DACIANA;KOBIETA;2;22330168
SABZINA;KOBIETA;2;22330170
ANGIOLINA;KOBIETA;2;22330172
ANGELENA;KOBIETA;2;22330174
SEVIN;KOBIETA;2;22330176
HUIMEI;KOBIETA;2;22330178
TULISA;KOBIETA;2;22330180
ªÜKRIYE;KOBIETA;2;22330182
YIQI;KOBIETA;2;22330184
YANETH;KOBIETA;2;22330186
MIHAELA-ELENA;KOBIETA;2;22330188
TANZIL;KOBIETA;2;22330190
INAIDA;KOBIETA;2;22330192
ª?LAN;KOBIETA;2;22330194
ILI;KOBIETA;2;22330196
MILUKA;KOBIETA;2;22330198
ERELA;KOBIETA;2;22330200
T??NG;KOBIETA;2;22330202
VICENTINA;KOBIETA;2;22330204
TRUC ANH;KOBIETA;2;22330206
GULJEMILE;KOBIETA;2;22330208
HAIAT;KOBIETA;2;22330210
CHETANA;KOBIETA;2;22330212
ANASTASIIA-SOFIIA;KOBIETA;2;22330214
LUYDMYLA;KOBIETA;2;22330216
AKELA;KOBIETA;2;22330218
ZHIXIN;KOBIETA;2;22330220
YULLIIA;KOBIETA;2;22330222
MUTHULAKSHMI;KOBIETA;2;22330224
IZARO;KOBIETA;2;22330226
LYANNE;KOBIETA;2;22330228
ANNA-ADELINA;KOBIETA;2;22330230
ANANTA;KOBIETA;2;22330232
DIOSKORA;KOBIETA;2;22330234
PETRANA;KOBIETA;2;22330236
DARIIA-KAROLINA;KOBIETA;2;22330238
ENEA;KOBIETA;2;22330240
DZHENNA;KOBIETA;2;22330242
MARGARÉTA;KOBIETA;2;22330244
LUTFIJA;KOBIETA;2;22330246
SEBA;KOBIETA;2;22330248
DANYLIIA;KOBIETA;2;22330250
AKSINIYA;KOBIETA;2;22330252
ANASTASIIA-IRYNA;KOBIETA;2;22330254
RAFAL;KOBIETA;2;22330256
LIZAWETA;KOBIETA;2;22330258
XINGYU;KOBIETA;2;22330260
SVILTANA;KOBIETA;2;22330262
HAYKUHI;KOBIETA;2;22330264
MELVA;KOBIETA;2;22330266
AARUSHI;KOBIETA;2;22330268
ZHIHUA;KOBIETA;2;22330270
AMIELINA;KOBIETA;2;22330272
BIXIA;KOBIETA;2;22330274
AAYESHA;KOBIETA;2;22330276
NARANGARAV;KOBIETA;2;22330278
KES;KOBIETA;2;22330280
ACELA;KOBIETA;2;22330282
WALJA;KOBIETA;2;22330284
MAHDALIENA;KOBIETA;2;22330286
SHARLIN;KOBIETA;2;22330288
RUMA;KOBIETA;2;22330290
TAYYABA;KOBIETA;2;22330292
KIRESZ;KOBIETA;2;22330294
TH? HUY?N;KOBIETA;2;22330296
SHARAREH;KOBIETA;2;22330298
OLHA-KARINA;KOBIETA;2;22330300
SHRIJANA;KOBIETA;2;22330302
ZINFIRA;KOBIETA;2;22330304
NATTY;KOBIETA;2;22330306
GUZALIIA;KOBIETA;2;22330308
VIVIENNA;KOBIETA;2;22330310
ZIMO;KOBIETA;2;22330312
DAMARA;KOBIETA;2;22330314
HISAKO;KOBIETA;2;22330316
MARIAROSARIA;KOBIETA;2;22330318
MARKHABAT;KOBIETA;2;22330320
BON;KOBIETA;2;22330322
BLADYNA;KOBIETA;2;22330324
ANNASOFIA;KOBIETA;2;22330326
GOMATHI;KOBIETA;2;22330328
SHAREEN;KOBIETA;2;22330330
SULA;KOBIETA;2;22330332
NEZIHA;KOBIETA;2;22330334
SHARBAT;KOBIETA;2;22330336
WEI-LING;KOBIETA;2;22330338
HANYLORA;KOBIETA;2;22330340
GÜLESER;KOBIETA;2;22330342
KHÁNH LY;KOBIETA;2;22330344
ANJALY;KOBIETA;2;22330346
ROSEANNE;KOBIETA;2;22330348
QIZILGUL;KOBIETA;2;22330350
TOULA;KOBIETA;2;22330352
SUZU;KOBIETA;2;22330354
RAGHDA;KOBIETA;2;22330356
STILIANA;KOBIETA;2;22330358
SABRIA;KOBIETA;2;22330360
NIHAD;KOBIETA;2;22330362
ANDRIY;KOBIETA;2;22330364
WINFRIDA;KOBIETA;2;22330366
TEMILADE;KOBIETA;2;22330368
TÁÒA;KOBIETA;2;22330370
FOTA;KOBIETA;2;22330372
HONGPING;KOBIETA;2;22330374
SIEVIIE;KOBIETA;2;22330376
KHRYSTYNIIA;KOBIETA;2;22330378
NEONELLA;KOBIETA;2;22330380
INGEMARA;KOBIETA;2;22330382
PEI-YING;KOBIETA;2;22330384
ENTA;KOBIETA;2;22330386
ANETKA;KOBIETA;2;22330388
TI;KOBIETA;2;22330390
AZAL;KOBIETA;2;22330392
YONGLIN;KOBIETA;2;22330394
XINREN;KOBIETA;2;22330396
MRS.;KOBIETA;2;22330398
KERANKA;KOBIETA;2;22330400
TSOGZOLMAA;KOBIETA;2;22330402
NICKOLE;KOBIETA;2;22330404
RENTYNA;KOBIETA;2;22330406
MARIE-CAROLINE;KOBIETA;2;22330408
AERIS;KOBIETA;2;22330410
GAZALA;KOBIETA;2;22330412
THI PHUONG LAN;KOBIETA;2;22330414
NINGYU;KOBIETA;2;22330416
CLEA;KOBIETA;2;22330418
ELAF;KOBIETA;2;22330420
TH? LEN;KOBIETA;2;22330422
JIUN;KOBIETA;2;22330424
PRAKRITI;KOBIETA;2;22330426
ETIENNE;KOBIETA;2;22330428
BABUS;KOBIETA;2;22330430
FATIMAT;KOBIETA;2;22330432
NILAMBEN;KOBIETA;2;22330434
ANISOARA;KOBIETA;2;22330436
ANNA ZOFIA;KOBIETA;2;22330438
YOUJUNG;KOBIETA;2;22330440
KANITTA;KOBIETA;2;22330442
QINGHONG;KOBIETA;2;22330444
NADIIA-ALINA;KOBIETA;2;22330446
SYBYLA;KOBIETA;2;22330448
SANAÉ;KOBIETA;2;22330450
JENNIFER ANN;KOBIETA;2;22330452
MEDI;KOBIETA;2;22330454
ALEXANE;KOBIETA;2;22330456
SUNAY;KOBIETA;2;22330458
XINBEI;KOBIETA;2;22330460
TAJISA;KOBIETA;2;22330462
VAPHA;KOBIETA;2;22330464
VARNIKA;KOBIETA;2;22330466
BASZA;KOBIETA;2;22330468
DARATEYA;KOBIETA;2;22330470
LEONID;KOBIETA;2;22330472
TIJA;KOBIETA;2;22330474
ÁI;KOBIETA;2;22330476
RUBY ROSE;KOBIETA;2;22330478
ATOLIA;KOBIETA;2;22330480
DANNI;KOBIETA;2;22330482
YUGYEONG;KOBIETA;2;22330484
MEILAN;KOBIETA;2;22330486
MAIRI;KOBIETA;2;22330488
TRIINU;KOBIETA;2;22330490
DIELLËZA;KOBIETA;2;22330492
DITLINDA;KOBIETA;2;22330494
NELIANNA;KOBIETA;2;22330496
DILYAFRUZ;KOBIETA;2;22330498
LUTFIA;KOBIETA;2;22330500
YAËL;KOBIETA;2;22330502
CHUNLIAN;KOBIETA;2;22330504
ªENGÜL;KOBIETA;2;22330506
SOFIA-MARIIA;KOBIETA;2;22330508
YUNYING;KOBIETA;2;22330510
OLGICA;KOBIETA;2;22330512
THI CONG;KOBIETA;2;22330514
LIEM;KOBIETA;2;22330516
DZINTRA;KOBIETA;2;22330518
SUN SIM;KOBIETA;2;22330520
VENETTA;KOBIETA;2;22330522
MIRAWA;KOBIETA;2;22330524
ASIMENIA;KOBIETA;2;22330526
HAZVINEI;KOBIETA;2;22330528
EVANA;KOBIETA;2;22330530
LEIDA;KOBIETA;2;22330532
ARPITABEN;KOBIETA;2;22330534
DASOM;KOBIETA;2;22330536
SINDISO;KOBIETA;2;22330538
TSELINA;KOBIETA;2;22330540
SHAYMA;KOBIETA;2;22330542
TH? B?CH TUY?T;KOBIETA;2;22330544
SHYLA;KOBIETA;2;22330546
BELLISSIMA;KOBIETA;2;22330548
GAYANA;KOBIETA;2;22330550
AUDRIANNA;KOBIETA;2;22330552
LYNE;KOBIETA;2;22330554
XIAOE;KOBIETA;2;22330556
RYANNA;KOBIETA;2;22330558
NKECHI;KOBIETA;2;22330560
KLEMENCJA;KOBIETA;2;22330562
SYLWERYNA;KOBIETA;2;22330564
ZIZA;KOBIETA;2;22330566
KHASHKHUU;KOBIETA;2;22330568
ILKSEN;KOBIETA;2;22330570
ALTYNGUL;KOBIETA;2;22330572
ALEONA;KOBIETA;2;22330574
IRINIIA;KOBIETA;2;22330576
EHRENGARD;KOBIETA;2;22330578
SAFET;KOBIETA;2;22330580
KRISINA;KOBIETA;2;22330582
SYRINA;KOBIETA;2;22330584
FAZILAT;KOBIETA;2;22330586
MARIA CECILIA;KOBIETA;2;22330588
TAFARA;KOBIETA;2;22330590
MINJIE;KOBIETA;2;22330592
LOJAIN;KOBIETA;2;22330594
TAJSA;KOBIETA;2;22330596
ZARINABONU;KOBIETA;2;22330598
ZHUOZHEN;KOBIETA;2;22330600
JEONGMI;KOBIETA;2;22330602
IUNA;KOBIETA;2;22330604
DAVAAJARGAL;KOBIETA;2;22330606
JAEYI;KOBIETA;2;22330608
AYUSHA;KOBIETA;2;22330610
REJNA;KOBIETA;2;22330612
CATHÉRINE;KOBIETA;2;22330614
EDEM;KOBIETA;2;22330616
SEBILE;KOBIETA;2;22330618
MALEIKA;KOBIETA;2;22330620
ONELLA;KOBIETA;2;22330622
ISHAANA;KOBIETA;2;22330624
PANISA;KOBIETA;2;22330626
GEETHIKA;KOBIETA;2;22330628
SHARGIYYA;KOBIETA;2;22330630
MEYRAV;KOBIETA;2;22330632
SOMKHIT;KOBIETA;2;22330634
TOSUN;KOBIETA;2;22330636
ARIUNBILEG;KOBIETA;2;22330638
PEI-CHI;KOBIETA;2;22330640
GWENDOLINA;KOBIETA;2;22330642
AFIK;KOBIETA;2;22330644
SASITHORN;KOBIETA;2;22330646
KADEK DWI;KOBIETA;2;22330648
YELY¯AVETA;KOBIETA;2;22330650
FRANCY;KOBIETA;2;22330652
DALITH;KOBIETA;2;22330654
ANALI;KOBIETA;2;22330656
GYULFIE;KOBIETA;2;22330658
KARPENKO;KOBIETA;2;22330660
SUNEETHA;KOBIETA;2;22330662
SHAHED;KOBIETA;2;22330664
MERETE;KOBIETA;2;22330666
WIKTORA;KOBIETA;2;22330668
AFENDULA;KOBIETA;2;22330670
LEONE;KOBIETA;2;22330672
AANIA;KOBIETA;2;22330674
NAUELA;KOBIETA;2;22330676
JOKASTA;KOBIETA;2;22330678
MIN AH;KOBIETA;2;22330680
YEVA-MARYIA;KOBIETA;2;22330682
ZUZAN;KOBIETA;2;22330684
AHANA;KOBIETA;2;22330686
WIERZCHOS£AWA;KOBIETA;2;22330688
MARIA-MIRABELA;KOBIETA;2;22330690
XINH;KOBIETA;2;22330692
SUYOUNG;KOBIETA;2;22330694
IVE;KOBIETA;2;22330696
ARLO;KOBIETA;2;22330698
DROSIA;KOBIETA;2;22330700
JEANNETE;KOBIETA;2;22330702
ADALBERTA;KOBIETA;2;22330704
ELEKTA;KOBIETA;2;22330706
SERENE;KOBIETA;2;22330708
ROCHELL;KOBIETA;2;22330710
RENONA;KOBIETA;2;22330712
KORENA;KOBIETA;2;22330714
CHULUUNTSETSEG;KOBIETA;2;22330716
BHOOMIKABEN;KOBIETA;2;22330718
EVELINA-ANNA;KOBIETA;2;22330720
ITANA;KOBIETA;2;22330722
HEESEON;KOBIETA;2;22330724
PROFIRA;KOBIETA;2;22330726
LAWANA;KOBIETA;2;22330728
NEPOMUCYNA;KOBIETA;2;22330730
TIKVA;KOBIETA;2;22330732
SHURI;KOBIETA;2;22330734
MION;KOBIETA;2;22330736
HO?I THU;KOBIETA;2;22330738
BUYANZAYA;KOBIETA;2;22330740
WALDTRAUD;KOBIETA;2;22330742
DIEU VY;KOBIETA;2;22330744
RADOSTINKA;KOBIETA;2;22330746
NATIVIDAD;KOBIETA;2;22330748
UPASANA;KOBIETA;2;22330750
BAVAKAN;KOBIETA;2;22330752
HEEJU;KOBIETA;2;22330754
DORETHEA;KOBIETA;2;22330756
RAKSHITA;KOBIETA;2;22330758
JINGYUE;KOBIETA;2;22330760
MIELIENA;KOBIETA;2;22330762
SUJA;KOBIETA;2;22330764
WULA;KOBIETA;2;22330766
YIFFAT;KOBIETA;2;22330768
BODZIS£AWA;KOBIETA;2;22330770
MASLINA;KOBIETA;2;22330772
BEVELYN;KOBIETA;2;22330774
IN SOOK;KOBIETA;2;22330776
SHENGYING;KOBIETA;2;22330778
YUPAPORN;KOBIETA;2;22330780
JAGUMI£A;KOBIETA;2;22330782
DANIIEL;KOBIETA;2;22330784
JEMILA;KOBIETA;2;22330786
RUNGNAPHA;KOBIETA;2;22330788
TAMMIE;KOBIETA;2;22330790
CHOYEON;KOBIETA;2;22330792
PRECILLA;KOBIETA;2;22330794
MUKTA;KOBIETA;2;22330796
JEKATER?NA;KOBIETA;2;22330798
SZARLOTTE;KOBIETA;2;22330800
ALEXANDRE;KOBIETA;2;22330802
EWERYSTA;KOBIETA;2;22330804
YANI;KOBIETA;2;22330806
INSUK;KOBIETA;2;22330808
LIZETH;KOBIETA;2;22330810
DAMAYANTHI;KOBIETA;2;22330812
RAKSHYA;KOBIETA;2;22330814
YEIN;KOBIETA;2;22330816
SUPRANEE;KOBIETA;2;22330818
SHAIFALI;KOBIETA;2;22330820
UJJWALA;KOBIETA;2;22330822
JUNG A;KOBIETA;2;22330824
SNIHANA;KOBIETA;2;22330826
GENNY;KOBIETA;2;22330828
LEOKRYCJA;KOBIETA;2;22330830
ZARET;KOBIETA;2;22330832
TH? HUY?N TRANG;KOBIETA;2;22330834
ZWINIS£AWA;KOBIETA;2;22330836
MALGOZATA;KOBIETA;2;22330838
YALINA;KOBIETA;2;22330840
ANNASTAZJA;KOBIETA;2;22330842
ZIPI;KOBIETA;2;22330844
MOSKALENKO;KOBIETA;2;22330846
ANNA-SOPHIA;KOBIETA;2;22330848
HEIDE-MARIA;KOBIETA;2;22330850
ESPERANÇA;KOBIETA;2;22330852
TING-YU;KOBIETA;2;22330854
MILLE;KOBIETA;2;22330856
GULZAR;KOBIETA;2;22330858
DEVYANI;KOBIETA;2;22330860
BABII;KOBIETA;2;22330862
MARTSINA;KOBIETA;2;22330864
CAIQIN;KOBIETA;2;22330866
ALEUTSINA;KOBIETA;2;22330868
RHYTHM;KOBIETA;2;22330870
HYE SIN;KOBIETA;2;22330872
DIANA ROSE;KOBIETA;2;22330874
FREDEL;KOBIETA;2;22330876
AREZOU;KOBIETA;2;22330878
YURIY;KOBIETA;2;22330880
YAVDOKIIA;KOBIETA;2;22330882
SEONGYEON;KOBIETA;2;22330884
UTAKO;KOBIETA;2;22330886
NENI;KOBIETA;2;22330888
WENIA;KOBIETA;2;22330890
WAKANA;KOBIETA;2;22330892
KALYA;KOBIETA;2;22330894
KRYSTIA;KOBIETA;2;22330896
RAZANE;KOBIETA;2;22330898
CHANGHONG;KOBIETA;2;22330900
VARINKA;KOBIETA;2;22330902
LIESELOTA;KOBIETA;2;22330904
SOI;KOBIETA;2;22330906
HUANG;KOBIETA;2;22330908
DIACHUK;KOBIETA;2;22330910
JEONGHYUN;KOBIETA;2;22330912
BENIS£AWA;KOBIETA;2;22330914
FUKA;KOBIETA;2;22330916
CHIA-YI;KOBIETA;2;22330918
CHRYSCINA;KOBIETA;2;22330920
MAYISA;KOBIETA;2;22330922
ANELIZE;KOBIETA;2;22330924
KYUNGHEE;KOBIETA;2;22330926
MELIIA;KOBIETA;2;22330928
KERSTI;KOBIETA;2;22330930
ESTA;KOBIETA;2;22330932
YOSHIE;KOBIETA;2;22330934
MIRAC;KOBIETA;2;22330936
MARIA CHRISTINA;KOBIETA;2;22330938
YOLLA;KOBIETA;2;22330940
METKA;KOBIETA;2;22330942
THI THANH THAO;KOBIETA;2;22330944
TH? THU HUÖNG;KOBIETA;2;22330946
JESMINE;KOBIETA;2;22330948
PACIFIQUE;KOBIETA;2;22330950
OMOBOLANLE;KOBIETA;2;22330952
JUNGMI;KOBIETA;2;22330954
KALIPSE;KOBIETA;2;22330956
PRIYAL;KOBIETA;2;22330958
BRIELLE;KOBIETA;2;22330960
LAURA ALEJANDRA;KOBIETA;2;22330962
ZIUBROVSKA;KOBIETA;2;22330964
HAE YOUNG;KOBIETA;2;22330966
QUANG;KOBIETA;2;22330968
RUFIE;KOBIETA;2;22330970
MANT?;KOBIETA;2;22330972
BRYGITTE;KOBIETA;2;22330974
TAIISIA;KOBIETA;2;22330976
DARSHANA;KOBIETA;2;22330978
BOZHANA;KOBIETA;2;22330980
MAHNOOR;KOBIETA;2;22330982
THANH B?NH;KOBIETA;2;22330984
HAYDEN;KOBIETA;2;22330986
CHENG-HAN;KOBIETA;2;22330988
SEMINA;KOBIETA;2;22330990
TATULI;KOBIETA;2;22330992
EL?F NUR;KOBIETA;2;22330994
ALLONA;KOBIETA;2;22330996
BIRHAYAT;KOBIETA;2;22330998
IRSA;KOBIETA;2;22331000
YÜSRA;KOBIETA;2;22331002
VOICHITA;KOBIETA;2;22331004
HANNA-MARIA;KOBIETA;2;22331006
TANSEL;KOBIETA;2;22331008
PRAGNYA;KOBIETA;2;22331010
RAMI;KOBIETA;2;22331012
KWITOS£AWA;KOBIETA;2;22331014
AINOHA;KOBIETA;2;22331016
JIANXIN;KOBIETA;2;22331018
NESIL;KOBIETA;2;22331020
SYMELA;KOBIETA;2;22331022
WASYLIA;KOBIETA;2;22331024
SHANIQUA;KOBIETA;2;22331026
CHERNYSH;KOBIETA;2;22331028
QIAOYI;KOBIETA;2;22331030
GÜRCAN;KOBIETA;2;22331032
HAIHUA;KOBIETA;2;22331034
KAREM;KOBIETA;2;22331036
FAD?ME;KOBIETA;2;22331038
ESMAY;KOBIETA;2;22331040
MEAGHAN;KOBIETA;2;22331042
EMIRIA;KOBIETA;2;22331044
JURA;KOBIETA;2;22331046
AKILE;KOBIETA;2;22331048
CECIL;KOBIETA;2;22331050
BHAGAWATI;KOBIETA;2;22331052
VAMA;KOBIETA;2;22331054
RHEALYN;KOBIETA;2;22331056
HENNI;KOBIETA;2;22331058
GULISTON;KOBIETA;2;22331060
ANNA-MARIJA;KOBIETA;2;22331062
TH? QU?NH TRANG;KOBIETA;2;22331064
GULSHANA;KOBIETA;2;22331066
THI XINH;KOBIETA;2;22331068
ARLEEN;KOBIETA;2;22331070
YANZI;KOBIETA;2;22331072
LOVETH;KOBIETA;2;22331074
MISS SUNISA;KOBIETA;2;22331076
KELLIA;KOBIETA;2;22331078
HONG THAM;KOBIETA;2;22331080
ALISSAR;KOBIETA;2;22331082
SAMARIA;KOBIETA;2;22331084
NELIE;KOBIETA;2;22331086
VESLANA;KOBIETA;2;22331088
IRYNA-NATALIIA;KOBIETA;2;22331090
DARLINE;KOBIETA;2;22331092
MEE HEE;KOBIETA;2;22331094
MOJISOLA;KOBIETA;2;22331096
FRANTIKA;KOBIETA;2;22331098
AN NHI?N;KOBIETA;2;22331100
UN JONG;KOBIETA;2;22331102
ONORINA;KOBIETA;2;22331104
MAVIE;KOBIETA;2;22331106
NEJIRA;KOBIETA;2;22331108
XIUFANG;KOBIETA;2;22331110
PRZEMI£A;KOBIETA;2;22331112
ANUKA;KOBIETA;2;22331114
MAYLEEN;KOBIETA;2;22331116
FREIIA;KOBIETA;2;22331118
TUNYAPORN;KOBIETA;2;22331120
FULA;KOBIETA;2;22331122
ANUNTIATA;KOBIETA;2;22331124
ZARNURA;KOBIETA;2;22331126
CHOEUN;KOBIETA;2;22331128
AIARU;KOBIETA;2;22331130
MAIALEN;KOBIETA;2;22331132
MAEGAN;KOBIETA;2;22331134
SHENA;KOBIETA;2;22331136
S£AWIANA;KOBIETA;2;22331138
LEAH MAE;KOBIETA;2;22331140
YOUNGAE;KOBIETA;2;22331142
VEDA;KOBIETA;2;22331144
TH? NGUY?T ÁNH;KOBIETA;2;22331146
ZARIEMA;KOBIETA;2;22331148
ALEM;KOBIETA;2;22331150
SHUI;KOBIETA;2;22331152
INNEZ;KOBIETA;2;22331154
VELIKA;KOBIETA;2;22331156
FREIDA;KOBIETA;2;22331158
JACQUELENE;KOBIETA;2;22331160
KHATIIA;KOBIETA;2;22331162
SARBJEET;KOBIETA;2;22331164
DALJIT;KOBIETA;2;22331166
ELLAINE;KOBIETA;2;22331168
THINH;KOBIETA;2;22331170
YUEYING;KOBIETA;2;22331172
JARGAL;KOBIETA;2;22331174
AJAP;KOBIETA;2;22331176
WIS£A;KOBIETA;2;22331178
THANAA;KOBIETA;2;22331180
CHIMEDDULAM;KOBIETA;2;22331182
OLIJANA;KOBIETA;2;22331184
BEE;KOBIETA;2;22331186
GRINA;KOBIETA;2;22331188
NAM PHUONG;KOBIETA;2;22331190
VARTANUSH;KOBIETA;2;22331192
VIKOTORIIA;KOBIETA;2;22331194
CHOCIES£AWA;KOBIETA;2;22331196
COLETA;KOBIETA;2;22331198
SZARLEJKA;KOBIETA;2;22331200
MATYLDE;KOBIETA;2;22331202
OLEKSNADRA;KOBIETA;2;22331204
ARAINA;KOBIETA;2;22331206
IVANNA-ROKSOLANA;KOBIETA;2;22331208
MAHESHWARIBEN;KOBIETA;2;22331210
BAMLAK;KOBIETA;2;22331212
DOROTHE;KOBIETA;2;22331214
SURINA;KOBIETA;2;22331216
THI MY HANH;KOBIETA;2;22331218
MINGYUN;KOBIETA;2;22331220
GULDASTA;KOBIETA;2;22331222
MALHAZHATA;KOBIETA;2;22331224
JIASI;KOBIETA;2;22331226
SHENGHUA;KOBIETA;2;22331228
KUAN-LING;KOBIETA;2;22331230
CORNELIE;KOBIETA;2;22331232
UMUTONI;KOBIETA;2;22331234
KATIARINA;KOBIETA;2;22331236
DARSHAN;KOBIETA;2;22331238
EWA MARIA;KOBIETA;2;22331240
MOHITA;KOBIETA;2;22331242
LITTAL;KOBIETA;2;22331244
ELECTRA;KOBIETA;2;22331246
YEVANFIIA;KOBIETA;2;22331248
PANPAN;KOBIETA;2;22331250
TSEND-AYUSH;KOBIETA;2;22331252
SETAYESH;KOBIETA;2;22331254
YIXIN;KOBIETA;2;22331256
MARGARETT;KOBIETA;2;22331258
SABILA;KOBIETA;2;22331260
MIKHAIL;KOBIETA;2;22331262
JOOA;KOBIETA;2;22331264
A£ISA;KOBIETA;2;22331266
CHUTIKARN;KOBIETA;2;22331268
RAMAT;KOBIETA;2;22331270
SRISTI;KOBIETA;2;22331272
BENEDIKTA;KOBIETA;2;22331274
MYKHAILYNA-KHRYSTYNA;KOBIETA;2;22331276
FAIGA;KOBIETA;2;22331278
SHARANYA;KOBIETA;2;22331280
NAYLYA;KOBIETA;2;22331282
YEONJAE;KOBIETA;2;22331284
SABEEN;KOBIETA;2;22331286
LÃMÎIÞA;KOBIETA;2;22331288
DAYNA;KOBIETA;2;22331290
VANITA;KOBIETA;2;22331292
YOUNGMEE;KOBIETA;2;22331294
REINATA;KOBIETA;2;22331296
QINGSUN;KOBIETA;2;22331298
WENENTYNA;KOBIETA;2;22331300
HYOJU;KOBIETA;2;22331302
SEOAN;KOBIETA;2;22331304
DAMAJANTI;KOBIETA;2;22331306
LETINA;KOBIETA;2;22331308
BAHRIYE;KOBIETA;2;22331310
TH? TH?NH;KOBIETA;2;22331312
BAYASGALAN;KOBIETA;2;22331314
THI HONG THAM;KOBIETA;2;22331316
GULNIGOR;KOBIETA;2;22331318
NERA;KOBIETA;2;22331320
IVANNA-IRYNA;KOBIETA;2;22331322
THAYNARA;KOBIETA;2;22331324
HANEE;KOBIETA;2;22331326
ELÍN;KOBIETA;2;22331328
NURZHANAT;KOBIETA;2;22331330
DZHENA;KOBIETA;2;22331332
LANY;KOBIETA;2;22331334
IVON;KOBIETA;2;22331336
MARGRIET;KOBIETA;2;22331338
SARSWATI;KOBIETA;2;22331340
TAMERA;KOBIETA;2;22331342
REJA;KOBIETA;2;22331344
SILLA;KOBIETA;2;22331346
MALAMATENIA;KOBIETA;2;22331348
KAMILA-KATERYNA;KOBIETA;2;22331350
TANAPORN;KOBIETA;2;22331352
ESTIBALIZ;KOBIETA;2;22331354
OLECHNA;KOBIETA;2;22331356
IRIN;KOBIETA;2;22331358
SMRUTI;KOBIETA;2;22331360
ERELLA;KOBIETA;2;22331362
THI THIEN;KOBIETA;2;22331364
LYAN;KOBIETA;2;22331366
DENNIS;KOBIETA;2;22331368
ROZA-MARIIA;KOBIETA;2;22331370
SAFFRON;KOBIETA;2;22331372
KAMELYA;KOBIETA;2;22331374
AIGIUL;KOBIETA;2;22331376
SUPRAJA;KOBIETA;2;22331378
FILADELFIA;KOBIETA;2;22331380
YU-CHIEH;KOBIETA;2;22331382
ALBERT;KOBIETA;2;22331384
SHIEN;KOBIETA;2;22331386
PALWASHA;KOBIETA;2;22331388
ZIRU;KOBIETA;2;22331390
JANJIRA;KOBIETA;2;22331392
THANH H?NG;KOBIETA;2;22331394
SHERIHAN;KOBIETA;2;22331396
DZYNTRA;KOBIETA;2;22331398
NAMALIIA;KOBIETA;2;22331400
VANGELIA;KOBIETA;2;22331402
NINING;KOBIETA;2;22331404
KYRYL;KOBIETA;2;22331406
SAISHA;KOBIETA;2;22331408
ANGA;KOBIETA;2;22331410
VAANI;KOBIETA;2;22331412
ENNA;KOBIETA;2;22331414
CYWJA;KOBIETA;2;22331416
SHRAVYA;KOBIETA;2;22331418
COREY;KOBIETA;2;22331420
THI QUYNH HOA;KOBIETA;2;22331422
TH? THANH PH??NG;KOBIETA;2;22331424
JAIA;KOBIETA;2;22331426
ARDEN;KOBIETA;2;22331428
DZHENNIFER;KOBIETA;2;22331430
TOMISLAVA;KOBIETA;2;22331432
POLINA-VIKTORIIA;KOBIETA;2;22331434
GÜLIZ;KOBIETA;2;22331436
MISAKO;KOBIETA;2;22331438
SEONGMI;KOBIETA;2;22331440
IVANNA-YULIIA;KOBIETA;2;22331442
RESHMI;KOBIETA;2;22331444
YOONHA;KOBIETA;2;22331446
LILLYANN;KOBIETA;2;22331448
SUHONG;KOBIETA;2;22331450
MOONHEE;KOBIETA;2;22331452
LEYLYA;KOBIETA;2;22331454
SANVIKA;KOBIETA;2;22331456
RAWENA;KOBIETA;2;22331458
MAKSYMINA;KOBIETA;2;22331460
RELENA;KOBIETA;2;22331462
DOMNIKIYA;KOBIETA;2;22331464
MISALBA;KOBIETA;2;22331466
SELITA;KOBIETA;2;22331468
TAMUSYA;KOBIETA;2;22331470
GULCHERA;KOBIETA;2;22331472
SUSSANA;KOBIETA;2;22331474
MIGLE;KOBIETA;2;22331476
GARYFALLIA;KOBIETA;2;22331478
ESMAT;KOBIETA;2;22331480
GABRJELA;KOBIETA;2;22331482
RANJU;KOBIETA;2;22331484
YICHUN;KOBIETA;2;22331486
SUMRU;KOBIETA;2;22331488
SEPP;KOBIETA;2;22331490
ADAMIRA;KOBIETA;2;22331492
WALLA;KOBIETA;2;22331494
ZOHARA;KOBIETA;2;22331496
DALIN;KOBIETA;2;22331498
SHEULY;KOBIETA;2;22331500
MARCENA;KOBIETA;2;22331502
MÉLANY;KOBIETA;2;22331504
TRUPTIBEN;KOBIETA;2;22331506
TIPSUDA;KOBIETA;2;22331508
BETTA;KOBIETA;2;22331510
NATTHAPHAT;KOBIETA;2;22331512
TESSY;KOBIETA;2;22331514
AURITA;KOBIETA;2;22331516
ALIT;KOBIETA;2;22331518
NEZIHE;KOBIETA;2;22331520
MARWINA;KOBIETA;2;22331522
SEJA;KOBIETA;2;22331524
ELSPETH;KOBIETA;2;22331526
OLONA;KOBIETA;2;22331528
BASDI;KOBIETA;2;22331530
JIN HEE;KOBIETA;2;22331532
QINGYUN;KOBIETA;2;22331534
OLHA-KATERYNA;KOBIETA;2;22331536
SALSABILLA;KOBIETA;2;22331538
LINYE;KOBIETA;2;22331540
TULLY;KOBIETA;2;22331542
MOMINA;KOBIETA;2;22331544
JEFIMIA;KOBIETA;2;22331546
SANDOMIRA;KOBIETA;2;22331548
KORDONELA;KOBIETA;2;22331550
HALIT;KOBIETA;2;22331552
SARIAH;KOBIETA;2;22331554
LADOUCE;KOBIETA;2;22331556
RETNO;KOBIETA;2;22331558
GANIT;KOBIETA;2;22331560
BHAGYASREE;KOBIETA;2;22331562
AMRAPALI;KOBIETA;2;22331564
AVE;KOBIETA;2;22331566
MARGAD;KOBIETA;2;22331568
ABBYGAIL;KOBIETA;2;22331570
SARBJIT;KOBIETA;2;22331572
SHEYMA;KOBIETA;2;22331574
VENBA;KOBIETA;2;22331576
MICHALI;KOBIETA;2;22331578
ALIANNA;KOBIETA;2;22331580
GUNES;KOBIETA;2;22331582
EVON;KOBIETA;2;22331584
YUFEN;KOBIETA;2;22331586
REBECA-MARIA;KOBIETA;2;22331588
HUIJING;KOBIETA;2;22331590
NARANZUL;KOBIETA;2;22331592
ANNEGRETE;KOBIETA;2;22331594
JI WON;KOBIETA;2;22331596
CONCETTINA;KOBIETA;2;22331598
PASTERNAK;KOBIETA;2;22331600
RAZEENA;KOBIETA;2;22331602
HASITHA;KOBIETA;2;22331604
ALEXANDRI;KOBIETA;2;22331606
KARLIJN;KOBIETA;2;22331608
YUDY;KOBIETA;2;22331610
DILNAZA;KOBIETA;2;22331612
MAHWISH;KOBIETA;2;22331614
MAÉ;KOBIETA;2;22331616
FENGLAN;KOBIETA;2;22331618
ZULLY;KOBIETA;2;22331620
EUNSOOK;KOBIETA;2;22331622
ELJANNA;KOBIETA;2;22331624
FUNMILAYO;KOBIETA;2;22331626
KEQIN;KOBIETA;2;22331628
HARPREET KAUR;KOBIETA;2;22331630
TU?A;KOBIETA;2;22331632
AROHI;KOBIETA;2;22331634
LIWEI;KOBIETA;2;22331636
THU TRA;KOBIETA;2;22331638
DEIRDRE;KOBIETA;2;22331640
ROUMIANA;KOBIETA;2;22331642
RUBINKA;KOBIETA;2;22331644
JAGDEEP KAUR;KOBIETA;2;22331646
ALGVIDA;KOBIETA;2;22331648
JION;KOBIETA;2;22331650
FELICIANA;KOBIETA;2;22331652
SHEVA;KOBIETA;2;22331654
FOUZIA;KOBIETA;2;22331656
LUCYJANNA;KOBIETA;2;22331658
AMITHA;KOBIETA;2;22331660
MICHIKA;KOBIETA;2;22331662
SHEEMA;KOBIETA;2;22331664
THI THANH AN;KOBIETA;2;22331666
REG?NA;KOBIETA;2;22331668
MARIA-MÃDÃLINA;KOBIETA;2;22331670
JOHN;KOBIETA;2;22331672
ELÉA;KOBIETA;2;22331674
MAKARIA;KOBIETA;2;22331676
BEATRYKS;KOBIETA;2;22331678
ETHAR;KOBIETA;2;22331680
CLAIR;KOBIETA;2;22331682
TZU-HSIN;KOBIETA;2;22331684
ANASTASIIA-NATALIIA;KOBIETA;2;22331686
YEO;KOBIETA;2;22331688
TH? MINH TÂM;KOBIETA;2;22331690
ADRIKA;KOBIETA;2;22331692
ANNA-YAROSLAVA;KOBIETA;2;22331694
MINJOO;KOBIETA;2;22331696
MILINTINA;KOBIETA;2;22331698
NG?C HUY?N;KOBIETA;2;22331700
JINQING;KOBIETA;2;22331702
RAMUT?;KOBIETA;2;22331704
PRIYADHARSINI;KOBIETA;2;22331706
SCHANTI;KOBIETA;2;22331708
ÁMBAR;KOBIETA;2;22331710
AADA;KOBIETA;2;22331712
REVAN;KOBIETA;2;22331714
ASHLY;KOBIETA;2;22331716
RIZALINA;KOBIETA;2;22331718
TYMOFIY;KOBIETA;2;22331720
ALWINE;KOBIETA;2;22331722
HOLLI;KOBIETA;2;22331724
ZAMFIRA;KOBIETA;2;22331726
AIMIN;KOBIETA;2;22331728
MIRYANA;KOBIETA;2;22331730
ELIZAWET;KOBIETA;2;22331732
JEONGHEE;KOBIETA;2;22331734
SODGEREL;KOBIETA;2;22331736
TRIIN;KOBIETA;2;22331738
HEDIEH;KOBIETA;2;22331740
ZUURA;KOBIETA;2;22331742
RUFA;KOBIETA;2;22331744
RAHNIEDA;KOBIETA;2;22331746
ELIFNAZ;KOBIETA;2;22331748
HOANG LINH;KOBIETA;2;22331750
SÜVEYDA;KOBIETA;2;22331752
RAJINDER KAUR;KOBIETA;2;22331754
ANUNGOO;KOBIETA;2;22331756
SAYMA;KOBIETA;2;22331758
GAIN;KOBIETA;2;22331760
CHANDA;KOBIETA;2;22331762
MEGU;KOBIETA;2;22331764
ALEXINA;KOBIETA;2;22331766
ZHAOHAN;KOBIETA;2;22331768
XUANWEI;KOBIETA;2;22331770
TH? QU?NH MAI;KOBIETA;2;22331772
DOROTEIA;KOBIETA;2;22331774
IMEDA;KOBIETA;2;22331776
MARISE;KOBIETA;2;22331778
ISLEM;KOBIETA;2;22331780
MAVILE;KOBIETA;2;22331782
ANELI;KOBIETA;2;22331784
PORNTHIP;KOBIETA;2;22331786
YINI;KOBIETA;2;22331788
KAMOLWAN;KOBIETA;2;22331790
TURANE;KOBIETA;2;22331792
VOKTORIIA;KOBIETA;2;22331794
ANASMASIIA;KOBIETA;2;22331796
DOINIÞA;KOBIETA;2;22331798
LYZA;KOBIETA;2;22331800
LIVIJA;KOBIETA;2;22331802
ANOUSCHKA;KOBIETA;2;22331804
DENERIS;KOBIETA;2;22331806
I-HSIEN;KOBIETA;2;22331808
SONG SUN;KOBIETA;2;22331810
JUDA;KOBIETA;2;22331812
NGUY?T;KOBIETA;2;22331814
MAYBELLE;KOBIETA;2;22331816
AJNUR;KOBIETA;2;22331818
YE?IM;KOBIETA;2;22331820
EDZHE;KOBIETA;2;22331822
RONGZHEN;KOBIETA;2;22331824
FRANKLYN;KOBIETA;2;22331826
YRAYA;KOBIETA;2;22331828
ZHOANNA;KOBIETA;2;22331830
GIORGI;KOBIETA;2;22331832
ZUKHRAKHON;KOBIETA;2;22331834
DENYSE;KOBIETA;2;22331836
ALCIRA;KOBIETA;2;22331838
JANVI;KOBIETA;2;22331840
LADDAWAN;KOBIETA;2;22331842
IMGE;KOBIETA;2;22331844
BASSMA;KOBIETA;2;22331846
CARLENE;KOBIETA;2;22331848
ANNA-VERONIKA;KOBIETA;2;22331850
LITANDRA;KOBIETA;2;22331852
NAM SOON;KOBIETA;2;22331854
MERLYN;KOBIETA;2;22331856
SULBIIE;KOBIETA;2;22331858
PRAVALLIKA;KOBIETA;2;22331860
MARIA-ELENA;KOBIETA;2;22331862
MEJ;KOBIETA;2;22331864
TETYDA;KOBIETA;2;22331866
ANNABETH;KOBIETA;2;22331868
DIAZ;KOBIETA;2;22331870
MAYOWA;KOBIETA;2;22331872
JOLANTHA;KOBIETA;2;22331874
FLAMINIA;KOBIETA;2;22331876
ENKELA;KOBIETA;2;22331878
ISHWORI;KOBIETA;2;22331880
INELDA;KOBIETA;2;22331882
TALLINA;KOBIETA;2;22331884
ANNEMARI;KOBIETA;2;22331886
LINHONG;KOBIETA;2;22331888
VIORYKA;KOBIETA;2;22331890
ALEKSIYA;KOBIETA;2;22331892
HANG NGA;KOBIETA;2;22331894
DIEN;KOBIETA;2;22331896
BÍCH DI?P;KOBIETA;2;22331898
NELIJA;KOBIETA;2;22331900
ELEINA;KOBIETA;2;22331902
RONALDA;KOBIETA;2;22331904
GULTEN;KOBIETA;2;22331906
TZIVYA;KOBIETA;2;22331908
CHANCHAL;KOBIETA;2;22331910
ZULY;KOBIETA;2;22331912
SHAMSUN;KOBIETA;2;22331914
BIOLA;KOBIETA;2;22331916
H?NG;KOBIETA;2;22331918
THEMBEKA;KOBIETA;2;22331920
MASAMI;KOBIETA;2;22331922
LAURELINE;KOBIETA;2;22331924
PRITHIKA;KOBIETA;2;22331926
SHARLOTA;KOBIETA;2;22331928
TALIN;KOBIETA;2;22331930
AMARTUVSHIN;KOBIETA;2;22331932
DEIMANT?;KOBIETA;2;22331934
DELALI;KOBIETA;2;22331936
LAINE;KOBIETA;2;22331938
ORANE;KOBIETA;2;22331940
GULZINAT;KOBIETA;2;22331942
SUMIKO;KOBIETA;2;22331944
BOLIASNA;KOBIETA;2;22331946
BUYOUNG;KOBIETA;2;22331948
NYLA;KOBIETA;2;22331950
MIHARU;KOBIETA;2;22331952
HADJER;KOBIETA;2;22331954
ASM?N;KOBIETA;2;22331956
QIUYUE;KOBIETA;2;22331958
EGITA;KOBIETA;2;22331960
DENNI;KOBIETA;2;22331962
TH? THANH MAI;KOBIETA;2;22331964
EMIILIA;KOBIETA;2;22331966
B?ªRA;KOBIETA;2;22331968
GULSAMAL;KOBIETA;2;22331970
TH? THANH B?NH;KOBIETA;2;22331972
MYKHAELA;KOBIETA;2;22331974
UNITA;KOBIETA;2;22331976
QUENNIE;KOBIETA;2;22331978
CHANELA;KOBIETA;2;22331980
CAROLL;KOBIETA;2;22331982
ESMIN;KOBIETA;2;22331984
BLERONA;KOBIETA;2;22331986
LAM ANH;KOBIETA;2;22331988
SAHIDE;KOBIETA;2;22331990
VIETA;KOBIETA;2;22331992
TRUC;KOBIETA;2;22331994
NITHILA;KOBIETA;2;22331996
JIACHEN;KOBIETA;2;22331998
ANDRIIA;KOBIETA;2;22332000
EVRIDIKA;KOBIETA;2;22332002
ELMAZA;KOBIETA;2;22332004
ANNETE;KOBIETA;2;22332006
IN SUK;KOBIETA;2;22332008
JAGOS£AWA;KOBIETA;2;22332010
HASSNA;KOBIETA;2;22332012
VIVIËNNE;KOBIETA;2;22332014
WIERONIKA;KOBIETA;2;22332016
TUNA;KOBIETA;2;22332018
MICHAELE;KOBIETA;2;22332020
ZHISHENG;KOBIETA;2;22332022
SEOHA;KOBIETA;2;22332024
CLARA MARIA;KOBIETA;2;22332026
KATELIN;KOBIETA;2;22332028
ALIVIIA;KOBIETA;2;22332030
MARIIA-VLADYSLAVA;KOBIETA;2;22332032
THI TO;KOBIETA;2;22332034
SARLA;KOBIETA;2;22332036
HARJINDER;KOBIETA;2;22332038
EFFIE;KOBIETA;2;22332040
VI?T TRINH;KOBIETA;2;22332042
YICHAO;KOBIETA;2;22332044
HAYRIYE;KOBIETA;2;22332046
LINHUI;KOBIETA;2;22332048
AJSHA;KOBIETA;2;22332050
YUMYUSH;KOBIETA;2;22332052
WASIMA;KOBIETA;2;22332054
AZADE;KOBIETA;2;22332056
SAFFIA;KOBIETA;2;22332058
THI LUYEN;KOBIETA;2;22332060
SHALLU;KOBIETA;2;22332062
YAKOVLIEVA;KOBIETA;2;22332064
SHUFANG;KOBIETA;2;22332066
HYUNSEUNG;KOBIETA;2;22332068
LAMIITA;KOBIETA;2;22332070
CYPORA;KOBIETA;2;22332072
THI CANH;KOBIETA;2;22332074
LONI;KOBIETA;2;22332076
GIERDA;KOBIETA;2;22332078
ATHALIAH;KOBIETA;2;22332080
RAIAN;KOBIETA;2;22332082
NAPHAT;KOBIETA;2;22332084
EDIBE;KOBIETA;2;22332086
TUSHITA;KOBIETA;2;22332088
KASYNIIA;KOBIETA;2;22332090
TH? THÁI;KOBIETA;2;22332092
NEDRED;KOBIETA;2;22332094
TH? HUY?N;KOBIETA;2;22332096
BOHDA;KOBIETA;2;22332098
AISSATA;KOBIETA;2;22332100
ELOÁ;KOBIETA;2;22332102
DANIELA FILIPA;KOBIETA;2;22332104
SIGRYDA;KOBIETA;2;22332106
YI-LIN;KOBIETA;2;22332108
YAHELY;KOBIETA;2;22332110
DIONE;KOBIETA;2;22332112
ANNA-ANDRIANA;KOBIETA;2;22332114
ELIENA;KOBIETA;2;22332116
THUAN;KOBIETA;2;22332118
IRANDA;KOBIETA;2;22332120
XIYUE;KOBIETA;2;22332122
PELINA;KOBIETA;2;22332124
PANATDA;KOBIETA;2;22332126
NURGYUL;KOBIETA;2;22332128
NEHAD;KOBIETA;2;22332130
JUNXIAO;KOBIETA;2;22332132
XUANYING;KOBIETA;2;22332134
RUPINA;KOBIETA;2;22332136
OCTOBER;KOBIETA;2;22332138
TOOT;KOBIETA;2;22332140
HIZELA;KOBIETA;2;22332142
CLARIBEL;KOBIETA;2;22332144
PIDAN;KOBIETA;2;22332146
CIELLA;KOBIETA;2;22332148
FERLYN;KOBIETA;2;22332150
QUAZI;KOBIETA;2;22332152
AIZHEN;KOBIETA;2;22332154
MIERJEMA;KOBIETA;2;22332156
EWAGELIA;KOBIETA;2;22332158
TARAH;KOBIETA;2;22332160
EUDOCJA;KOBIETA;2;22332162
CONSUELLA;KOBIETA;2;22332164
ZARIYAT;KOBIETA;2;22332166
MAKRUHI;KOBIETA;2;22332168
BE£A;KOBIETA;2;22332170
RAIN;KOBIETA;2;22332172
ZIANNA;KOBIETA;2;22332174
TEVA;KOBIETA;2;22332176
NOËLLA;KOBIETA;2;22332178
KAMNA;KOBIETA;2;22332180
TH? HONG;KOBIETA;2;22332182
FAZILE;KOBIETA;2;22332184
FORAM;KOBIETA;2;22332186
SICELO;KOBIETA;2;22332188
EMMACULATE;KOBIETA;2;22332190
ANATOLIY;KOBIETA;2;22332192
RAHAYU;KOBIETA;2;22332194
QU?NH CHI;KOBIETA;2;22332196
TELI;KOBIETA;2;22332198
GURNOOR;KOBIETA;2;22332200
RASHPAL;KOBIETA;2;22332202
ANDRE;KOBIETA;2;22332204
MAMURA;KOBIETA;2;22332206
PORNNAPA;KOBIETA;2;22332208
VIKALINA;KOBIETA;2;22332210
TENDESO;KOBIETA;2;22332212
VELERIA;KOBIETA;2;22332214
SULTANIIE;KOBIETA;2;22332216
AFIZA;KOBIETA;2;22332218
RHEMA;KOBIETA;2;22332220
MARESSA;KOBIETA;2;22332222
TH? TÁM;KOBIETA;2;22332224
AURIA;KOBIETA;2;22332226
GRAZINA;KOBIETA;2;22332228
BINDERIYA;KOBIETA;2;22332230
TIFA;KOBIETA;2;22332232
THI Y?N;KOBIETA;2;22332234
MUKTI;KOBIETA;2;22332236
STOJANA;KOBIETA;2;22332238
ZIQIAO;KOBIETA;2;22332240
YE WON;KOBIETA;2;22332242
INABAT;KOBIETA;2;22332244
JANILE;KOBIETA;2;22332246
REZAN;KOBIETA;2;22332248
WASANTA;KOBIETA;2;22332250
TEMITAYO;KOBIETA;2;22332252
HULBAKHOR;KOBIETA;2;22332254
AUDRON?;KOBIETA;2;22332256
ADNA;KOBIETA;2;22332258
RANTI;KOBIETA;2;22332260
BRENDAH;KOBIETA;2;22332262
VIKTOIIA;KOBIETA;2;22332264
SOFIA-IOANA;KOBIETA;2;22332266
MARIANITA;KOBIETA;2;22332268
DUC;KOBIETA;2;22332270
JOOD;KOBIETA;2;22332272
SAVITRI;KOBIETA;2;22332274
NADIIE;KOBIETA;2;22332276
ANTONYDA;KOBIETA;2;22332278
XELA;KOBIETA;2;22332280
ALISZA;KOBIETA;2;22332282
OUTI;KOBIETA;2;22332284
TU?ÇE;KOBIETA;2;22332286
OTILIIA;KOBIETA;2;22332288
MARIE-HÉL?NE;KOBIETA;2;22332290
NILUKA;KOBIETA;2;22332292
ALIZÉ;KOBIETA;2;22332294
BEJTA;KOBIETA;2;22332296
RATTANAPORN;KOBIETA;2;22332298
OONA;KOBIETA;2;22332300
LIMING;KOBIETA;2;22332302
VYARKA;KOBIETA;2;22332304
ETKA;KOBIETA;2;22332306
