IMIÊ PIERWSZE;P£EÆ;LICZBA WYST¥PIEÑ;
PIOTR;MÊ¯CZYZNA;692120;692120
KRZYSZTOF;MÊ¯CZYZNA;645674;1337794
ANDRZEJ;MÊ¯CZYZNA;542386;1880180
TOMASZ;MÊ¯CZYZNA;538080;2418260
PAWE£;MÊ¯CZYZNA;507624;2925884
MICHA£;MÊ¯CZYZNA;491591;3417475
JAN;MÊ¯CZYZNA;485100;3902575
MARCIN;MÊ¯CZYZNA;450609;4353184
JAKUB;MÊ¯CZYZNA;422395;4775579
ADAM;MÊ¯CZYZNA;401718;5177297
£UKASZ;MÊ¯CZYZNA;384143;5561440
MAREK;MÊ¯CZYZNA;382201;5943641
GRZEGORZ;MÊ¯CZYZNA;377006;6320647
MATEUSZ;MÊ¯CZYZNA;376449;6697096
STANIS£AW;MÊ¯CZYZNA;374852;7071948
WOJCIECH;MÊ¯CZYZNA;334615;7406563
MARIUSZ;MÊ¯CZYZNA;288344;7694907
DARIUSZ;MÊ¯CZYZNA;285899;7980806
MACIEJ;MÊ¯CZYZNA;267785;8248591
ZBIGNIEW;MÊ¯CZYZNA;267089;8515680
RAFA£;MÊ¯CZYZNA;262387;8778067
ROBERT;MÊ¯CZYZNA;260217;9038284
KAMIL;MÊ¯CZYZNA;250833;9289117
JERZY;MÊ¯CZYZNA;244093;9533210
DAWID;MÊ¯CZYZNA;237545;9770755
SZYMON;MÊ¯CZYZNA;237378;10008133
JACEK;MÊ¯CZYZNA;233021;10241154
KACPER;MÊ¯CZYZNA;225320;10466474
JÓZEF;MÊ¯CZYZNA;213147;10679621
RYSZARD;MÊ¯CZYZNA;206903;10886524
TADEUSZ;MÊ¯CZYZNA;205066;11091590
BARTOSZ;MÊ¯CZYZNA;203309;11294899
ARTUR;MÊ¯CZYZNA;195807;11490706
JAROS£AW;MÊ¯CZYZNA;191972;11682678
S£AWOMIR;MÊ¯CZYZNA;186178;11868856
SEBASTIAN;MÊ¯CZYZNA;185795;12054651
JANUSZ;MÊ¯CZYZNA;184096;12238747
DAMIAN;MÊ¯CZYZNA;183970;12422717
MIROS£AW;MÊ¯CZYZNA;181867;12604584
PATRYK;MÊ¯CZYZNA;179690;12784274
ROMAN;MÊ¯CZYZNA;174439;12958713
DANIEL;MÊ¯CZYZNA;169087;13127800
FILIP;MÊ¯CZYZNA;166708;13294508
HENRYK;MÊ¯CZYZNA;166333;13460841
ANTONI;MÊ¯CZYZNA;166194;13627035
PRZEMYS£AW;MÊ¯CZYZNA;165995;13793030
KAROL;MÊ¯CZYZNA;165645;13958675
ALEKSANDER;MÊ¯CZYZNA;149838;14108513
ADRIAN;MÊ¯CZYZNA;148515;14257028
KAZIMIERZ;MÊ¯CZYZNA;148424;14405452
WIES£AW;MÊ¯CZYZNA;140276;14545728
MARIAN;MÊ¯CZYZNA;133889;14679617
ARKADIUSZ;MÊ¯CZYZNA;133846;14813463
DOMINIK;MÊ¯CZYZNA;133840;14947303
FRANCISZEK;MÊ¯CZYZNA;133394;15080697
MIKO£AJ;MÊ¯CZYZNA;131330;15212027
BART£OMIEJ;MÊ¯CZYZNA;125366;15337393
LESZEK;MÊ¯CZYZNA;114719;15452112
WIKTOR;MÊ¯CZYZNA;112896;15565008
KRYSTIAN;MÊ¯CZYZNA;111360;15676368
WALDEMAR;MÊ¯CZYZNA;108031;15784399
OLEKSANDR;MÊ¯CZYZNA;104507;15888906
RADOS£AW;MÊ¯CZYZNA;103891;15992797
BOGDAN;MÊ¯CZYZNA;96695;16089492
ZDZIS£AW;MÊ¯CZYZNA;95955;16185447
KONRAD;MÊ¯CZYZNA;90692;16276139
IGOR;MÊ¯CZYZNA;90065;16366204
HUBERT;MÊ¯CZYZNA;88427;16454631
EDWARD;MÊ¯CZYZNA;82405;16537036
MIECZYS£AW;MÊ¯CZYZNA;78995;16616031
OSKAR;MÊ¯CZYZNA;75372;16691403
MARCEL;MÊ¯CZYZNA;74951;16766354
W£ADYS£AW;MÊ¯CZYZNA;74287;16840641
CZES£AW;MÊ¯CZYZNA;68233;16908874
MAKSYMILIAN;MÊ¯CZYZNA;67357;16976231
SERHII;MÊ¯CZYZNA;64060;17040291
ANDRII;MÊ¯CZYZNA;63354;17103645
EUGENIUSZ;MÊ¯CZYZNA;63219;17166864
MI£OSZ;MÊ¯CZYZNA;63213;17230077
BOGUS£AW;MÊ¯CZYZNA;60335;17290412
IRENEUSZ;MÊ¯CZYZNA;60003;17350415
NIKODEM;MÊ¯CZYZNA;58465;17408880
VOLODYMYR;MÊ¯CZYZNA;57525;17466405
STEFAN;MÊ¯CZYZNA;57347;17523752
WITOLD;MÊ¯CZYZNA;55895;17579647
LEON;MÊ¯CZYZNA;54651;17634298
OLIWIER;MÊ¯CZYZNA;54528;17688826
SYLWESTER;MÊ¯CZYZNA;54066;17742892
ZYGMUNT;MÊ¯CZYZNA;53181;17796073
DMYTRO;MÊ¯CZYZNA;51730;17847803
ALAN;MÊ¯CZYZNA;50635;17898438
IVAN;MÊ¯CZYZNA;48060;17946498
W£ODZIMIERZ;MÊ¯CZYZNA;47363;17993861
CEZARY;MÊ¯CZYZNA;46133;18039994
ZENON;MÊ¯CZYZNA;43283;18083277
MAKSYM;MÊ¯CZYZNA;43171;18126448
GABRIEL;MÊ¯CZYZNA;41348;18167796
IGNACY;MÊ¯CZYZNA;40964;18208760
JULIAN;MÊ¯CZYZNA;40100;18248860
NORBERT;MÊ¯CZYZNA;39704;18288564
MYKOLA;MÊ¯CZYZNA;38113;18326677
TYMON;MÊ¯CZYZNA;36277;18362954
TYMOTEUSZ;MÊ¯CZYZNA;36028;18398982
VITALII;MÊ¯CZYZNA;34543;18433525
FABIAN;MÊ¯CZYZNA;34134;18467659
YURII;MÊ¯CZYZNA;32988;18500647
B£A¯EJ;MÊ¯CZYZNA;32894;18533541
IHOR;MÊ¯CZYZNA;32869;18566410
VASYL;MÊ¯CZYZNA;32014;18598424
MYKHAILO;MÊ¯CZYZNA;31723;18630147
VLADYSLAV;MÊ¯CZYZNA;30497;18660644
ARTEM;MÊ¯CZYZNA;29783;18690427
OLEH;MÊ¯CZYZNA;29506;18719933
ERYK;MÊ¯CZYZNA;29256;18749189
EMIL;MÊ¯CZYZNA;28665;18777854
VIKTOR;MÊ¯CZYZNA;26399;18804253
BOHDAN;MÊ¯CZYZNA;24896;18829149
LECH;MÊ¯CZYZNA;23738;18852887
BRONIS£AW;MÊ¯CZYZNA;22744;18875631
WAC£AW;MÊ¯CZYZNA;22662;18898293
OLEKSII;MÊ¯CZYZNA;22561;18920854
NATAN;MÊ¯CZYZNA;21987;18942841
KSAWERY;MÊ¯CZYZNA;21149;18963990
DENYS;MÊ¯CZYZNA;20652;18984642
BORYS;MÊ¯CZYZNA;19846;19004488
BOLES£AW;MÊ¯CZYZNA;19462;19023950
RUSLAN;MÊ¯CZYZNA;19078;19043028
REMIGIUSZ;MÊ¯CZYZNA;18770;19061798
OLAF;MÊ¯CZYZNA;18715;19080513
BERNARD;MÊ¯CZYZNA;17977;19098490
KAJETAN;MÊ¯CZYZNA;17526;19116016
YAROSLAV;MÊ¯CZYZNA;17224;19133240
PAVLO;MÊ¯CZYZNA;17018;19150258
KUBA;MÊ¯CZYZNA;16113;19166371
EDMUND;MÊ¯CZYZNA;15807;19182178
VADYM;MÊ¯CZYZNA;15319;19197497
LUCJAN;MÊ¯CZYZNA;15002;19212499
BRUNO;MÊ¯CZYZNA;14893;19227392
ALBERT;MÊ¯CZYZNA;14725;19242117
ANATOLII;MÊ¯CZYZNA;14700;19256817
TOBIASZ;MÊ¯CZYZNA;14664;19271481
ALIAKSANDR;MÊ¯CZYZNA;14438;19285919
ROMUALD;MÊ¯CZYZNA;14192;19300111
GRACJAN;MÊ¯CZYZNA;14154;19314265
SEWERYN;MÊ¯CZYZNA;13779;19328044
SZCZEPAN;MÊ¯CZYZNA;13223;19341267
YEVHEN;MÊ¯CZYZNA;13094;19354361
DAVID;MÊ¯CZYZNA;12674;19367035
ANDREI;MÊ¯CZYZNA;12449;19379484
ANTON;MÊ¯CZYZNA;12382;19391866
PETRO;MÊ¯CZYZNA;12161;19404027
ILLIA;MÊ¯CZYZNA;12140;19416167
ALEXANDER;MÊ¯CZYZNA;12101;19428268
KORNEL;MÊ¯CZYZNA;11901;19440169
OLIVIER;MÊ¯CZYZNA;11830;19451999
YEVHENII;MÊ¯CZYZNA;11575;19463574
ALFRED;MÊ¯CZYZNA;11501;19475075
ERNEST;MÊ¯CZYZNA;11269;19486344
NAZAR;MÊ¯CZYZNA;11264;19497608
JOACHIM;MÊ¯CZYZNA;11176;19508784
VALERII;MÊ¯CZYZNA;10874;19519658
LUDWIK;MÊ¯CZYZNA;10805;19530463
STANISLAV;MÊ¯CZYZNA;10551;19541014
LES£AW;MÊ¯CZYZNA;10486;19551500
ALEX;MÊ¯CZYZNA;10443;19561943
BOGUMI£;MÊ¯CZYZNA;10335;19572278
SIARHEI;MÊ¯CZYZNA;10164;19582442
JÊDRZEJ;MÊ¯CZYZNA;10108;19592550
TARAS;MÊ¯CZYZNA;10023;19602573
GERARD;MÊ¯CZYZNA;9911;19612484
DANYLO;MÊ¯CZYZNA;9796;19622280
FELIKS;MÊ¯CZYZNA;9610;19631890
DZMITRY;MÊ¯CZYZNA;9549;19641439
MARK;MÊ¯CZYZNA;9032;19650471
KOSTIANTYN;MÊ¯CZYZNA;9015;19659486
LEONARD;MÊ¯CZYZNA;8998;19668484
VIACHESLAV;MÊ¯CZYZNA;8902;19677386
JULIUSZ;MÊ¯CZYZNA;8648;19686034
DENIS;MÊ¯CZYZNA;8277;19694311
ALEKS;MÊ¯CZYZNA;8151;19702462
KLAUDIUSZ;MÊ¯CZYZNA;7739;19710201
OLIVER;MÊ¯CZYZNA;7730;19717931
DORIAN;MÊ¯CZYZNA;7729;19725660
TEODOR;MÊ¯CZYZNA;7646;19733306
NIKITA;MÊ¯CZYZNA;7489;19740795
ALOJZY;MÊ¯CZYZNA;7453;19748248
KYRYLO;MÊ¯CZYZNA;7239;19755487
MARTIN;MÊ¯CZYZNA;7235;19762722
NATANIEL;MÊ¯CZYZNA;7113;19769835
MILAN;MÊ¯CZYZNA;6962;19776797
MYKYTA;MÊ¯CZYZNA;6899;19783696
OLEG;MÊ¯CZYZNA;6865;19790561
DANIIL;MÊ¯CZYZNA;6814;19797375
MICHAEL;MÊ¯CZYZNA;6792;19804167
YEHOR;MÊ¯CZYZNA;6775;19810942
MATVII;MÊ¯CZYZNA;6629;19817571
GUSTAW;MÊ¯CZYZNA;6612;19824183
KONSTANTY;MÊ¯CZYZNA;6609;19830792
CYPRIAN;MÊ¯CZYZNA;6469;19837261
BENEDYKT;MÊ¯CZYZNA;6439;19843700
PAVEL;MÊ¯CZYZNA;6410;19850110
STEPAN;MÊ¯CZYZNA;6385;19856495
VALENTYN;MÊ¯CZYZNA;6369;19862864
MIESZKO;MÊ¯CZYZNA;6360;19869224
SAMUEL;MÊ¯CZYZNA;6255;19875479
MAKSIM;MÊ¯CZYZNA;6204;19881683
RAJMUND;MÊ¯CZYZNA;6174;19887857
BRAJAN;MÊ¯CZYZNA;5950;19893807
ALIAKSEI;MÊ¯CZYZNA;5655;19899462
SERGII;MÊ¯CZYZNA;5565;19905027
FLORIAN;MÊ¯CZYZNA;5403;19910430
TYMOFII;MÊ¯CZYZNA;5377;19915807
EDUARD;MÊ¯CZYZNA;5212;19921019
KEVIN;MÊ¯CZYZNA;5198;19926217
RUDOLF;MÊ¯CZYZNA;5169;19931386
DAVYD;MÊ¯CZYZNA;5108;19936494
ROSTYSLAV;MÊ¯CZYZNA;5092;19941586
IWO;MÊ¯CZYZNA;5037;19946623
MARCELI;MÊ¯CZYZNA;4979;19951602
HIERONIM;MÊ¯CZYZNA;4800;19956402
ARIEL;MÊ¯CZYZNA;4681;19961083
GIORGI;MÊ¯CZYZNA;4629;19965712
BENIAMIN;MÊ¯CZYZNA;4611;19970323
KORDIAN;MÊ¯CZYZNA;4610;19974933
FRYDERYK;MÊ¯CZYZNA;4586;19979519
WINCENTY;MÊ¯CZYZNA;4566;19984085
LEONID;MÊ¯CZYZNA;4519;19988604
ERWIN;MÊ¯CZYZNA;4459;19993063
JEREMI;MÊ¯CZYZNA;4444;19997507
ALEKSY;MÊ¯CZYZNA;4436;20001943
YAUHENI;MÊ¯CZYZNA;4386;20006329
ANDRIY;MÊ¯CZYZNA;4346;20010675
NAZARII;MÊ¯CZYZNA;4300;20014975
ZYGFRYD;MÊ¯CZYZNA;4249;20019224
VICTOR;MÊ¯CZYZNA;4217;20023441
MAXIMILIAN;MÊ¯CZYZNA;4135;20027576
ROLAND;MÊ¯CZYZNA;4131;20031707
YURY;MÊ¯CZYZNA;4089;20035796
SERGIUSZ;MÊ¯CZYZNA;4048;20039844
TYMUR;MÊ¯CZYZNA;4029;20043873
VITALI;MÊ¯CZYZNA;4014;20047887
ULADZIMIR;MÊ¯CZYZNA;3989;20051876
LEO;MÊ¯CZYZNA;3966;20055842
PATRICK;MÊ¯CZYZNA;3960;20059802
THOMAS;MÊ¯CZYZNA;3827;20063629
MIKHAIL;MÊ¯CZYZNA;3799;20067428
SVIATOSLAV;MÊ¯CZYZNA;3768;20071196
OLGIERD;MÊ¯CZYZNA;3730;20074926
AMADEUSZ;MÊ¯CZYZNA;3711;20078637
OSCAR;MÊ¯CZYZNA;3515;20082152
IHAR;MÊ¯CZYZNA;3388;20085540
WALENTY;MÊ¯CZYZNA;3383;20088923
NICOLAS;MÊ¯CZYZNA;3357;20092280
EMILIAN;MÊ¯CZYZNA;3337;20095617
ULADZISLAU;MÊ¯CZYZNA;3258;20098875
KEWIN;MÊ¯CZYZNA;3231;20102106
BRUNON;MÊ¯CZYZNA;3195;20105301
ALEH;MÊ¯CZYZNA;3165;20108466
AUGUSTYN;MÊ¯CZYZNA;3129;20111595
OLIWER;MÊ¯CZYZNA;3121;20114716
HENNADII;MÊ¯CZYZNA;3055;20117771
MAURYCY;MÊ¯CZYZNA;3045;20120816
PETER;MÊ¯CZYZNA;3021;20123837
VIKTAR;MÊ¯CZYZNA;2998;20126835
LEOPOLD;MÊ¯CZYZNA;2979;20129814
DZIANIS;MÊ¯CZYZNA;2969;20132783
ARNOLD;MÊ¯CZYZNA;2904;20135687
MIKALAI;MÊ¯CZYZNA;2891;20138578
MAKAR;MÊ¯CZYZNA;2833;20141411
YURIY;MÊ¯CZYZNA;2825;20144236
ADOLF;MÊ¯CZYZNA;2776;20147012
HERBERT;MÊ¯CZYZNA;2723;20149735
HRYHORII;MÊ¯CZYZNA;2708;20152443
IURII;MÊ¯CZYZNA;2700;20155143
OKTAWIAN;MÊ¯CZYZNA;2602;20157745
ZAKHAR;MÊ¯CZYZNA;2592;20160337
JEREMIASZ;MÊ¯CZYZNA;2587;20162924
ALBIN;MÊ¯CZYZNA;2577;20165501
WILHELM;MÊ¯CZYZNA;2557;20168058
ANATOL;MÊ¯CZYZNA;2547;20170605
NATHAN;MÊ¯CZYZNA;2535;20173140
BENJAMIN;MÊ¯CZYZNA;2519;20175659
CHRISTIAN;MÊ¯CZYZNA;2504;20178163
MYROSLAV;MÊ¯CZYZNA;2452;20180615
ARTSIOM;MÊ¯CZYZNA;2436;20183051
JACOB;MÊ¯CZYZNA;2418;20185469
ARSEN;MÊ¯CZYZNA;2404;20187873
VLADIMIR;MÊ¯CZYZNA;2397;20190270
RAMAN;MÊ¯CZYZNA;2385;20192655
ALEKSANDR;MÊ¯CZYZNA;2378;20195033
EMANUEL;MÊ¯CZYZNA;2373;20197406
ALFONS;MÊ¯CZYZNA;2360;20199766
KORNELIUSZ;MÊ¯CZYZNA;2325;20202091
JONASZ;MÊ¯CZYZNA;2307;20204398
MAX;MÊ¯CZYZNA;2291;20206689
WALTER;MÊ¯CZYZNA;2258;20208947
HUGO;MÊ¯CZYZNA;2255;20211202
VADZIM;MÊ¯CZYZNA;2251;20213453
HELMUT;MÊ¯CZYZNA;2239;20215692
ILYA;MÊ¯CZYZNA;2233;20217925
MANFRED;MÊ¯CZYZNA;2207;20220132
EDWIN;MÊ¯CZYZNA;2204;20222336
MIKITA;MÊ¯CZYZNA;2195;20224531
MIRON;MÊ¯CZYZNA;2189;20226720
JONATAN;MÊ¯CZYZNA;2189;20228909
ION;MÊ¯CZYZNA;2168;20231077
MARKO;MÊ¯CZYZNA;2149;20233226
XAVIER;MÊ¯CZYZNA;2147;20235373
KASPER;MÊ¯CZYZNA;2128;20237501
KRYSPIN;MÊ¯CZYZNA;2117;20239618
KIRIL;MÊ¯CZYZNA;2113;20241731
TIMUR;MÊ¯CZYZNA;2109;20243840
PAUL;MÊ¯CZYZNA;2100;20245940
NIKOLAS;MÊ¯CZYZNA;2088;20248028
DANYIL;MÊ¯CZYZNA;2082;20250110
VLADISLAV;MÊ¯CZYZNA;2080;20252190
ZIEMOWIT;MÊ¯CZYZNA;2049;20254239
HLIB;MÊ¯CZYZNA;2047;20256286
GINTER;MÊ¯CZYZNA;2042;20258328
VALERY;MÊ¯CZYZNA;2025;20260353
ARON;MÊ¯CZYZNA;2019;20262372
OREST;MÊ¯CZYZNA;2011;20264383
MATTHEW;MÊ¯CZYZNA;2011;20266394
MYKHAYLO;MÊ¯CZYZNA;2008;20268402
LEV;MÊ¯CZYZNA;1997;20270399
WERNER;MÊ¯CZYZNA;1994;20272393
TEOFIL;MÊ¯CZYZNA;1958;20274351
TYTUS;MÊ¯CZYZNA;1957;20276308
VITALIY;MÊ¯CZYZNA;1930;20278238
LIUBOMYR;MÊ¯CZYZNA;1924;20280162
YAN;MÊ¯CZYZNA;1902;20282064
KIRYL;MÊ¯CZYZNA;1855;20283919
PHILIP;MÊ¯CZYZNA;1853;20285772
ANDREAS;MÊ¯CZYZNA;1836;20287608
ALEXANDR;MÊ¯CZYZNA;1833;20289441
CHRISTOPHER;MÊ¯CZYZNA;1821;20291262
ANTHONY;MÊ¯CZYZNA;1820;20293082
JOHN;MÊ¯CZYZNA;1804;20294886
SERGHEI;MÊ¯CZYZNA;1801;20296687
ALI;MÊ¯CZYZNA;1789;20298476
KSAWIER;MÊ¯CZYZNA;1770;20300246
SERHIY;MÊ¯CZYZNA;1742;20301988
WALERIAN;MÊ¯CZYZNA;1714;20303702
PATRYCJUSZ;MÊ¯CZYZNA;1712;20305414
MOHAMED;MÊ¯CZYZNA;1689;20307103
LECHOS£AW;MÊ¯CZYZNA;1688;20308791
SERGIY;MÊ¯CZYZNA;1688;20310479
MARCO;MÊ¯CZYZNA;1664;20312143
HEORHII;MÊ¯CZYZNA;1660;20313803
ARSENII;MÊ¯CZYZNA;1639;20315442
MAKS;MÊ¯CZYZNA;1624;20317066
MAXIM;MÊ¯CZYZNA;1623;20318689
RAFAEL;MÊ¯CZYZNA;1606;20320295
KLEMENS;MÊ¯CZYZNA;1594;20321889
DAVIT;MÊ¯CZYZNA;1594;20323483
OSTAP;MÊ¯CZYZNA;1590;20325073
FEDIR;MÊ¯CZYZNA;1589;20326662
SIMON;MÊ¯CZYZNA;1577;20328239
VINCENT;MÊ¯CZYZNA;1566;20329805
ELIASZ;MÊ¯CZYZNA;1525;20331330
JONATHAN;MÊ¯CZYZNA;1492;20332822
ANATOLI;MÊ¯CZYZNA;1483;20334305
MIHAIL;MÊ¯CZYZNA;1466;20335771
DAMIR;MÊ¯CZYZNA;1445;20337216
LONGIN;MÊ¯CZYZNA;1437;20338653
NICHOLAS;MÊ¯CZYZNA;1436;20340089
VADIM;MÊ¯CZYZNA;1435;20341524
RICHARD;MÊ¯CZYZNA;1428;20342952
BRIAN;MÊ¯CZYZNA;1424;20344376
KASJAN;MÊ¯CZYZNA;1419;20345795
FERDYNAND;MÊ¯CZYZNA;1410;20347205
WAWRZYNIEC;MÊ¯CZYZNA;1394;20348599
HORST;MÊ¯CZYZNA;1391;20349990
JACENTY;MÊ¯CZYZNA;1383;20351373
ANTONIO;MÊ¯CZYZNA;1382;20352755
ERIK;MÊ¯CZYZNA;1368;20354123
VIACHASLAU;MÊ¯CZYZNA;1368;20355491
WILLIAM;MÊ¯CZYZNA;1364;20356855
MYRON;MÊ¯CZYZNA;1356;20358211
ROCH;MÊ¯CZYZNA;1342;20359553
DANIL;MÊ¯CZYZNA;1312;20360865
KOSMA;MÊ¯CZYZNA;1309;20362174
LEONARDO;MÊ¯CZYZNA;1294;20363468
JAROMIR;MÊ¯CZYZNA;1281;20364749
IRAKLI;MÊ¯CZYZNA;1276;20366025
VASILI;MÊ¯CZYZNA;1275;20367300
DEMIAN;MÊ¯CZYZNA;1265;20368565
LUCAS;MÊ¯CZYZNA;1252;20369817
KYRYL;MÊ¯CZYZNA;1250;20371067
LUKAS;MÊ¯CZYZNA;1249;20372316
YAHOR;MÊ¯CZYZNA;1235;20373551
DIONIZY;MÊ¯CZYZNA;1234;20374785
SERGEI;MÊ¯CZYZNA;1232;20376017
DMITRII;MÊ¯CZYZNA;1228;20377245
ALEXANDRU;MÊ¯CZYZNA;1225;20378470
ANDREW;MÊ¯CZYZNA;1205;20379675
JAMES;MÊ¯CZYZNA;1205;20380880
ERIC;MÊ¯CZYZNA;1203;20382083
DENNIS;MÊ¯CZYZNA;1190;20383273
KANSTANTSIN;MÊ¯CZYZNA;1186;20384459
LUKA;MÊ¯CZYZNA;1185;20385644
MARKUS;MÊ¯CZYZNA;1179;20386823
RADOMIR;MÊ¯CZYZNA;1173;20387996
AARON;MÊ¯CZYZNA;1168;20389164
£UCJAN;MÊ¯CZYZNA;1165;20390329
IZYDOR;MÊ¯CZYZNA;1158;20391487
GERHARD;MÊ¯CZYZNA;1153;20392640
ELIGIUSZ;MÊ¯CZYZNA;1152;20393792
AHMED;MÊ¯CZYZNA;1152;20394944
STANISLAU;MÊ¯CZYZNA;1134;20396078
SEMEN;MÊ¯CZYZNA;1125;20397203
FRANK;MÊ¯CZYZNA;1123;20398326
DIEGO;MÊ¯CZYZNA;1112;20399438
ARTHUR;MÊ¯CZYZNA;1106;20400544
EWALD;MÊ¯CZYZNA;1101;20401645
HERMAN;MÊ¯CZYZNA;1099;20402744
LIAM;MÊ¯CZYZNA;1096;20403840
SERGEY;MÊ¯CZYZNA;1084;20404924
OLEKSIY;MÊ¯CZYZNA;1084;20406008
DOMINIC;MÊ¯CZYZNA;1074;20407082
VASILE;MÊ¯CZYZNA;1071;20408153
RUSTAM;MÊ¯CZYZNA;1069;20409222
JUAN;MÊ¯CZYZNA;1065;20410287
MEHMET;MÊ¯CZYZNA;1060;20411347
PLATON;MÊ¯CZYZNA;1060;20412407
ROGER;MÊ¯CZYZNA;1049;20413456
WIT;MÊ¯CZYZNA;1038;20414494
MARIO;MÊ¯CZYZNA;1036;20415530
AMIR;MÊ¯CZYZNA;1033;20416563
JOSEPH;MÊ¯CZYZNA;1027;20417590
CARLOS;MÊ¯CZYZNA;1018;20418608
NICOLAE;MÊ¯CZYZNA;1014;20419622
KIRILL;MÊ¯CZYZNA;1010;20420632
ILIA;MÊ¯CZYZNA;1003;20421635
RODION;MÊ¯CZYZNA;995;20422630
JORDAN;MÊ¯CZYZNA;993;20423623
ANATOLIY;MÊ¯CZYZNA;988;20424611
MOHAMMAD;MÊ¯CZYZNA;964;20425575
PASCAL;MÊ¯CZYZNA;960;20426535
MUHAMMAD;MÊ¯CZYZNA;956;20427491
ZBYS£AW;MÊ¯CZYZNA;951;20428442
IEVGEN;MÊ¯CZYZNA;950;20429392
LUCA;MÊ¯CZYZNA;949;20430341
JOSE;MÊ¯CZYZNA;944;20431285
LEVAN;MÊ¯CZYZNA;941;20432226
YAUHEN;MÊ¯CZYZNA;936;20433162
BAZYLI;MÊ¯CZYZNA;929;20434091
LUIS;MÊ¯CZYZNA;926;20435017
MATTEO;MÊ¯CZYZNA;926;20435943
BRAYAN;MÊ¯CZYZNA;922;20436865
LASHA;MÊ¯CZYZNA;919;20437784
FRANCESCO;MÊ¯CZYZNA;918;20438702
OMAR;MÊ¯CZYZNA;896;20439598
EGOR;MÊ¯CZYZNA;892;20440490
MUSTAFA;MÊ¯CZYZNA;887;20441377
CYRYL;MÊ¯CZYZNA;881;20442258
AUGUST;MÊ¯CZYZNA;877;20443135
MANUEL;MÊ¯CZYZNA;874;20444009
ALESSANDRO;MÊ¯CZYZNA;871;20444880
SERGIU;MÊ¯CZYZNA;870;20445750
ALEKSEI;MÊ¯CZYZNA;870;20446620
SAMIR;MÊ¯CZYZNA;869;20447489
IVO;MÊ¯CZYZNA;868;20448357
ALLAN;MÊ¯CZYZNA;865;20449222
DUMITRU;MÊ¯CZYZNA;864;20450086
MATVIY;MÊ¯CZYZNA;864;20450950
NATHANIEL;MÊ¯CZYZNA;862;20451812
HENADZI;MÊ¯CZYZNA;855;20452667
NOAH;MÊ¯CZYZNA;853;20453520
ANDREY;MÊ¯CZYZNA;848;20454368
ALEXANDRE;MÊ¯CZYZNA;844;20455212
EDGAR;MÊ¯CZYZNA;839;20456051
KLAUS;MÊ¯CZYZNA;836;20456887
KONSTANTIN;MÊ¯CZYZNA;836;20457723
JOSHUA;MÊ¯CZYZNA;831;20458554
IAN;MÊ¯CZYZNA;829;20459383
GEORGE;MÊ¯CZYZNA;829;20460212
BRYAN;MÊ¯CZYZNA;826;20461038
IAROSLAV;MÊ¯CZYZNA;817;20461855
RYAN;MÊ¯CZYZNA;817;20462672
WOLFGANG;MÊ¯CZYZNA;813;20463485
GHEORGHE;MÊ¯CZYZNA;805;20464290
HENRY;MÊ¯CZYZNA;804;20465094
KARIM;MÊ¯CZYZNA;802;20465896
FELIX;MÊ¯CZYZNA;802;20466698
BOGUSZ;MÊ¯CZYZNA;790;20467488
ZURAB;MÊ¯CZYZNA;784;20468272
JAKOB;MÊ¯CZYZNA;783;20469055
ROBERTO;MÊ¯CZYZNA;782;20469837
MAMUKA;MÊ¯CZYZNA;780;20470617
VALERIY;MÊ¯CZYZNA;779;20471396
GNIEWOMIR;MÊ¯CZYZNA;778;20472174
IWAN;MÊ¯CZYZNA;775;20472949
ZAZA;MÊ¯CZYZNA;772;20473721
ZBYSZEK;MÊ¯CZYZNA;767;20474488
MOHAMMED;MÊ¯CZYZNA;764;20475252
BORIS;MÊ¯CZYZNA;763;20476015
CONSTANTIN;MÊ¯CZYZNA;758;20476773
CRISTIAN;MÊ¯CZYZNA;757;20477530
BONIFACY;MÊ¯CZYZNA;755;20478285
KAI;MÊ¯CZYZNA;746;20479031
DMITRY;MÊ¯CZYZNA;744;20479775
COLIN;MÊ¯CZYZNA;743;20480518
VALENTIN;MÊ¯CZYZNA;743;20481261
MARKIIAN;MÊ¯CZYZNA;739;20482000
DYMITR;MÊ¯CZYZNA;737;20482737
MAXYMILIAN;MÊ¯CZYZNA;728;20483465
LUBOMIR;MÊ¯CZYZNA;727;20484192
KRISTIAN;MÊ¯CZYZNA;717;20484909
DMYTRII;MÊ¯CZYZNA;717;20485626
PABLO;MÊ¯CZYZNA;714;20486340
GOCHA;MÊ¯CZYZNA;711;20487051
DONAT;MÊ¯CZYZNA;707;20487758
JUSTIN;MÊ¯CZYZNA;700;20488458
RICARDO;MÊ¯CZYZNA;700;20489158
MICHAL;MÊ¯CZYZNA;698;20489856
ANDREA;MÊ¯CZYZNA;698;20490554
DANILO;MÊ¯CZYZNA;697;20491251
ZACHARY;MÊ¯CZYZNA;695;20491946
AURELIUSZ;MÊ¯CZYZNA;685;20492631
IBRAHIM;MÊ¯CZYZNA;679;20493310
MATTHIAS;MÊ¯CZYZNA;679;20493989
AHMET;MÊ¯CZYZNA;678;20494667
ALEKSANDRE;MÊ¯CZYZNA;676;20495343
PHILIPP;MÊ¯CZYZNA;675;20496018
HANS;MÊ¯CZYZNA;674;20496692
NICOLAI;MÊ¯CZYZNA;673;20497365
VSEVOLOD;MÊ¯CZYZNA;672;20498037
ALEJANDRO;MÊ¯CZYZNA;660;20498697
JORGE;MÊ¯CZYZNA;658;20499355
KURT;MÊ¯CZYZNA;654;20500009
NIKA;MÊ¯CZYZNA;654;20500663
ELDAR;MÊ¯CZYZNA;649;20501312
BEKA;MÊ¯CZYZNA;648;20501960
TRISTAN;MÊ¯CZYZNA;642;20502602
DIETER;MÊ¯CZYZNA;640;20503242
GIUSEPPE;MÊ¯CZYZNA;637;20503879
BARTEK;MÊ¯CZYZNA;632;20504511
MIGUEL;MÊ¯CZYZNA;627;20505138
SERGIO;MÊ¯CZYZNA;620;20505758
ARMIN;MÊ¯CZYZNA;620;20506378
JOEL;MÊ¯CZYZNA;619;20506997
ILLYA;MÊ¯CZYZNA;618;20507615
RENAT;MÊ¯CZYZNA;614;20508229
RUBEN;MÊ¯CZYZNA;613;20508842
RONALD;MÊ¯CZYZNA;608;20509450
ALEXEI;MÊ¯CZYZNA;606;20510056
HLEB;MÊ¯CZYZNA;605;20510661
TOM;MÊ¯CZYZNA;604;20511265
DYLAN;MÊ¯CZYZNA;603;20511868
TOBIAS;MÊ¯CZYZNA;603;20512471
YEGOR;MÊ¯CZYZNA;601;20513072
ANGELO;MÊ¯CZYZNA;600;20513672
VEACESLAV;MÊ¯CZYZNA;598;20514270
VALIANTSIN;MÊ¯CZYZNA;597;20514867
ZACHARIASZ;MÊ¯CZYZNA;595;20515462
DAN;MÊ¯CZYZNA;595;20516057
HERONIM;MÊ¯CZYZNA;593;20516650
ALBERTO;MÊ¯CZYZNA;591;20517241
TIMOTHY;MÊ¯CZYZNA;591;20517832
PEDRO;MÊ¯CZYZNA;589;20518421
PETR;MÊ¯CZYZNA;585;20519006
EDUARDO;MÊ¯CZYZNA;583;20519589
BENON;MÊ¯CZYZNA;583;20520172
KASPIAN;MÊ¯CZYZNA;581;20520753
EUZEBIUSZ;MÊ¯CZYZNA;580;20521333
OLEKSANDER;MÊ¯CZYZNA;580;20521913
MURAT;MÊ¯CZYZNA;579;20522492
GIOVANNI;MÊ¯CZYZNA;577;20523069
STEVEN;MÊ¯CZYZNA;574;20523643
EVGENII;MÊ¯CZYZNA;573;20524216
FABIO;MÊ¯CZYZNA;571;20524787
AXEL;MÊ¯CZYZNA;571;20525358
GUY;MÊ¯CZYZNA;570;20525928
ZBYSZKO;MÊ¯CZYZNA;570;20526498
VITALIE;MÊ¯CZYZNA;568;20527066
LEANID;MÊ¯CZYZNA;567;20527633
DMITRI;MÊ¯CZYZNA;566;20528199
FERNANDO;MÊ¯CZYZNA;566;20528765
CHRISTOPH;MÊ¯CZYZNA;566;20529331
MIROSLAV;MÊ¯CZYZNA;565;20529896
CHRYSTIAN;MÊ¯CZYZNA;564;20530460
MARCUS;MÊ¯CZYZNA;563;20531023
MARC;MÊ¯CZYZNA;561;20531584
ARMEN;MÊ¯CZYZNA;560;20532144
DMITRO;MÊ¯CZYZNA;559;20532703
MICHEL;MÊ¯CZYZNA;557;20533260
ALEXEY;MÊ¯CZYZNA;556;20533816
EMMANUEL;MÊ¯CZYZNA;541;20534357
KARL;MÊ¯CZYZNA;538;20534895
DAVIDE;MÊ¯CZYZNA;538;20535433
ARTSEM;MÊ¯CZYZNA;537;20535970
CASPER;MÊ¯CZYZNA;537;20536507
FRANCISCO;MÊ¯CZYZNA;536;20537043
AMIT;MÊ¯CZYZNA;535;20537578
TOMAS;MÊ¯CZYZNA;532;20538110
HASAN;MÊ¯CZYZNA;531;20538641
NESTOR;MÊ¯CZYZNA;529;20539170
AHMAD;MÊ¯CZYZNA;529;20539699
NIKOLAI;MÊ¯CZYZNA;526;20540225
PATRIK;MÊ¯CZYZNA;525;20540750
JEAN;MÊ¯CZYZNA;524;20541274
YARASLAU;MÊ¯CZYZNA;521;20541795
HARALD;MÊ¯CZYZNA;521;20542316
GNIEWKO;MÊ¯CZYZNA;520;20542836
DAVITI;MÊ¯CZYZNA;520;20543356
ISMAIL;MÊ¯CZYZNA;520;20543876
MIKE;MÊ¯CZYZNA;519;20544395
JOSEF;MÊ¯CZYZNA;518;20544913
LOUIS;MÊ¯CZYZNA;518;20545431
FEDERICO;MÊ¯CZYZNA;517;20545948
JURIJ;MÊ¯CZYZNA;515;20546463
GELA;MÊ¯CZYZNA;514;20546977
CHARLES;MÊ¯CZYZNA;513;20547490
ETHAN;MÊ¯CZYZNA;512;20548002
ARKADII;MÊ¯CZYZNA;507;20548509
YEVGEN;MÊ¯CZYZNA;504;20549013
JAVIER;MÊ¯CZYZNA;503;20549516
SANTIAGO;MÊ¯CZYZNA;501;20550017
NICO;MÊ¯CZYZNA;498;20550515
GLEB;MÊ¯CZYZNA;497;20551012
JOHANNES;MÊ¯CZYZNA;496;20551508
TORNIKE;MÊ¯CZYZNA;492;20552000
STEPHEN;MÊ¯CZYZNA;488;20552488
MARAT;MÊ¯CZYZNA;488;20552976
JASON;MÊ¯CZYZNA;486;20553462
WALERY;MÊ¯CZYZNA;485;20553947
PETRU;MÊ¯CZYZNA;484;20554431
NARCYZ;MÊ¯CZYZNA;483;20554914
VASIL;MÊ¯CZYZNA;483;20555397
MIKHEIL;MÊ¯CZYZNA;481;20555878
HILARY;MÊ¯CZYZNA;478;20556356
GEORG;MÊ¯CZYZNA;478;20556834
RAYAN;MÊ¯CZYZNA;477;20557311
YAKIV;MÊ¯CZYZNA;471;20557782
VYACHESLAV;MÊ¯CZYZNA;470;20558252
JACK;MÊ¯CZYZNA;469;20558721
JAROSLAV;MÊ¯CZYZNA;467;20559188
FRANEK;MÊ¯CZYZNA;467;20559655
JANUARY;MÊ¯CZYZNA;466;20560121
TYCJAN;MÊ¯CZYZNA;465;20560586
TSIMAFEI;MÊ¯CZYZNA;464;20561050
IURIE;MÊ¯CZYZNA;464;20561514
REINHOLD;MÊ¯CZYZNA;464;20561978
JUSTYN;MÊ¯CZYZNA;463;20562441
IEVGENII;MÊ¯CZYZNA;460;20562901
NIKOLOZ;MÊ¯CZYZNA;459;20563360
RAJNOLD;MÊ¯CZYZNA;459;20563819
LORENZO;MÊ¯CZYZNA;458;20564277
MICHELE;MÊ¯CZYZNA;455;20564732
OMER;MÊ¯CZYZNA;451;20565183
MARTYN;MÊ¯CZYZNA;448;20565631
NOEL;MÊ¯CZYZNA;446;20566077
PAOLO;MÊ¯CZYZNA;442;20566519
PHILIPPE;MÊ¯CZYZNA;442;20566961
KRZESIMIR;MÊ¯CZYZNA;441;20567402
NIKOLAY;MÊ¯CZYZNA;441;20567843
JURAND;MÊ¯CZYZNA;439;20568282
CEZARIUSZ;MÊ¯CZYZNA;437;20568719
BASTIAN;MÊ¯CZYZNA;436;20569155
VALERIU;MÊ¯CZYZNA;433;20569588
NIKO;MÊ¯CZYZNA;433;20570021
ABDUL;MÊ¯CZYZNA;432;20570453
HEINZ;MÊ¯CZYZNA;430;20570883
OTTO;MÊ¯CZYZNA;429;20571312
LEVANI;MÊ¯CZYZNA;428;20571740
IDZI;MÊ¯CZYZNA;428;20572168
ROBIN;MÊ¯CZYZNA;427;20572595
MARCELO;MÊ¯CZYZNA;427;20573022
BEN;MÊ¯CZYZNA;425;20573447
SHOTA;MÊ¯CZYZNA;425;20573872
KAREN;MÊ¯CZYZNA;424;20574296
MAKARY;MÊ¯CZYZNA;423;20574719
LEW;MÊ¯CZYZNA;422;20575141
ELIAS;MÊ¯CZYZNA;421;20575562
KOBA;MÊ¯CZYZNA;421;20575983
WIACZES£AW;MÊ¯CZYZNA;420;20576403
SAMBOR;MÊ¯CZYZNA;416;20576819
WITALIJ;MÊ¯CZYZNA;416;20577235
SERAFIN;MÊ¯CZYZNA;415;20577650
LUKIAN;MÊ¯CZYZNA;414;20578064
GENNADII;MÊ¯CZYZNA;414;20578478
JUREK;MÊ¯CZYZNA;413;20578891
PAATA;MÊ¯CZYZNA;413;20579304
FELICJAN;MÊ¯CZYZNA;412;20579716
HORDII;MÊ¯CZYZNA;410;20580126
MATSVEI;MÊ¯CZYZNA;406;20580532
ZENOBIUSZ;MÊ¯CZYZNA;405;20580937
WADIM;MÊ¯CZYZNA;403;20581340
OKTAWIUSZ;MÊ¯CZYZNA;401;20581741
TYMOFIY;MÊ¯CZYZNA;400;20582141
ANATOLIE;MÊ¯CZYZNA;399;20582540
GREGORY;MÊ¯CZYZNA;399;20582939
ANDRÉ;MÊ¯CZYZNA;397;20583336
CLAUDIO;MÊ¯CZYZNA;395;20583731
ARTEMII;MÊ¯CZYZNA;395;20584126
ANDRIAN;MÊ¯CZYZNA;393;20584519
WIEÑCZYS£AW;MÊ¯CZYZNA;392;20584911
ARTIOM;MÊ¯CZYZNA;392;20585303
BRAK DANYCH;MÊ¯CZYZNA;392;20585695
ENGELBERT;MÊ¯CZYZNA;391;20586086
SYLWERIUSZ;MÊ¯CZYZNA;391;20586477
YOSYP;MÊ¯CZYZNA;391;20586868
XAWERY;MÊ¯CZYZNA;391;20587259
SEAN;MÊ¯CZYZNA;390;20587649
PHILLIP;MÊ¯CZYZNA;388;20588037
ANDRIJ;MÊ¯CZYZNA;388;20588425
LARS;MÊ¯CZYZNA;386;20588811
BRANDON;MÊ¯CZYZNA;386;20589197
VALERI;MÊ¯CZYZNA;386;20589583
JOSÉ;MÊ¯CZYZNA;385;20589968
GWIDON;MÊ¯CZYZNA;385;20590353
SVEN;MÊ¯CZYZNA;384;20590737
WINCENT;MÊ¯CZYZNA;384;20591121
EWARYST;MÊ¯CZYZNA;383;20591504
THEO;MÊ¯CZYZNA;382;20591886
YUSUF;MÊ¯CZYZNA;381;20592267
HLIEB;MÊ¯CZYZNA;381;20592648
ROY;MÊ¯CZYZNA;380;20593028
GEORGIOS;MÊ¯CZYZNA;378;20593406
GIA;MÊ¯CZYZNA;378;20593784
MAXIME;MÊ¯CZYZNA;376;20594160
DITER;MÊ¯CZYZNA;375;20594535
ROSTISLAV;MÊ¯CZYZNA;374;20594909
SIMONE;MÊ¯CZYZNA;374;20595283
VENIAMIN;MÊ¯CZYZNA;373;20595656
MARIUS;MÊ¯CZYZNA;373;20596029
ALON;MÊ¯CZYZNA;372;20596401
EMRE;MÊ¯CZYZNA;371;20596772
TEO;MÊ¯CZYZNA;370;20597142
KRYSTYN;MÊ¯CZYZNA;370;20597512
EMIR;MÊ¯CZYZNA;368;20597880
APOLINARY;MÊ¯CZYZNA;367;20598247
ARSENI;MÊ¯CZYZNA;367;20598614
DIMITRI;MÊ¯CZYZNA;367;20598981
ARMAN;MÊ¯CZYZNA;367;20599348
JONAS;MÊ¯CZYZNA;365;20599713
GLIB;MÊ¯CZYZNA;365;20600078
YUVAL;MÊ¯CZYZNA;364;20600442
DENIZ;MÊ¯CZYZNA;364;20600806
ZINOVII;MÊ¯CZYZNA;363;20601169
REINHARD;MÊ¯CZYZNA;361;20601530
KOSTYANTYN;MÊ¯CZYZNA;361;20601891
MALKHAZ;MÊ¯CZYZNA;360;20602251
TYBERIUSZ;MÊ¯CZYZNA;360;20602611
SHALVA;MÊ¯CZYZNA;359;20602970
ABDULLAH;MÊ¯CZYZNA;359;20603329
RAPHAEL;MÊ¯CZYZNA;358;20603687
AVTANDIL;MÊ¯CZYZNA;358;20604045
RAJNARD;MÊ¯CZYZNA;358;20604403
PIERRE;MÊ¯CZYZNA;357;20604760
WASYL;MÊ¯CZYZNA;356;20605116
WITALIS;MÊ¯CZYZNA;355;20605471
HARRY;MÊ¯CZYZNA;353;20605824
YULIAN;MÊ¯CZYZNA;353;20606177
IDO;MÊ¯CZYZNA;350;20606527
NORMAN;MÊ¯CZYZNA;346;20606873
MATEO;MÊ¯CZYZNA;343;20607216
RUFIN;MÊ¯CZYZNA;341;20607557
TEMUR;MÊ¯CZYZNA;341;20607898
STEFANO;MÊ¯CZYZNA;341;20608239
STANISLAW;MÊ¯CZYZNA;340;20608579
TOMÁ;MÊ¯CZYZNA;339;20608918
RICCARDO;MÊ¯CZYZNA;336;20609254
ALEKSANDAR;MÊ¯CZYZNA;336;20609590
ARIAN;MÊ¯CZYZNA;336;20609926
DANILA;MÊ¯CZYZNA;335;20610261
DOBROMIR;MÊ¯CZYZNA;334;20610595
LUDOMIR;MÊ¯CZYZNA;333;20610928
JEREMY;MÊ¯CZYZNA;333;20611261
TOMER;MÊ¯CZYZNA;332;20611593
KAKHABER;MÊ¯CZYZNA;331;20611924
MATHIAS;MÊ¯CZYZNA;330;20612254
ZVIAD;MÊ¯CZYZNA;329;20612583
ZURABI;MÊ¯CZYZNA;329;20612912
RAUL;MÊ¯CZYZNA;329;20613241
ZAHAR;MÊ¯CZYZNA;328;20613569
VIOREL;MÊ¯CZYZNA;328;20613897
MUHAMMED;MÊ¯CZYZNA;327;20614224
EYAL;MÊ¯CZYZNA;327;20614551
ANTOINE;MÊ¯CZYZNA;325;20614876
GUSTAVO;MÊ¯CZYZNA;324;20615200
OSWALD;MÊ¯CZYZNA;324;20615524
ANDRE;MÊ¯CZYZNA;323;20615847
GABRIELE;MÊ¯CZYZNA;323;20616170
BADRI;MÊ¯CZYZNA;323;20616493
ARMAND;MÊ¯CZYZNA;322;20616815
TEIMURAZ;MÊ¯CZYZNA;321;20617136
TYKHON;MÊ¯CZYZNA;321;20617457
SAVELII;MÊ¯CZYZNA;320;20617777
RODRIGO;MÊ¯CZYZNA;319;20618096
MAHMOUD;MÊ¯CZYZNA;319;20618415
FELIPE;MÊ¯CZYZNA;319;20618734
SAMI;MÊ¯CZYZNA;318;20619052
NIKOLA;MÊ¯CZYZNA;318;20619370
TIM;MÊ¯CZYZNA;317;20619687
DMITRIY;MÊ¯CZYZNA;316;20620003
ABRAHAM;MÊ¯CZYZNA;315;20620318
SYLWIUSZ;MÊ¯CZYZNA;313;20620631
JÜRGEN;MÊ¯CZYZNA;313;20620944
CONRAD;MÊ¯CZYZNA;312;20621256
MARIN;MÊ¯CZYZNA;312;20621568
DANIELE;MÊ¯CZYZNA;311;20621879
NOAM;MÊ¯CZYZNA;311;20622190
ZAKHARII;MÊ¯CZYZNA;310;20622500
KONSTANTYN;MÊ¯CZYZNA;310;20622810
ALEK;MÊ¯CZYZNA;309;20623119
KAKHA;MÊ¯CZYZNA;308;20623427
IURI;MÊ¯CZYZNA;308;20623735
VASILII;MÊ¯CZYZNA;308;20624043
JENS;MÊ¯CZYZNA;307;20624350
DARIO;MÊ¯CZYZNA;307;20624657
ANDRES;MÊ¯CZYZNA;307;20624964
USTYM;MÊ¯CZYZNA;306;20625270
DMITRIJ;MÊ¯CZYZNA;305;20625575
WINICJUSZ;MÊ¯CZYZNA;304;20625879
HIPOLIT;MÊ¯CZYZNA;304;20626183
YOAV;MÊ¯CZYZNA;302;20626485
ÖMER;MÊ¯CZYZNA;301;20626786
GILBERT;MÊ¯CZYZNA;301;20627087
EVGENY;MÊ¯CZYZNA;300;20627387
TAMAZ;MÊ¯CZYZNA;300;20627687
TAL;MÊ¯CZYZNA;299;20627986
NATANAEL;MÊ¯CZYZNA;299;20628285
GIGA;MÊ¯CZYZNA;299;20628584
SIERGIEJ;MÊ¯CZYZNA;298;20628882
JO?O;MÊ¯CZYZNA;298;20629180
BARYS;MÊ¯CZYZNA;297;20629477
SVYATOSLAV;MÊ¯CZYZNA;296;20629773
GREGOR;MÊ¯CZYZNA;292;20630065
RALF;MÊ¯CZYZNA;291;20630356
OLEK;MÊ¯CZYZNA;291;20630647
SANDRO;MÊ¯CZYZNA;290;20630937
PAULO;MÊ¯CZYZNA;290;20631227
STSIAPAN;MÊ¯CZYZNA;289;20631516
ANDREJ;MÊ¯CZYZNA;288;20631804
DASTIN;MÊ¯CZYZNA;288;20632092
MOSHE;MÊ¯CZYZNA;286;20632378
ANTONY;MÊ¯CZYZNA;286;20632664
OSMAN;MÊ¯CZYZNA;286;20632950
VITAL;MÊ¯CZYZNA;286;20633236
VLADIMER;MÊ¯CZYZNA;286;20633522
MOHAMAD;MÊ¯CZYZNA;285;20633807
ISLAM;MÊ¯CZYZNA;284;20634091
FRANCIS;MÊ¯CZYZNA;284;20634375
MERT;MÊ¯CZYZNA;281;20634656
ONUR;MÊ¯CZYZNA;281;20634937
JAREMA;MÊ¯CZYZNA;281;20635218
RINAT;MÊ¯CZYZNA;280;20635498
JOHANN;MÊ¯CZYZNA;280;20635778
MEDARD;MÊ¯CZYZNA;279;20636057
AKAKI;MÊ¯CZYZNA;279;20636336
ITAY;MÊ¯CZYZNA;278;20636614
KHVICHA;MÊ¯CZYZNA;278;20636892
YEVGENIY;MÊ¯CZYZNA;277;20637169
MIHAI;MÊ¯CZYZNA;277;20637446
WITOS£AW;MÊ¯CZYZNA;277;20637723
GEORGII;MÊ¯CZYZNA;277;20638000
GNIEWOSZ;MÊ¯CZYZNA;277;20638277
MATVEY;MÊ¯CZYZNA;276;20638553
RADEK;MÊ¯CZYZNA;275;20638828
MURAD;MÊ¯CZYZNA;274;20639102
APOLONIUSZ;MÊ¯CZYZNA;273;20639375
ALISHER;MÊ¯CZYZNA;273;20639648
KAJ;MÊ¯CZYZNA;272;20639920
BURAK;MÊ¯CZYZNA;272;20640192
MATIAS;MÊ¯CZYZNA;272;20640464
MERAB;MÊ¯CZYZNA;270;20640734
RAMIN;MÊ¯CZYZNA;269;20641003
MAGOMED;MÊ¯CZYZNA;269;20641272
DANYL;MÊ¯CZYZNA;268;20641540
GIVI;MÊ¯CZYZNA;268;20641808
GRIGORE;MÊ¯CZYZNA;267;20642075
MASSIMO;MÊ¯CZYZNA;267;20642342
RAMAZ;MÊ¯CZYZNA;267;20642609
DARIUS;MÊ¯CZYZNA;266;20642875
BERND;MÊ¯CZYZNA;266;20643141
GEORGI;MÊ¯CZYZNA;266;20643407
UWE;MÊ¯CZYZNA;266;20643673
ELVIN;MÊ¯CZYZNA;265;20643938
MARCOS;MÊ¯CZYZNA;264;20644202
BAZYL;MÊ¯CZYZNA;264;20644466
LUIGI;MÊ¯CZYZNA;264;20644730
SALVATORE;MÊ¯CZYZNA;264;20644994
ORI;MÊ¯CZYZNA;263;20645257
LUKE;MÊ¯CZYZNA;263;20645520
EUGEN;MÊ¯CZYZNA;263;20645783
GORAN;MÊ¯CZYZNA;263;20646046
ISRAEL;MÊ¯CZYZNA;262;20646308
EUGENIU;MÊ¯CZYZNA;262;20646570
ANGEL;MÊ¯CZYZNA;261;20646831
AMBRO¯Y;MÊ¯CZYZNA;261;20647092
RON;MÊ¯CZYZNA;261;20647353
MARYAN;MÊ¯CZYZNA;261;20647614
NOE;MÊ¯CZYZNA;261;20647875
GAWE£;MÊ¯CZYZNA;260;20648135
FIODOR;MÊ¯CZYZNA;259;20648394
RENE;MÊ¯CZYZNA;259;20648653
HAMZA;MÊ¯CZYZNA;259;20648912
TENGIZ;MÊ¯CZYZNA;258;20649170
TSIMUR;MÊ¯CZYZNA;258;20649428
NIKOLAOS;MÊ¯CZYZNA;258;20649686
NICOLA;MÊ¯CZYZNA;257;20649943
HASSAN;MÊ¯CZYZNA;257;20650200
HEORHI;MÊ¯CZYZNA;257;20650457
JULIEN;MÊ¯CZYZNA;257;20650714
SAID;MÊ¯CZYZNA;256;20650970
EVGHENI;MÊ¯CZYZNA;255;20651225
FARID;MÊ¯CZYZNA;255;20651480
CHRISTOPHE;MÊ¯CZYZNA;254;20651734
ENRICO;MÊ¯CZYZNA;254;20651988
YOUSSEF;MÊ¯CZYZNA;253;20652241
NAZARIY;MÊ¯CZYZNA;252;20652493
ROMEO;MÊ¯CZYZNA;252;20652745
KIRILO;MÊ¯CZYZNA;252;20652997
ARTOM;MÊ¯CZYZNA;251;20653248
MIKOLAJ;MÊ¯CZYZNA;251;20653499
FIODAR;MÊ¯CZYZNA;251;20653750
KONSTIANTYN;MÊ¯CZYZNA;250;20654000
VINCENZO;MÊ¯CZYZNA;248;20654248
DIMITRIOS;MÊ¯CZYZNA;248;20654496
JEFFREY;MÊ¯CZYZNA;248;20654744
BERNHARD;MÊ¯CZYZNA;247;20654991
KONSTANTINOS;MÊ¯CZYZNA;247;20655238
DIRK;MÊ¯CZYZNA;247;20655485
PIETRO;MÊ¯CZYZNA;246;20655731
FRANZ;MÊ¯CZYZNA;246;20655977
BRAIAN;MÊ¯CZYZNA;245;20656222
JOZEF;MÊ¯CZYZNA;245;20656467
HEKTOR;MÊ¯CZYZNA;245;20656712
ANIL;MÊ¯CZYZNA;244;20656956
ZAUR;MÊ¯CZYZNA;244;20657200
MIKHAILO;MÊ¯CZYZNA;244;20657444
CHRISTOS;MÊ¯CZYZNA;244;20657688
GURAM;MÊ¯CZYZNA;243;20657931
ASLAN;MÊ¯CZYZNA;243;20658174
VAKHTANG;MÊ¯CZYZNA;243;20658417
CARLO;MÊ¯CZYZNA;243;20658660
GÜNTER;MÊ¯CZYZNA;243;20658903
MAURO;MÊ¯CZYZNA;243;20659146
GHENADIE;MÊ¯CZYZNA;241;20659387
STANLEY;MÊ¯CZYZNA;241;20659628
IHNAT;MÊ¯CZYZNA;240;20659868
RAMI;MÊ¯CZYZNA;240;20660108
RAMIL;MÊ¯CZYZNA;240;20660348
ERICH;MÊ¯CZYZNA;239;20660587
GRYGORII;MÊ¯CZYZNA;239;20660826
WOJTEK;MÊ¯CZYZNA;239;20661065
ANAR;MÊ¯CZYZNA;239;20661304
RYHOR;MÊ¯CZYZNA;238;20661542
DOBIES£AW;MÊ¯CZYZNA;238;20661780
TADEI;MÊ¯CZYZNA;237;20662017
ALESSIO;MÊ¯CZYZNA;237;20662254
RAINER;MÊ¯CZYZNA;236;20662490
ARAM;MÊ¯CZYZNA;236;20662726
NADAV;MÊ¯CZYZNA;235;20662961
PYLYP;MÊ¯CZYZNA;235;20663196
AMIRAN;MÊ¯CZYZNA;235;20663431
SOBIES£AW;MÊ¯CZYZNA;235;20663666
ORKHAN;MÊ¯CZYZNA;233;20663899
DARII;MÊ¯CZYZNA;233;20664132
PAWEL;MÊ¯CZYZNA;233;20664365
GERMAN;MÊ¯CZYZNA;233;20664598
OLES;MÊ¯CZYZNA;233;20664831
ISAAC;MÊ¯CZYZNA;232;20665063
IOANNIS;MÊ¯CZYZNA;231;20665294
MATHIEU;MÊ¯CZYZNA;231;20665525
VAN;MÊ¯CZYZNA;230;20665755
NIR;MÊ¯CZYZNA;230;20665985
RAMAZAN;MÊ¯CZYZNA;230;20666215
ALVARO;MÊ¯CZYZNA;229;20666444
MUSA;MÊ¯CZYZNA;229;20666673
JÖRG;MÊ¯CZYZNA;229;20666902
HEINRICH;MÊ¯CZYZNA;228;20667130
RADZIS£AW;MÊ¯CZYZNA;227;20667357
NODAR;MÊ¯CZYZNA;226;20667583
BESIK;MÊ¯CZYZNA;225;20667808
MATTIA;MÊ¯CZYZNA;225;20668033
DOBROS£AW;MÊ¯CZYZNA;224;20668257
TIGRAN;MÊ¯CZYZNA;224;20668481
MODEST;MÊ¯CZYZNA;224;20668705
KHALED;MÊ¯CZYZNA;223;20668928
ERHARD;MÊ¯CZYZNA;222;20669150
YUNUS;MÊ¯CZYZNA;222;20669372
GOTFRYD;MÊ¯CZYZNA;222;20669594
S£AWEK;MÊ¯CZYZNA;221;20669815
PASKAL;MÊ¯CZYZNA;221;20670036
OMRI;MÊ¯CZYZNA;221;20670257
KAMAL;MÊ¯CZYZNA;221;20670478
EMIN;MÊ¯CZYZNA;220;20670698
AZIZ;MÊ¯CZYZNA;220;20670918
LYUBOMYR;MÊ¯CZYZNA;220;20671138
RAHUL;MÊ¯CZYZNA;219;20671357
MAIK;MÊ¯CZYZNA;219;20671576
GAL;MÊ¯CZYZNA;218;20671794
GENNADIY;MÊ¯CZYZNA;218;20672012
AKIM;MÊ¯CZYZNA;218;20672230
YURI;MÊ¯CZYZNA;218;20672448
MD;MÊ¯CZYZNA;217;20672665
YELYSEI;MÊ¯CZYZNA;216;20672881
GERALD;MÊ¯CZYZNA;216;20673097
ARMANDO;MÊ¯CZYZNA;216;20673313
CELESTYN;MÊ¯CZYZNA;216;20673529
HAKAN;MÊ¯CZYZNA;216;20673745
ELNUR;MÊ¯CZYZNA;216;20673961
ELCHIN;MÊ¯CZYZNA;216;20674177
YAREMA;MÊ¯CZYZNA;215;20674392
KENNETH;MÊ¯CZYZNA;215;20674607
TIAGO;MÊ¯CZYZNA;215;20674822
NICOLÁS;MÊ¯CZYZNA;214;20675036
MIKAEL;MÊ¯CZYZNA;213;20675249
SERGO;MÊ¯CZYZNA;213;20675462
ARCHIL;MÊ¯CZYZNA;213;20675675
GUIDO;MÊ¯CZYZNA;212;20675887
VLAD;MÊ¯CZYZNA;212;20676099
JAIME;MÊ¯CZYZNA;212;20676311
MAXIMILLIAN;MÊ¯CZYZNA;212;20676523
STEPHAN;MÊ¯CZYZNA;211;20676734
RADU;MÊ¯CZYZNA;210;20676944
ASHOT;MÊ¯CZYZNA;209;20677153
URI;MÊ¯CZYZNA;209;20677362
ADRIANO;MÊ¯CZYZNA;209;20677571
IVANE;MÊ¯CZYZNA;209;20677780
IDAN;MÊ¯CZYZNA;209;20677989
ENRIQUE;MÊ¯CZYZNA;209;20678198
IGNACIO;MÊ¯CZYZNA;209;20678407
ILAN;MÊ¯CZYZNA;208;20678615
WLADYSLAW;MÊ¯CZYZNA;207;20678822
JOHAN;MÊ¯CZYZNA;206;20679028
DOMENICO;MÊ¯CZYZNA;206;20679234
BO¯YDAR;MÊ¯CZYZNA;206;20679440
LUCIANO;MÊ¯CZYZNA;205;20679645
LIOR;MÊ¯CZYZNA;204;20679849
TUDOR;MÊ¯CZYZNA;204;20680053
EMILIO;MÊ¯CZYZNA;204;20680257
TELESFOR;MÊ¯CZYZNA;203;20680460
BAHDAN;MÊ¯CZYZNA;203;20680663
ADNAN;MÊ¯CZYZNA;202;20680865
MARSEL;MÊ¯CZYZNA;202;20681067
TONY;MÊ¯CZYZNA;202;20681269
RENÉ;MÊ¯CZYZNA;201;20681470
MUHAMMET;MÊ¯CZYZNA;200;20681670
NUGZAR;MÊ¯CZYZNA;200;20681870
GOGA;MÊ¯CZYZNA;200;20682070
ILIAS;MÊ¯CZYZNA;200;20682270
SAJMON;MÊ¯CZYZNA;199;20682469
YEVHENIY;MÊ¯CZYZNA;199;20682668
VALENTINO;MÊ¯CZYZNA;198;20682866
TURAL;MÊ¯CZYZNA;198;20683064
KILIAN;MÊ¯CZYZNA;198;20683262
MILO;MÊ¯CZYZNA;198;20683460
DACJAN;MÊ¯CZYZNA;198;20683658
MARVIN;MÊ¯CZYZNA;197;20683855
REVAZ;MÊ¯CZYZNA;197;20684052
OTAR;MÊ¯CZYZNA;197;20684249
GUILLERMO;MÊ¯CZYZNA;197;20684446
DAMAZY;MÊ¯CZYZNA;197;20684643
DONALD;MÊ¯CZYZNA;196;20684839
FRANCO;MÊ¯CZYZNA;196;20685035
THEODORE;MÊ¯CZYZNA;195;20685230
RENATO;MÊ¯CZYZNA;195;20685425
MI£OS£AW;MÊ¯CZYZNA;195;20685620
ULRICH;MÊ¯CZYZNA;194;20685814
NIKOS;MÊ¯CZYZNA;194;20686008
MINH;MÊ¯CZYZNA;194;20686202
THEODOR;MÊ¯CZYZNA;194;20686396
LOGAN;MÊ¯CZYZNA;193;20686589
CARL;MÊ¯CZYZNA;193;20686782
LAURENT;MÊ¯CZYZNA;193;20686975
IOSEB;MÊ¯CZYZNA;192;20687167
IBRAGIM;MÊ¯CZYZNA;192;20687359
LOTAR;MÊ¯CZYZNA;192;20687551
GUILLAUME;MÊ¯CZYZNA;191;20687742
EVAN;MÊ¯CZYZNA;191;20687933
SAMVEL;MÊ¯CZYZNA;191;20688124
AZAMAT;MÊ¯CZYZNA;190;20688314
MICHAIL;MÊ¯CZYZNA;190;20688504
WILLI;MÊ¯CZYZNA;190;20688694
SCOTT;MÊ¯CZYZNA;190;20688884
EVGHENII;MÊ¯CZYZNA;190;20689074
MAURICIO;MÊ¯CZYZNA;190;20689264
YONATAN;MÊ¯CZYZNA;190;20689454
YASIN;MÊ¯CZYZNA;189;20689643
ALEKSI;MÊ¯CZYZNA;189;20689832
VLADLEN;MÊ¯CZYZNA;189;20690021
ADEM;MÊ¯CZYZNA;189;20690210
JABA;MÊ¯CZYZNA;188;20690398
GUSTAV;MÊ¯CZYZNA;188;20690586
SERAFYM;MÊ¯CZYZNA;188;20690774
OR;MÊ¯CZYZNA;187;20690961
HENRIK;MÊ¯CZYZNA;186;20691147
DATO;MÊ¯CZYZNA;186;20691333
DAMIEN;MÊ¯CZYZNA;186;20691519
TONI;MÊ¯CZYZNA;185;20691704
CEZAR;MÊ¯CZYZNA;185;20691889
AL?;MÊ¯CZYZNA;185;20692074
TIMOFEI;MÊ¯CZYZNA;185;20692259
AMIN;MÊ¯CZYZNA;185;20692444
ASAF;MÊ¯CZYZNA;185;20692629
TAREK;MÊ¯CZYZNA;185;20692814
EDVARD;MÊ¯CZYZNA;185;20692999
VITALY;MÊ¯CZYZNA;185;20693184
BARNABA;MÊ¯CZYZNA;184;20693368
ALEXANDROS;MÊ¯CZYZNA;184;20693552
EVGENIY;MÊ¯CZYZNA;184;20693736
URBAN;MÊ¯CZYZNA;184;20693920
MATVEI;MÊ¯CZYZNA;184;20694104
ERAN;MÊ¯CZYZNA;184;20694288
ZVIADI;MÊ¯CZYZNA;183;20694471
LUCJUSZ;MÊ¯CZYZNA;183;20694654
SABA;MÊ¯CZYZNA;183;20694837
ILIE;MÊ¯CZYZNA;183;20695020
ARSENIY;MÊ¯CZYZNA;182;20695202
BILAL;MÊ¯CZYZNA;182;20695384
VAZHA;MÊ¯CZYZNA;182;20695566
SERDAR;MÊ¯CZYZNA;182;20695748
MAGNUS;MÊ¯CZYZNA;181;20695929
GIACOMO;MÊ¯CZYZNA;181;20696110
JANIS;MÊ¯CZYZNA;181;20696291
VÃN;MÊ¯CZYZNA;180;20696471
CHARLIE;MÊ¯CZYZNA;180;20696651
EUGENE;MÊ¯CZYZNA;179;20696830
TIMO;MÊ¯CZYZNA;179;20697009
TARIEL;MÊ¯CZYZNA;179;20697188
DRAGAN;MÊ¯CZYZNA;179;20697367
ENZO;MÊ¯CZYZNA;178;20697545
JEGOR;MÊ¯CZYZNA;178;20697723
KAMRAN;MÊ¯CZYZNA;178;20697901
ADRIEN;MÊ¯CZYZNA;178;20698079
RAJESH;MÊ¯CZYZNA;178;20698257
BERNARDO;MÊ¯CZYZNA;178;20698435
GEVORG;MÊ¯CZYZNA;177;20698612
ALEKSEY;MÊ¯CZYZNA;177;20698789
JULIO;MÊ¯CZYZNA;177;20698966
GIL;MÊ¯CZYZNA;177;20699143
RAN;MÊ¯CZYZNA;176;20699319
ALAIN;MÊ¯CZYZNA;176;20699495
ITAMAR;MÊ¯CZYZNA;176;20699671
NILS;MÊ¯CZYZNA;175;20699846
OLEXANDR;MÊ¯CZYZNA;175;20700021
RASHAD;MÊ¯CZYZNA;175;20700196
MANUCHAR;MÊ¯CZYZNA;174;20700370
EGON;MÊ¯CZYZNA;174;20700544
LEU;MÊ¯CZYZNA;174;20700718
ELGUJA;MÊ¯CZYZNA;173;20700891
ZENOVII;MÊ¯CZYZNA;173;20701064
ISA;MÊ¯CZYZNA;173;20701237
ARTYOM;MÊ¯CZYZNA;173;20701410
ZORAN;MÊ¯CZYZNA;173;20701583
FILIPPO;MÊ¯CZYZNA;173;20701756
GOGITA;MÊ¯CZYZNA;173;20701929
TOMMY;MÊ¯CZYZNA;172;20702101
IOAN;MÊ¯CZYZNA;172;20702273
YANN;MÊ¯CZYZNA;172;20702445
TIMOFII;MÊ¯CZYZNA;171;20702616
KHALID;MÊ¯CZYZNA;171;20702787
NIKLAS;MÊ¯CZYZNA;171;20702958
DANNY;MÊ¯CZYZNA;171;20703129
LILIAN;MÊ¯CZYZNA;171;20703300
W£ADIMIR;MÊ¯CZYZNA;171;20703471
DUSTIN;MÊ¯CZYZNA;170;20703641
ALEXIS;MÊ¯CZYZNA;170;20703811
ADIL;MÊ¯CZYZNA;170;20703981
SERKAN;MÊ¯CZYZNA;169;20704150
RAYMOND;MÊ¯CZYZNA;169;20704319
NUKRI;MÊ¯CZYZNA;169;20704488
KEMAL;MÊ¯CZYZNA;169;20704657
ZVI;MÊ¯CZYZNA;168;20704825
FEDOR;MÊ¯CZYZNA;168;20704993
OTTON;MÊ¯CZYZNA;168;20705161
EMANUELE;MÊ¯CZYZNA;167;20705328
ADEL;MÊ¯CZYZNA;167;20705495
MATVIJ;MÊ¯CZYZNA;167;20705662
TIMOFEY;MÊ¯CZYZNA;167;20705829
ULUGBEK;MÊ¯CZYZNA;167;20705996
ZAKARIA;MÊ¯CZYZNA;166;20706162
DEEPAK;MÊ¯CZYZNA;166;20706328
GIANLUCA;MÊ¯CZYZNA;166;20706494
JULIUS;MÊ¯CZYZNA;166;20706660
AKHMED;MÊ¯CZYZNA;166;20706826
CHRIS;MÊ¯CZYZNA;165;20706991
MANOJ;MÊ¯CZYZNA;165;20707156
JESUS;MÊ¯CZYZNA;165;20707321
JONI;MÊ¯CZYZNA;165;20707486
ENES;MÊ¯CZYZNA;165;20707651
JASPER;MÊ¯CZYZNA;165;20707816
MALIK;MÊ¯CZYZNA;164;20707980
AVRAHAM;MÊ¯CZYZNA;164;20708144
TEMURI;MÊ¯CZYZNA;164;20708308
MAKARII;MÊ¯CZYZNA;164;20708472
SIEGFRIED;MÊ¯CZYZNA;164;20708636
ILYAS;MÊ¯CZYZNA;163;20708799
BESIKI;MÊ¯CZYZNA;163;20708962
DOMINIQUE;MÊ¯CZYZNA;163;20709125
PETAR;MÊ¯CZYZNA;163;20709288
SHAY;MÊ¯CZYZNA;162;20709450
OTARI;MÊ¯CZYZNA;162;20709612
SATURNIN;MÊ¯CZYZNA;162;20709774
RADION;MÊ¯CZYZNA;161;20709935
IULIAN;MÊ¯CZYZNA;161;20710096
DYONIZY;MÊ¯CZYZNA;161;20710257
TYMOFIJ;MÊ¯CZYZNA;160;20710417
ROLF;MÊ¯CZYZNA;160;20710577
SIAMION;MÊ¯CZYZNA;160;20710737
KYLE;MÊ¯CZYZNA;160;20710897
DIMITAR;MÊ¯CZYZNA;160;20711057
MIKHEILI;MÊ¯CZYZNA;160;20711217
DORIN;MÊ¯CZYZNA;160;20711377
IMRAN;MÊ¯CZYZNA;160;20711537
ELSHAN;MÊ¯CZYZNA;159;20711696
MIRASLAU;MÊ¯CZYZNA;159;20711855
DEMYD;MÊ¯CZYZNA;159;20712014
THIAGO;MÊ¯CZYZNA;158;20712172
DIETMAR;MÊ¯CZYZNA;158;20712330
NURLAN;MÊ¯CZYZNA;158;20712488
FREDERICK;MÊ¯CZYZNA;158;20712646
ARIE;MÊ¯CZYZNA;157;20712803
CAN;MÊ¯CZYZNA;157;20712960
JANIS£AW;MÊ¯CZYZNA;157;20713117
MATWIJ;MÊ¯CZYZNA;157;20713274
FURKAN;MÊ¯CZYZNA;157;20713431
SYED;MÊ¯CZYZNA;157;20713588
MYKHAIL;MÊ¯CZYZNA;157;20713745
MILO;MÊ¯CZYZNA;156;20713901
LEANDRO;MÊ¯CZYZNA;156;20714057
QUANG;MÊ¯CZYZNA;156;20714213
SHAMIL;MÊ¯CZYZNA;156;20714369
IOSIF;MÊ¯CZYZNA;156;20714525
ELAD;MÊ¯CZYZNA;156;20714681
WEI;MÊ¯CZYZNA;156;20714837
SEVERYN;MÊ¯CZYZNA;156;20714993
TOMMASO;MÊ¯CZYZNA;156;20715149
GRIGORII;MÊ¯CZYZNA;156;20715305
SALIM;MÊ¯CZYZNA;156;20715461
MALKHAZI;MÊ¯CZYZNA;155;20715616
ISMAEL;MÊ¯CZYZNA;155;20715771
HENADZ;MÊ¯CZYZNA;155;20715926
ORHAN;MÊ¯CZYZNA;155;20716081
MARCJAN;MÊ¯CZYZNA;155;20716236
RAFFAELE;MÊ¯CZYZNA;155;20716391
MASSIMILIANO;MÊ¯CZYZNA;155;20716546
GÖKHAN;MÊ¯CZYZNA;155;20716701
DAREK;MÊ¯CZYZNA;154;20716855
ORLANDO;MÊ¯CZYZNA;154;20717009
ABHISHEK;MÊ¯CZYZNA;154;20717163
ZACHAR;MÊ¯CZYZNA;154;20717317
SERGIEJ;MÊ¯CZYZNA;153;20717470
GASPAR;MÊ¯CZYZNA;153;20717623
ANATOLIJ;MÊ¯CZYZNA;153;20717776
GIORGIO;MÊ¯CZYZNA;153;20717929
SUNIL;MÊ¯CZYZNA;153;20718082
GABOR;MÊ¯CZYZNA;153;20718235
ANTEK;MÊ¯CZYZNA;153;20718388
MARIANO;MÊ¯CZYZNA;153;20718541
CHAIM;MÊ¯CZYZNA;153;20718694
JACQUES;MÊ¯CZYZNA;152;20718846
MATVIEI;MÊ¯CZYZNA;152;20718998
LOTHAR;MÊ¯CZYZNA;152;20719150
XAWIER;MÊ¯CZYZNA;152;20719302
JAROSLAW;MÊ¯CZYZNA;151;20719453
MELCHIOR;MÊ¯CZYZNA;151;20719604
FATIH;MÊ¯CZYZNA;151;20719755
SERGEJ;MÊ¯CZYZNA;151;20719906
ERNST;MÊ¯CZYZNA;151;20720057
DARIAN;MÊ¯CZYZNA;151;20720208
VOLODIMIR;MÊ¯CZYZNA;150;20720358
RASIM;MÊ¯CZYZNA;150;20720508
EITAN;MÊ¯CZYZNA;150;20720658
OREN;MÊ¯CZYZNA;150;20720808
ALEKSIEJ;MÊ¯CZYZNA;150;20720958
MIKOLA;MÊ¯CZYZNA;150;20721108
STEFFEN;MÊ¯CZYZNA;149;20721257
DAROS£AW;MÊ¯CZYZNA;149;20721406
NELSON;MÊ¯CZYZNA;149;20721555
WALID;MÊ¯CZYZNA;149;20721704
JAMAL;MÊ¯CZYZNA;149;20721853
NEIL;MÊ¯CZYZNA;148;20722001
JUN;MÊ¯CZYZNA;148;20722149
LIONEL;MÊ¯CZYZNA;148;20722297
VUGAR;MÊ¯CZYZNA;148;20722445
ABEL;MÊ¯CZYZNA;148;20722593
VUSAL;MÊ¯CZYZNA;148;20722741
KANAN;MÊ¯CZYZNA;147;20722888
ANZOR;MÊ¯CZYZNA;147;20723035
YOSEF;MÊ¯CZYZNA;147;20723182
UMAR;MÊ¯CZYZNA;147;20723329
MATAN;MÊ¯CZYZNA;147;20723476
SAMUIL;MÊ¯CZYZNA;147;20723623
WENANCJUSZ;MÊ¯CZYZNA;147;20723770
AKSEL;MÊ¯CZYZNA;146;20723916
RUS£AN;MÊ¯CZYZNA;146;20724062
EMZAR;MÊ¯CZYZNA;145;20724207
SÉBASTIEN;MÊ¯CZYZNA;145;20724352
AIDEN;MÊ¯CZYZNA;145;20724497
DITMAR;MÊ¯CZYZNA;144;20724641
NIKOLOZI;MÊ¯CZYZNA;144;20724785
KONSTANTINE;MÊ¯CZYZNA;144;20724929
ATTILA;MÊ¯CZYZNA;144;20725073
JIØÍ;MÊ¯CZYZNA;144;20725217
ISTVÁN;MÊ¯CZYZNA;144;20725361
THANH;MÊ¯CZYZNA;144;20725505
JAMIE;MÊ¯CZYZNA;144;20725649
SOLOMON;MÊ¯CZYZNA;144;20725793
TOMÁS;MÊ¯CZYZNA;143;20725936
SHLOMO;MÊ¯CZYZNA;143;20726079
EDHAR;MÊ¯CZYZNA;143;20726222
MANSUR;MÊ¯CZYZNA;143;20726365
DEJAN;MÊ¯CZYZNA;143;20726508
HÜSEYIN;MÊ¯CZYZNA;142;20726650
RAJAN;MÊ¯CZYZNA;142;20726792
GURAMI;MÊ¯CZYZNA;142;20726934
HRYHORIY;MÊ¯CZYZNA;142;20727076
JAREK;MÊ¯CZYZNA;142;20727218
LUKASZ;MÊ¯CZYZNA;142;20727360
MARCELLO;MÊ¯CZYZNA;141;20727501
SANDEEP;MÊ¯CZYZNA;141;20727642
NODARI;MÊ¯CZYZNA;141;20727783
EZEQUIEL;MÊ¯CZYZNA;140;20727923
MASON;MÊ¯CZYZNA;140;20728063
IMEDA;MÊ¯CZYZNA;140;20728203
HÜSEY?N;MÊ¯CZYZNA;140;20728343
RAMESH;MÊ¯CZYZNA;140;20728483
GARY;MÊ¯CZYZNA;139;20728622
OFER;MÊ¯CZYZNA;139;20728761
OCTAVIAN;MÊ¯CZYZNA;139;20728900
MIRKO;MÊ¯CZYZNA;139;20729039
MYKOLAI;MÊ¯CZYZNA;139;20729178
ABRAM;MÊ¯CZYZNA;139;20729317
FABRIZIO;MÊ¯CZYZNA;138;20729455
IZAAK;MÊ¯CZYZNA;138;20729593
S£AWOSZ;MÊ¯CZYZNA;138;20729731
TAMAZI;MÊ¯CZYZNA;138;20729869
SHMUEL;MÊ¯CZYZNA;138;20730007
GERD;MÊ¯CZYZNA;138;20730145
HENDRIK;MÊ¯CZYZNA;138;20730283
EVGEN;MÊ¯CZYZNA;138;20730421
MIRZA;MÊ¯CZYZNA;137;20730558
MEHDI;MÊ¯CZYZNA;137;20730695
ARI;MÊ¯CZYZNA;137;20730832
ALEN;MÊ¯CZYZNA;136;20730968
S£AWOJ;MÊ¯CZYZNA;136;20731104
ELI;MÊ¯CZYZNA;136;20731240
GENADI;MÊ¯CZYZNA;136;20731376
ARUN;MÊ¯CZYZNA;136;20731512
ALIM;MÊ¯CZYZNA;136;20731648
IEGOR;MÊ¯CZYZNA;135;20731783
KARSTEN;MÊ¯CZYZNA;135;20731918
SOSO;MÊ¯CZYZNA;135;20732053
MAJKEL;MÊ¯CZYZNA;135;20732188
BALTAZAR;MÊ¯CZYZNA;135;20732323
SPARTAK;MÊ¯CZYZNA;135;20732458
HUNG;MÊ¯CZYZNA;134;20732592
FRANÇOIS;MÊ¯CZYZNA;134;20732726
SELIM;MÊ¯CZYZNA;134;20732860
DEZYDERIUSZ;MÊ¯CZYZNA;134;20732994
GONZALO;MÊ¯CZYZNA;134;20733128
ARIF;MÊ¯CZYZNA;134;20733262
FLORIN;MÊ¯CZYZNA;134;20733396
KOSTAS;MÊ¯CZYZNA;134;20733530
GUILHERME;MÊ¯CZYZNA;133;20733663
EREN;MÊ¯CZYZNA;133;20733796
GHEORGHI;MÊ¯CZYZNA;133;20733929
KRISHNA;MÊ¯CZYZNA;133;20734062
YAKUP;MÊ¯CZYZNA;133;20734195
GABRYEL;MÊ¯CZYZNA;133;20734328
PRAKASH;MÊ¯CZYZNA;133;20734461
KENAN;MÊ¯CZYZNA;133;20734594
BERTOLD;MÊ¯CZYZNA;133;20734727
CESAR;MÊ¯CZYZNA;132;20734859
HECTOR;MÊ¯CZYZNA;132;20734991
MAHMUT;MÊ¯CZYZNA;132;20735123
MINDIA;MÊ¯CZYZNA;132;20735255
ANIS;MÊ¯CZYZNA;132;20735387
ADI;MÊ¯CZYZNA;132;20735519
SAMSON;MÊ¯CZYZNA;131;20735650
AUREL;MÊ¯CZYZNA;131;20735781
ROCIS£AW;MÊ¯CZYZNA;131;20735912
AZIZBEK;MÊ¯CZYZNA;131;20736043
RAFIK;MÊ¯CZYZNA;131;20736174
ANH;MÊ¯CZYZNA;131;20736305
MATTHIEU;MÊ¯CZYZNA;130;20736435
GAGIK;MÊ¯CZYZNA;130;20736565
JÁN;MÊ¯CZYZNA;130;20736695
ANDRANIK;MÊ¯CZYZNA;130;20736825
NIJAT;MÊ¯CZYZNA;129;20736954
DANTE;MÊ¯CZYZNA;129;20737083
AVIV;MÊ¯CZYZNA;129;20737212
MARLON;MÊ¯CZYZNA;129;20737341
CARSTEN;MÊ¯CZYZNA;129;20737470
ALFREDO;MÊ¯CZYZNA;129;20737599
TAMÁS;MÊ¯CZYZNA;129;20737728
ANASTAZY;MÊ¯CZYZNA;129;20737857
KIM;MÊ¯CZYZNA;128;20737985
SYMEON;MÊ¯CZYZNA;128;20738113
MAXYM;MÊ¯CZYZNA;128;20738241
YARON;MÊ¯CZYZNA;128;20738369
DEAN;MÊ¯CZYZNA;128;20738497
RADOMI£;MÊ¯CZYZNA;128;20738625
UMUT;MÊ¯CZYZNA;128;20738753
LÁSZLÓ;MÊ¯CZYZNA;128;20738881
SASCHA;MÊ¯CZYZNA;128;20739009
LUKÁ;MÊ¯CZYZNA;127;20739136
ASSAF;MÊ¯CZYZNA;127;20739263
SANTOSH;MÊ¯CZYZNA;127;20739390
DILSHOD;MÊ¯CZYZNA;127;20739517
SANTINO;MÊ¯CZYZNA;126;20739643
WILIBALD;MÊ¯CZYZNA;126;20739769
LIWIUSZ;MÊ¯CZYZNA;126;20739895
ILGAR;MÊ¯CZYZNA;126;20740021
ELMAR;MÊ¯CZYZNA;125;20740146
DEREK;MÊ¯CZYZNA;125;20740271
NAREK;MÊ¯CZYZNA;125;20740396
MERABI;MÊ¯CZYZNA;125;20740521
VALERIAN;MÊ¯CZYZNA;125;20740646
LÉO;MÊ¯CZYZNA;125;20740771
NOLAN;MÊ¯CZYZNA;125;20740896
TORSTEN;MÊ¯CZYZNA;125;20741021
FREDERIC;MÊ¯CZYZNA;125;20741146
YONG;MÊ¯CZYZNA;125;20741271
LEVON;MÊ¯CZYZNA;124;20741395
TIBOR;MÊ¯CZYZNA;124;20741519
EREZ;MÊ¯CZYZNA;124;20741643
OLEKSIJ;MÊ¯CZYZNA;124;20741767
VITALIJ;MÊ¯CZYZNA;124;20741891
VARDAN;MÊ¯CZYZNA;124;20742015
JEMAL;MÊ¯CZYZNA;124;20742139
TAMERLAN;MÊ¯CZYZNA;124;20742263
FLAVIO;MÊ¯CZYZNA;124;20742387
ARJUN;MÊ¯CZYZNA;124;20742511
ALEKSANDRS;MÊ¯CZYZNA;123;20742634
PER;MÊ¯CZYZNA;123;20742757
HAYK;MÊ¯CZYZNA;123;20742880
MAURIZIO;MÊ¯CZYZNA;123;20743003
FRÉDÉRIC;MÊ¯CZYZNA;123;20743126
BACHUKI;MÊ¯CZYZNA;123;20743249
NICK;MÊ¯CZYZNA;123;20743372
TOMIR;MÊ¯CZYZNA;123;20743495
OZAN;MÊ¯CZYZNA;123;20743618
SHERZOD;MÊ¯CZYZNA;123;20743741
OLECH;MÊ¯CZYZNA;123;20743864
RAMZAN;MÊ¯CZYZNA;122;20743986
ELVIS;MÊ¯CZYZNA;122;20744108
?BRAH?M;MÊ¯CZYZNA;122;20744230
NABIL;MÊ¯CZYZNA;122;20744352
YAKUB;MÊ¯CZYZNA;122;20744474
ITAI;MÊ¯CZYZNA;121;20744595
CHRISTOF;MÊ¯CZYZNA;121;20744716
KHASAN;MÊ¯CZYZNA;121;20744837
TOMEK;MÊ¯CZYZNA;121;20744958
JURII;MÊ¯CZYZNA;121;20745079
RAJNHOLD;MÊ¯CZYZNA;121;20745200
NICHITA;MÊ¯CZYZNA;121;20745321
DOR;MÊ¯CZYZNA;121;20745442
MARCELIN;MÊ¯CZYZNA;120;20745562
VOLKER;MÊ¯CZYZNA;120;20745682
RAVI;MÊ¯CZYZNA;120;20745802
JANEK;MÊ¯CZYZNA;120;20745922
RAM;MÊ¯CZYZNA;120;20746042
ANDY;MÊ¯CZYZNA;120;20746162
YAIR;MÊ¯CZYZNA;119;20746281
WO£ODYMYR;MÊ¯CZYZNA;119;20746400
ARTAK;MÊ¯CZYZNA;119;20746519
ALIK;MÊ¯CZYZNA;119;20746638
NIKOLAJ;MÊ¯CZYZNA;119;20746757
ANDRÉS;MÊ¯CZYZNA;119;20746876
ARTURO;MÊ¯CZYZNA;119;20746995
ILJA;MÊ¯CZYZNA;119;20747114
YANIV;MÊ¯CZYZNA;119;20747233
HENRI;MÊ¯CZYZNA;119;20747352
MATE;MÊ¯CZYZNA;119;20747471
GRIGORI;MÊ¯CZYZNA;119;20747590
FREDERIK;MÊ¯CZYZNA;118;20747708
ESTEBAN;MÊ¯CZYZNA;118;20747826
TUAN;MÊ¯CZYZNA;118;20747944
AMINE;MÊ¯CZYZNA;118;20748062
MATHEW;MÊ¯CZYZNA;118;20748180
RAPHAËL;MÊ¯CZYZNA;118;20748298
MAXWELL;MÊ¯CZYZNA;118;20748416
SHAHAR;MÊ¯CZYZNA;118;20748534
KAAN;MÊ¯CZYZNA;118;20748652
ASEN;MÊ¯CZYZNA;118;20748770
GÁBOR;MÊ¯CZYZNA;117;20748887
LUDWIG;MÊ¯CZYZNA;117;20749004
ERAZM;MÊ¯CZYZNA;117;20749121
YEVGENII;MÊ¯CZYZNA;117;20749238
VISHAL;MÊ¯CZYZNA;117;20749355
SAM;MÊ¯CZYZNA;117;20749472
AZAT;MÊ¯CZYZNA;117;20749589
VITO;MÊ¯CZYZNA;117;20749706
SAGAR;MÊ¯CZYZNA;117;20749823
ALEC;MÊ¯CZYZNA;117;20749940
SINAN;MÊ¯CZYZNA;117;20750057
DORON;MÊ¯CZYZNA;116;20750173
MARTÍN;MÊ¯CZYZNA;116;20750289
ILIIA;MÊ¯CZYZNA;116;20750405
AJAY;MÊ¯CZYZNA;116;20750521
ROHIT;MÊ¯CZYZNA;116;20750637
ANDRIEJ;MÊ¯CZYZNA;116;20750753
DEMIR;MÊ¯CZYZNA;116;20750869
DIMA;MÊ¯CZYZNA;116;20750985
JAY;MÊ¯CZYZNA;115;20751100
MATEI;MÊ¯CZYZNA;115;20751215
SEBASTIEN;MÊ¯CZYZNA;115;20751330
ALPER;MÊ¯CZYZNA;115;20751445
JÁNOS;MÊ¯CZYZNA;115;20751560
ELLIOT;MÊ¯CZYZNA;115;20751675
GERARDO;MÊ¯CZYZNA;115;20751790
SAMET;MÊ¯CZYZNA;114;20751904
MAURICE;MÊ¯CZYZNA;114;20752018
VAKHTANGI;MÊ¯CZYZNA;114;20752132
BARIª;MÊ¯CZYZNA;114;20752246
TIMOFIY;MÊ¯CZYZNA;114;20752360
HOVHANNES;MÊ¯CZYZNA;114;20752474
GEORGIY;MÊ¯CZYZNA;114;20752588
RALPH;MÊ¯CZYZNA;114;20752702
POLIKARP;MÊ¯CZYZNA;114;20752816
RENARD;MÊ¯CZYZNA;113;20752929
ZOLTÁN;MÊ¯CZYZNA;113;20753042
GEORGES;MÊ¯CZYZNA;113;20753155
YASSINE;MÊ¯CZYZNA;113;20753268
JOAQUIN;MÊ¯CZYZNA;113;20753381
ASHISH;MÊ¯CZYZNA;112;20753493
FILIPP;MÊ¯CZYZNA;112;20753605
SANJAY;MÊ¯CZYZNA;112;20753717
ZORIAN;MÊ¯CZYZNA;112;20753829
EUSTACHY;MÊ¯CZYZNA;112;20753941
ARYAN;MÊ¯CZYZNA;112;20754053
KLIM;MÊ¯CZYZNA;112;20754165
SERAFIM;MÊ¯CZYZNA;112;20754277
ERICK;MÊ¯CZYZNA;111;20754388
RASHID;MÊ¯CZYZNA;111;20754499
AIDAN;MÊ¯CZYZNA;111;20754610
ANATOLY;MÊ¯CZYZNA;111;20754721
JERRY;MÊ¯CZYZNA;111;20754832
YOTAM;MÊ¯CZYZNA;111;20754943
SUREN;MÊ¯CZYZNA;111;20755054
TOMIS£AW;MÊ¯CZYZNA;111;20755165
PÉTER;MÊ¯CZYZNA;111;20755276
GIULIO;MÊ¯CZYZNA;111;20755387
PANAGIOTIS;MÊ¯CZYZNA;111;20755498
MAXIMILIANO;MÊ¯CZYZNA;110;20755608
HAIM;MÊ¯CZYZNA;110;20755718
RONEN;MÊ¯CZYZNA;110;20755828
ODED;MÊ¯CZYZNA;110;20755938
FAT?H;MÊ¯CZYZNA;110;20756048
ITAN;MÊ¯CZYZNA;109;20756157
FUAD;MÊ¯CZYZNA;109;20756266
BO;MÊ¯CZYZNA;109;20756375
ARSENIUSZ;MÊ¯CZYZNA;109;20756484
MAXIMILIEN;MÊ¯CZYZNA;109;20756593
SURESH;MÊ¯CZYZNA;109;20756702
MATÍAS;MÊ¯CZYZNA;109;20756811
ILARION;MÊ¯CZYZNA;109;20756920
DAMYR;MÊ¯CZYZNA;109;20757029
ZINOVIY;MÊ¯CZYZNA;109;20757138
SVIATASLAU;MÊ¯CZYZNA;108;20757246
RADZIMIR;MÊ¯CZYZNA;108;20757354
JIMMY;MÊ¯CZYZNA;108;20757462
ROVSHAN;MÊ¯CZYZNA;108;20757570
SHAI;MÊ¯CZYZNA;108;20757678
EMRAH;MÊ¯CZYZNA;108;20757786
DOMINICK;MÊ¯CZYZNA;108;20757894
ANVAR;MÊ¯CZYZNA;108;20758002
LUCIAN;MÊ¯CZYZNA;108;20758110
BRONISLAV;MÊ¯CZYZNA;108;20758218
HOLGER;MÊ¯CZYZNA;108;20758326
RUSTEM;MÊ¯CZYZNA;108;20758434
GILAD;MÊ¯CZYZNA;107;20758541
RAMIZ;MÊ¯CZYZNA;107;20758648
YOSYF;MÊ¯CZYZNA;107;20758755
ALWIN;MÊ¯CZYZNA;107;20758862
RATI;MÊ¯CZYZNA;107;20758969
ZEEV;MÊ¯CZYZNA;107;20759076
DINESH;MÊ¯CZYZNA;107;20759183
ORFEUSZ;MÊ¯CZYZNA;107;20759290
ARNO;MÊ¯CZYZNA;107;20759397
LEONIDAS;MÊ¯CZYZNA;107;20759504
KHALIL;MÊ¯CZYZNA;107;20759611
KRASIMIR;MÊ¯CZYZNA;107;20759718
ASIF;MÊ¯CZYZNA;106;20759824
BATUHAN;MÊ¯CZYZNA;106;20759930
SALOMON;MÊ¯CZYZNA;106;20760036
YULII;MÊ¯CZYZNA;106;20760142
SAVA;MÊ¯CZYZNA;106;20760248
MACIEK;MÊ¯CZYZNA;106;20760354
ANDREJS;MÊ¯CZYZNA;106;20760460
KAKHABERI;MÊ¯CZYZNA;106;20760566
ARNAUD;MÊ¯CZYZNA;106;20760672
ERKAN;MÊ¯CZYZNA;106;20760778
HRISTO;MÊ¯CZYZNA;106;20760884
SHUKHRAT;MÊ¯CZYZNA;106;20760990
GODERDZI;MÊ¯CZYZNA;106;20761096
HALIL;MÊ¯CZYZNA;105;20761201
STUART;MÊ¯CZYZNA;105;20761306
VITTORIO;MÊ¯CZYZNA;105;20761411
JAKHONGIR;MÊ¯CZYZNA;105;20761516
DOUGLAS;MÊ¯CZYZNA;105;20761621
SULTAN;MÊ¯CZYZNA;105;20761726
HERMANN;MÊ¯CZYZNA;105;20761831
THIERRY;MÊ¯CZYZNA;105;20761936
FRIEDRICH;MÊ¯CZYZNA;104;20762040
AYDIN;MÊ¯CZYZNA;104;20762144
ARSLAN;MÊ¯CZYZNA;104;20762248
MATHEUS;MÊ¯CZYZNA;104;20762352
RONNY;MÊ¯CZYZNA;104;20762456
NADIR;MÊ¯CZYZNA;104;20762560
SERGEJS;MÊ¯CZYZNA;104;20762664
DARKO;MÊ¯CZYZNA;104;20762768
OTABEK;MÊ¯CZYZNA;104;20762872
GANESH;MÊ¯CZYZNA;104;20762976
HUSSEIN;MÊ¯CZYZNA;104;20763080
ERNESTO;MÊ¯CZYZNA;103;20763183
YAROMYR;MÊ¯CZYZNA;103;20763286
JACOPO;MÊ¯CZYZNA;103;20763389
YELISEI;MÊ¯CZYZNA;103;20763492
RADOSLAV;MÊ¯CZYZNA;103;20763595
BORYS£AW;MÊ¯CZYZNA;103;20763698
VOLKAN;MÊ¯CZYZNA;103;20763801
GRIGOR;MÊ¯CZYZNA;103;20763904
KAREL;MÊ¯CZYZNA;103;20764007
FARRUKH;MÊ¯CZYZNA;103;20764110
GRIGOL;MÊ¯CZYZNA;103;20764213
VEPKHVIA;MÊ¯CZYZNA;103;20764316
ANDERS;MÊ¯CZYZNA;102;20764418
ANTONII;MÊ¯CZYZNA;102;20764520
FERHAT;MÊ¯CZYZNA;102;20764622
KEITH;MÊ¯CZYZNA;102;20764724
GAURAV;MÊ¯CZYZNA;102;20764826
DUC;MÊ¯CZYZNA;102;20764928
BART;MÊ¯CZYZNA;102;20765030
RÓBERT;MÊ¯CZYZNA;102;20765132
OFIR;MÊ¯CZYZNA;102;20765234
RECEP;MÊ¯CZYZNA;101;20765335
MICHAI£;MÊ¯CZYZNA;101;20765436
BAYRAM;MÊ¯CZYZNA;101;20765537
DARREN;MÊ¯CZYZNA;101;20765638
KADIR;MÊ¯CZYZNA;101;20765739
J?NIS;MÊ¯CZYZNA;101;20765840
METIN;MÊ¯CZYZNA;101;20765941
HUGON;MÊ¯CZYZNA;101;20766042
SERHAT;MÊ¯CZYZNA;101;20766143
OHAD;MÊ¯CZYZNA;101;20766244
RASUL;MÊ¯CZYZNA;101;20766345
SÜLEYMAN;MÊ¯CZYZNA;101;20766446
JAKE;MÊ¯CZYZNA;101;20766547
TAMIR;MÊ¯CZYZNA;101;20766648
HEIKO;MÊ¯CZYZNA;100;20766748
RAMON;MÊ¯CZYZNA;100;20766848
BOJAN;MÊ¯CZYZNA;100;20766948
JESSE;MÊ¯CZYZNA;100;20767048
STÉPHANE;MÊ¯CZYZNA;100;20767148
BERKAY;MÊ¯CZYZNA;100;20767248
NUNO;MÊ¯CZYZNA;100;20767348
YASSIN;MÊ¯CZYZNA;100;20767448
RAMAZI;MÊ¯CZYZNA;100;20767548
RAFAL;MÊ¯CZYZNA;100;20767648
DETLEF;MÊ¯CZYZNA;100;20767748
REVAZI;MÊ¯CZYZNA;100;20767848
STANISLAS;MÊ¯CZYZNA;100;20767948
RONI;MÊ¯CZYZNA;99;20768047
YVES;MÊ¯CZYZNA;99;20768146
LUIZ;MÊ¯CZYZNA;99;20768245
MAXIMUS;MÊ¯CZYZNA;99;20768344
AZAD;MÊ¯CZYZNA;99;20768443
IDRIS;MÊ¯CZYZNA;99;20768542
DEMYAN;MÊ¯CZYZNA;98;20768640
MIROSLAW;MÊ¯CZYZNA;98;20768738
ILLA;MÊ¯CZYZNA;98;20768836
ARTSEMI;MÊ¯CZYZNA;98;20768934
FADI;MÊ¯CZYZNA;98;20769032
RADZIVON;MÊ¯CZYZNA;98;20769130
LERI;MÊ¯CZYZNA;98;20769228
?SMA?L;MÊ¯CZYZNA;98;20769326
SASZA;MÊ¯CZYZNA;98;20769424
SALVADOR;MÊ¯CZYZNA;97;20769521
KLYM;MÊ¯CZYZNA;97;20769618
AKRAM;MÊ¯CZYZNA;97;20769715
SERGIJ;MÊ¯CZYZNA;97;20769812
RAJNER;MÊ¯CZYZNA;97;20769909
ANAS;MÊ¯CZYZNA;97;20770006
RAGNAR;MÊ¯CZYZNA;97;20770103
ANDRÁS;MÊ¯CZYZNA;97;20770200
QUENTIN;MÊ¯CZYZNA;97;20770297
TAHIR;MÊ¯CZYZNA;97;20770394
OYBEK;MÊ¯CZYZNA;97;20770491
AGUSTIN;MÊ¯CZYZNA;97;20770588
SAMER;MÊ¯CZYZNA;97;20770685
ROMAIN;MÊ¯CZYZNA;96;20770781
OWEN;MÊ¯CZYZNA;96;20770877
RAUF;MÊ¯CZYZNA;96;20770973
FRANCOIS;MÊ¯CZYZNA;96;20771069
ALVIN;MÊ¯CZYZNA;96;20771165
EHOR;MÊ¯CZYZNA;96;20771261
ILKIN;MÊ¯CZYZNA;96;20771357
ROMANI;MÊ¯CZYZNA;96;20771453
BAKHTIYOR;MÊ¯CZYZNA;96;20771549
BJÖRN;MÊ¯CZYZNA;96;20771645
SERGE;MÊ¯CZYZNA;95;20771740
ALIKHAN;MÊ¯CZYZNA;95;20771835
YOUSEF;MÊ¯CZYZNA;95;20771930
HARTMUT;MÊ¯CZYZNA;95;20772025
THÉO;MÊ¯CZYZNA;95;20772120
SALMAN;MÊ¯CZYZNA;95;20772215
DROR;MÊ¯CZYZNA;95;20772310
JAVID;MÊ¯CZYZNA;95;20772405
MUSLIM;MÊ¯CZYZNA;95;20772500
WALERIJ;MÊ¯CZYZNA;95;20772595
DYMYTRII;MÊ¯CZYZNA;94;20772689
WAEL;MÊ¯CZYZNA;94;20772783
PETROS;MÊ¯CZYZNA;94;20772877
WIATOS£AW;MÊ¯CZYZNA;94;20772971
U?UR;MÊ¯CZYZNA;94;20773065
SYLWIN;MÊ¯CZYZNA;94;20773159
RAJU;MÊ¯CZYZNA;94;20773253
WENDELIN;MÊ¯CZYZNA;94;20773347
MANISH;MÊ¯CZYZNA;94;20773441
RENIS£AW;MÊ¯CZYZNA;93;20773534
MESUT;MÊ¯CZYZNA;93;20773627
VOLODYMIR;MÊ¯CZYZNA;93;20773720
KAY;MÊ¯CZYZNA;93;20773813
CONOR;MÊ¯CZYZNA;93;20773906
CRAIG;MÊ¯CZYZNA;93;20773999
CHEN;MÊ¯CZYZNA;93;20774092
EMILIANO;MÊ¯CZYZNA;93;20774185
INGO;MÊ¯CZYZNA;93;20774278
AMAR;MÊ¯CZYZNA;93;20774371
RUI;MÊ¯CZYZNA;93;20774464
FILIPE;MÊ¯CZYZNA;93;20774557
GOR;MÊ¯CZYZNA;93;20774650
NIKO£AJ;MÊ¯CZYZNA;93;20774743
ERHAN;MÊ¯CZYZNA;92;20774835
MOJ¯ESZ;MÊ¯CZYZNA;92;20774927
LEE;MÊ¯CZYZNA;92;20775019
MARKIYAN;MÊ¯CZYZNA;92;20775111
JAYDEN;MÊ¯CZYZNA;92;20775203
FRANTIEK;MÊ¯CZYZNA;92;20775295
OKAN;MÊ¯CZYZNA;92;20775387
NIELS;MÊ¯CZYZNA;92;20775479
FAUSTYN;MÊ¯CZYZNA;91;20775570
HENRIQUE;MÊ¯CZYZNA;91;20775661
ZOLTAN;MÊ¯CZYZNA;91;20775752
NENAD;MÊ¯CZYZNA;91;20775843
DUAN;MÊ¯CZYZNA;91;20775934
THORSTEN;MÊ¯CZYZNA;91;20776025
CYRIL;MÊ¯CZYZNA;91;20776116
UCHA;MÊ¯CZYZNA;91;20776207
STEVE;MÊ¯CZYZNA;91;20776298
MARTYNIAN;MÊ¯CZYZNA;91;20776389
LUC;MÊ¯CZYZNA;91;20776480
PRADEEP;MÊ¯CZYZNA;91;20776571
MOSTAFA;MÊ¯CZYZNA;91;20776662
HAI;MÊ¯CZYZNA;91;20776753
NAZIM;MÊ¯CZYZNA;91;20776844
UDO;MÊ¯CZYZNA;91;20776935
HELIODOR;MÊ¯CZYZNA;91;20777026
MILOSZ;MÊ¯CZYZNA;91;20777117
ITZHAK;MÊ¯CZYZNA;91;20777208
EDOARDO;MÊ¯CZYZNA;91;20777299
ANTONINO;MÊ¯CZYZNA;90;20777389
YANG;MÊ¯CZYZNA;90;20777479
COLLIN;MÊ¯CZYZNA;90;20777569
KERIM;MÊ¯CZYZNA;90;20777659
DEVID;MÊ¯CZYZNA;90;20777749
JAROGNIEW;MÊ¯CZYZNA;90;20777839
VLAS;MÊ¯CZYZNA;90;20777929
ZIV;MÊ¯CZYZNA;90;20778019
ELIOT;MÊ¯CZYZNA;90;20778109
LÉON;MÊ¯CZYZNA;90;20778199
VIJAY;MÊ¯CZYZNA;89;20778288
PASQUALE;MÊ¯CZYZNA;89;20778377
ELIJAH;MÊ¯CZYZNA;89;20778466
MAKSAT;MÊ¯CZYZNA;89;20778555
AKASH;MÊ¯CZYZNA;89;20778644
RASTSISLAU;MÊ¯CZYZNA;89;20778733
TAHA;MÊ¯CZYZNA;89;20778822
MLADEN;MÊ¯CZYZNA;89;20778911
REGINALD;MÊ¯CZYZNA;89;20779000
URIEL;MÊ¯CZYZNA;89;20779089
NIMROD;MÊ¯CZYZNA;88;20779177
MUZAFFAR;MÊ¯CZYZNA;88;20779265
HAMID;MÊ¯CZYZNA;88;20779353
ELMIR;MÊ¯CZYZNA;88;20779441
RACHID;MÊ¯CZYZNA;88;20779529
SACHIN;MÊ¯CZYZNA;88;20779617
RADYSLAV;MÊ¯CZYZNA;88;20779705
IGNAT;MÊ¯CZYZNA;88;20779793
KYRYLL;MÊ¯CZYZNA;88;20779881
KOSTIANTIN;MÊ¯CZYZNA;87;20779968
TARIK;MÊ¯CZYZNA;87;20780055
JOHNNY;MÊ¯CZYZNA;87;20780142
STEPHANE;MÊ¯CZYZNA;87;20780229
TYLER;MÊ¯CZYZNA;87;20780316
WILLEM;MÊ¯CZYZNA;87;20780403
SAVELI;MÊ¯CZYZNA;87;20780490
TRAIAN;MÊ¯CZYZNA;87;20780577
ROIN;MÊ¯CZYZNA;87;20780664
REZO;MÊ¯CZYZNA;87;20780751
ABBAS;MÊ¯CZYZNA;87;20780838
ÖZGÜR;MÊ¯CZYZNA;87;20780925
WOLODYMYR;MÊ¯CZYZNA;86;20781011
WIRGILIUSZ;MÊ¯CZYZNA;86;20781097
AVI;MÊ¯CZYZNA;86;20781183
BRADLEY;MÊ¯CZYZNA;86;20781269
TEIMURAZI;MÊ¯CZYZNA;86;20781355
MATEJ;MÊ¯CZYZNA;86;20781441
ADITYA;MÊ¯CZYZNA;86;20781527
GAGA;MÊ¯CZYZNA;86;20781613
HARUN;MÊ¯CZYZNA;86;20781699
MUKHAMMAD;MÊ¯CZYZNA;86;20781785
GORDON;MÊ¯CZYZNA;86;20781871
FARUK;MÊ¯CZYZNA;86;20781957
ILIAN;MÊ¯CZYZNA;85;20782042
CEM;MÊ¯CZYZNA;85;20782127
VALERIO;MÊ¯CZYZNA;85;20782212
HENNADIY;MÊ¯CZYZNA;85;20782297
SARKHAN;MÊ¯CZYZNA;85;20782382
MYCHAJ£O;MÊ¯CZYZNA;85;20782467
MARTSIN;MÊ¯CZYZNA;85;20782552
RONALDO;MÊ¯CZYZNA;85;20782637
AMIL;MÊ¯CZYZNA;85;20782722
MATEUS;MÊ¯CZYZNA;85;20782807
RUMEN;MÊ¯CZYZNA;85;20782892
AMMAR;MÊ¯CZYZNA;85;20782977
VANO;MÊ¯CZYZNA;85;20783062
VASILEIOS;MÊ¯CZYZNA;84;20783146
ATANAS;MÊ¯CZYZNA;84;20783230
SEMIR;MÊ¯CZYZNA;84;20783314
NICODEM;MÊ¯CZYZNA;84;20783398
RUDI;MÊ¯CZYZNA;84;20783482
ELKHAN;MÊ¯CZYZNA;84;20783566
SARGIS;MÊ¯CZYZNA;84;20783650
XUAN;MÊ¯CZYZNA;84;20783734
ERVIN;MÊ¯CZYZNA;84;20783818
CONNOR;MÊ¯CZYZNA;84;20783902
ABDULAZIZ;MÊ¯CZYZNA;84;20783986
KHAMZAT;MÊ¯CZYZNA;84;20784070
?TEFAN;MÊ¯CZYZNA;83;20784153
ALEKO;MÊ¯CZYZNA;83;20784236
CLAUS;MÊ¯CZYZNA;83;20784319
WIECZYS£AW;MÊ¯CZYZNA;83;20784402
GARIK;MÊ¯CZYZNA;83;20784485
SUMAN;MÊ¯CZYZNA;83;20784568
DOV;MÊ¯CZYZNA;83;20784651
ANTÓNIO;MÊ¯CZYZNA;83;20784734
SURAJ;MÊ¯CZYZNA;83;20784817
AYMAN;MÊ¯CZYZNA;83;20784900
SAMUELE;MÊ¯CZYZNA;83;20784983
ENVER;MÊ¯CZYZNA;83;20785066
VISHNU;MÊ¯CZYZNA;83;20785149
FABIEN;MÊ¯CZYZNA;83;20785232
LEWIS;MÊ¯CZYZNA;83;20785315
W£ODZIS£AW;MÊ¯CZYZNA;82;20785397
LUÍS;MÊ¯CZYZNA;82;20785479
MAHDI;MÊ¯CZYZNA;82;20785561
ARKADI;MÊ¯CZYZNA;82;20785643
SILVIO;MÊ¯CZYZNA;82;20785725
RAKESH;MÊ¯CZYZNA;82;20785807
IGORS;MÊ¯CZYZNA;82;20785889
JON;MÊ¯CZYZNA;81;20785970
BOAZ;MÊ¯CZYZNA;81;20786051
MIRIAN;MÊ¯CZYZNA;81;20786132
SIMEON;MÊ¯CZYZNA;81;20786213
MUSTAPHA;MÊ¯CZYZNA;81;20786294
AMAN;MÊ¯CZYZNA;81;20786375
AKMAL;MÊ¯CZYZNA;81;20786456
SASHA;MÊ¯CZYZNA;81;20786537
AVRAM;MÊ¯CZYZNA;81;20786618
GIULIANO;MÊ¯CZYZNA;81;20786699
AUSTIN;MÊ¯CZYZNA;81;20786780
DAMIANO;MÊ¯CZYZNA;81;20786861
AYHAN;MÊ¯CZYZNA;81;20786942
KRISTOF;MÊ¯CZYZNA;81;20787023
ARKADY;MÊ¯CZYZNA;81;20787104
JURAJ;MÊ¯CZYZNA;81;20787185
YANIS;MÊ¯CZYZNA;81;20787266
ALLEN;MÊ¯CZYZNA;80;20787346
NAM;MÊ¯CZYZNA;80;20787426
JÓZSEF;MÊ¯CZYZNA;80;20787506
ZBIS£AW;MÊ¯CZYZNA;80;20787586
ROI;MÊ¯CZYZNA;80;20787666
DAGMAR;MÊ¯CZYZNA;80;20787746
PRINCE;MÊ¯CZYZNA;80;20787826
MEIR;MÊ¯CZYZNA;80;20787906
AMR;MÊ¯CZYZNA;80;20787986
TOLGA;MÊ¯CZYZNA;80;20788066
SÁNDOR;MÊ¯CZYZNA;80;20788146
BRENDAN;MÊ¯CZYZNA;80;20788226
GEOFFREY;MÊ¯CZYZNA;80;20788306
NGOC;MÊ¯CZYZNA;80;20788386
CAMERON;MÊ¯CZYZNA;80;20788466
DMITRIJS;MÊ¯CZYZNA;79;20788545
ULF;MÊ¯CZYZNA;79;20788624
PIETER;MÊ¯CZYZNA;79;20788703
KEREM;MÊ¯CZYZNA;79;20788782
AURELIAN;MÊ¯CZYZNA;79;20788861
PRAVEEN;MÊ¯CZYZNA;79;20788940
EBERHARD;MÊ¯CZYZNA;79;20789019
HAROLD;MÊ¯CZYZNA;79;20789098
RUFAT;MÊ¯CZYZNA;79;20789177
USMAN;MÊ¯CZYZNA;79;20789256
SANAN;MÊ¯CZYZNA;79;20789335
DÁVID;MÊ¯CZYZNA;79;20789414
FINN;MÊ¯CZYZNA;79;20789493
YORAM;MÊ¯CZYZNA;78;20789571
LADISLAV;MÊ¯CZYZNA;78;20789649
SEDAT;MÊ¯CZYZNA;78;20789727
BRUCE;MÊ¯CZYZNA;78;20789805
ASHRAF;MÊ¯CZYZNA;78;20789883
FRANCK;MÊ¯CZYZNA;78;20789961
CRISTIANO;MÊ¯CZYZNA;78;20790039
ANATOLIUSZ;MÊ¯CZYZNA;78;20790117
HARI;MÊ¯CZYZNA;78;20790195
NIV;MÊ¯CZYZNA;78;20790273
WALENTYN;MÊ¯CZYZNA;78;20790351
ALIKA;MÊ¯CZYZNA;78;20790429
ELIEZER;MÊ¯CZYZNA;78;20790507
FERDINAND;MÊ¯CZYZNA;78;20790585
ELSHAD;MÊ¯CZYZNA;78;20790663
SEBASTIÁN;MÊ¯CZYZNA;78;20790741
SORIN;MÊ¯CZYZNA;78;20790819
ABDULLA;MÊ¯CZYZNA;78;20790897
JOVAN;MÊ¯CZYZNA;78;20790975
JEWGIENIJ;MÊ¯CZYZNA;77;20791052
MAHESH;MÊ¯CZYZNA;77;20791129
KAZIMIR;MÊ¯CZYZNA;77;20791206
DZIMITRY;MÊ¯CZYZNA;77;20791283
GERWAZY;MÊ¯CZYZNA;77;20791360
ZSOLT;MÊ¯CZYZNA;77;20791437
TODOR;MÊ¯CZYZNA;77;20791514
GRYGORIY;MÊ¯CZYZNA;77;20791591
CORNELIS;MÊ¯CZYZNA;77;20791668
BEKZOD;MÊ¯CZYZNA;77;20791745
SARDORBEK;MÊ¯CZYZNA;77;20791822
JIAN;MÊ¯CZYZNA;77;20791899
WESLEY;MÊ¯CZYZNA;77;20791976
MAGAMED;MÊ¯CZYZNA;77;20792053
JUMBER;MÊ¯CZYZNA;77;20792130
YI;MÊ¯CZYZNA;77;20792207
VEDAT;MÊ¯CZYZNA;76;20792283
VIVEK;MÊ¯CZYZNA;76;20792359
PARVIZ;MÊ¯CZYZNA;76;20792435
DIOGO;MÊ¯CZYZNA;76;20792511
ASHOK;MÊ¯CZYZNA;76;20792587
DEMID;MÊ¯CZYZNA;76;20792663
AVTANDILI;MÊ¯CZYZNA;76;20792739
PAVLE;MÊ¯CZYZNA;76;20792815
ZAFAR;MÊ¯CZYZNA;76;20792891
HARUTYUN;MÊ¯CZYZNA;76;20792967
ROCCO;MÊ¯CZYZNA;76;20793043
LIVIU;MÊ¯CZYZNA;76;20793119
AHARON;MÊ¯CZYZNA;76;20793195
ALEKSEJ;MÊ¯CZYZNA;76;20793271
ALEKSANDROS;MÊ¯CZYZNA;76;20793347
MURMAN;MÊ¯CZYZNA;75;20793422
FAISAL;MÊ¯CZYZNA;75;20793497
EVGENI;MÊ¯CZYZNA;75;20793572
PETRUS;MÊ¯CZYZNA;75;20793647
MORDECHAI;MÊ¯CZYZNA;75;20793722
REINER;MÊ¯CZYZNA;75;20793797
SAMY;MÊ¯CZYZNA;75;20793872
ANDRIUS;MÊ¯CZYZNA;75;20793947
JEROME;MÊ¯CZYZNA;75;20794022
NAVEEN;MÊ¯CZYZNA;75;20794097
SIMION;MÊ¯CZYZNA;75;20794172
DIONISIE;MÊ¯CZYZNA;75;20794247
YILMAZ;MÊ¯CZYZNA;75;20794322
WITALI;MÊ¯CZYZNA;75;20794397
ERDEM;MÊ¯CZYZNA;75;20794472
BERTHOLD;MÊ¯CZYZNA;75;20794547
MARCELL;MÊ¯CZYZNA;75;20794622
NUGZARI;MÊ¯CZYZNA;75;20794697
LAWRENCE;MÊ¯CZYZNA;75;20794772
ARDA;MÊ¯CZYZNA;74;20794846
AREK;MÊ¯CZYZNA;74;20794920
ANAND;MÊ¯CZYZNA;74;20794994
PARYS;MÊ¯CZYZNA;74;20795068
LONG;MÊ¯CZYZNA;74;20795142
WILFRIED;MÊ¯CZYZNA;74;20795216
KUMAR;MÊ¯CZYZNA;74;20795290
ONUFRY;MÊ¯CZYZNA;74;20795364
FERENC;MÊ¯CZYZNA;74;20795438
BIN;MÊ¯CZYZNA;74;20795512
JOE;MÊ¯CZYZNA;74;20795586
ABDALLAH;MÊ¯CZYZNA;74;20795660
AZER;MÊ¯CZYZNA;74;20795734
HAMLET;MÊ¯CZYZNA;74;20795808
EMZARI;MÊ¯CZYZNA;74;20795882
MATT;MÊ¯CZYZNA;74;20795956
SERHIJ;MÊ¯CZYZNA;74;20796030
NINO;MÊ¯CZYZNA;74;20796104
NEMANJA;MÊ¯CZYZNA;74;20796178
AYOUB;MÊ¯CZYZNA;74;20796252
SALIH;MÊ¯CZYZNA;74;20796326
ZACK;MÊ¯CZYZNA;73;20796399
NIKHIL;MÊ¯CZYZNA;73;20796472
BERK;MÊ¯CZYZNA;73;20796545
ROHAN;MÊ¯CZYZNA;73;20796618
IROS£AW;MÊ¯CZYZNA;73;20796691
SHIMON;MÊ¯CZYZNA;73;20796764
ADALBERT;MÊ¯CZYZNA;73;20796837
AMOS;MÊ¯CZYZNA;73;20796910
PAVOL;MÊ¯CZYZNA;73;20796983
ELIZEUSZ;MÊ¯CZYZNA;73;20797056
GRAHAM;MÊ¯CZYZNA;73;20797129
RADOMYR;MÊ¯CZYZNA;73;20797202
NIZAR;MÊ¯CZYZNA;73;20797275
JANUARIUSZ;MÊ¯CZYZNA;73;20797348
MIKAIL;MÊ¯CZYZNA;73;20797421
HAO;MÊ¯CZYZNA;73;20797494
NIGEL;MÊ¯CZYZNA;73;20797567
CÃTÃLIN;MÊ¯CZYZNA;72;20797639
HORACY;MÊ¯CZYZNA;72;20797711
HAL?L;MÊ¯CZYZNA;72;20797783
ARIUSZ;MÊ¯CZYZNA;72;20797855
SHAUN;MÊ¯CZYZNA;72;20797927
YU;MÊ¯CZYZNA;72;20797999
NYKYTA;MÊ¯CZYZNA;72;20798071
CALVIN;MÊ¯CZYZNA;72;20798143
TAO;MÊ¯CZYZNA;72;20798215
RUVYM;MÊ¯CZYZNA;72;20798287
AMER;MÊ¯CZYZNA;72;20798359
RAJNHARD;MÊ¯CZYZNA;72;20798431
MYHAILO;MÊ¯CZYZNA;72;20798503
JAYSON;MÊ¯CZYZNA;72;20798575
SALAH;MÊ¯CZYZNA;71;20798646
BAR;MÊ¯CZYZNA;71;20798717
ASKAR;MÊ¯CZYZNA;71;20798788
SARDOR;MÊ¯CZYZNA;71;20798859
EUGENIO;MÊ¯CZYZNA;71;20798930
BERTRAND;MÊ¯CZYZNA;71;20799001
HOANG;MÊ¯CZYZNA;71;20799072
DEXTER;MÊ¯CZYZNA;71;20799143
O?UZHAN;MÊ¯CZYZNA;71;20799214
VLADIMERI;MÊ¯CZYZNA;71;20799285
FRITZ;MÊ¯CZYZNA;71;20799356
NIKOLAUS;MÊ¯CZYZNA;71;20799427
BARAK;MÊ¯CZYZNA;71;20799498
HERNAN;MÊ¯CZYZNA;71;20799569
FRED;MÊ¯CZYZNA;71;20799640
JAMSHID;MÊ¯CZYZNA;71;20799711
SULEYMAN;MÊ¯CZYZNA;71;20799782
ARKHYP;MÊ¯CZYZNA;71;20799853
MIRAN;MÊ¯CZYZNA;71;20799924
KIRAN;MÊ¯CZYZNA;71;20799995
WAWRZYN;MÊ¯CZYZNA;71;20800066
ASHER;MÊ¯CZYZNA;71;20800137
ATHANASIOS;MÊ¯CZYZNA;71;20800208
ARAZ;MÊ¯CZYZNA;70;20800278
DIDIER;MÊ¯CZYZNA;70;20800348
REMI;MÊ¯CZYZNA;70;20800418
VIET;MÊ¯CZYZNA;70;20800488
ALFONSO;MÊ¯CZYZNA;70;20800558
IZRAEL;MÊ¯CZYZNA;70;20800628
AYAN;MÊ¯CZYZNA;70;20800698
FARKHOD;MÊ¯CZYZNA;70;20800768
BAKHODIR;MÊ¯CZYZNA;70;20800838
AKSHAY;MÊ¯CZYZNA;70;20800908
ERCAN;MÊ¯CZYZNA;70;20800978
AUGUSTIN;MÊ¯CZYZNA;70;20801048
TIKHON;MÊ¯CZYZNA;70;20801118
DINH;MÊ¯CZYZNA;69;20801187
OMELIAN;MÊ¯CZYZNA;69;20801256
HUSEYN;MÊ¯CZYZNA;69;20801325
NATIG;MÊ¯CZYZNA;69;20801394
FABRICE;MÊ¯CZYZNA;69;20801463
WINFRIED;MÊ¯CZYZNA;69;20801532
LEONTII;MÊ¯CZYZNA;69;20801601
WOLF;MÊ¯CZYZNA;69;20801670
BACHANA;MÊ¯CZYZNA;69;20801739
NAZARIJ;MÊ¯CZYZNA;69;20801808
GIANNI;MÊ¯CZYZNA;69;20801877
RAIMUND;MÊ¯CZYZNA;69;20801946
JAMBUL;MÊ¯CZYZNA;69;20802015
KUZMA;MÊ¯CZYZNA;69;20802084
IAGO;MÊ¯CZYZNA;69;20802153
EREKLE;MÊ¯CZYZNA;69;20802222
ANZELM;MÊ¯CZYZNA;69;20802291
ELIAN;MÊ¯CZYZNA;69;20802360
TIEN;MÊ¯CZYZNA;69;20802429
TRUNG;MÊ¯CZYZNA;68;20802497
MILEN;MÊ¯CZYZNA;68;20802565
MOISES;MÊ¯CZYZNA;68;20802633
MARWAN;MÊ¯CZYZNA;68;20802701
LEKSO;MÊ¯CZYZNA;68;20802769
MILTON;MÊ¯CZYZNA;68;20802837
QIANG;MÊ¯CZYZNA;68;20802905
VAHE;MÊ¯CZYZNA;68;20802973
LEVENT;MÊ¯CZYZNA;68;20803041
SABRI;MÊ¯CZYZNA;68;20803109
NARESH;MÊ¯CZYZNA;68;20803177
YEHUDA;MÊ¯CZYZNA;68;20803245
PAULIN;MÊ¯CZYZNA;68;20803313
CSABA;MÊ¯CZYZNA;68;20803381
BENEDIKT;MÊ¯CZYZNA;68;20803449
MORGAN;MÊ¯CZYZNA;68;20803517
TAKHIR;MÊ¯CZYZNA;68;20803585
SABIR;MÊ¯CZYZNA;68;20803653
ILIYA;MÊ¯CZYZNA;68;20803721
GIANCARLO;MÊ¯CZYZNA;68;20803789
YOUNES;MÊ¯CZYZNA;68;20803857
VENKATA;MÊ¯CZYZNA;68;20803925
MICHAILO;MÊ¯CZYZNA;67;20803992
PANKAJ;MÊ¯CZYZNA;67;20804059
GÛNTER;MÊ¯CZYZNA;67;20804126
LAMBERT;MÊ¯CZYZNA;67;20804193
YAKAU;MÊ¯CZYZNA;67;20804260
OUSSAMA;MÊ¯CZYZNA;67;20804327
OSAMA;MÊ¯CZYZNA;67;20804394
UMIDJON;MÊ¯CZYZNA;67;20804461
RIZVAN;MÊ¯CZYZNA;67;20804528
FRANTS;MÊ¯CZYZNA;67;20804595
JOAO;MÊ¯CZYZNA;67;20804662
MISHA;MÊ¯CZYZNA;67;20804729
HARRISON;MÊ¯CZYZNA;67;20804796
NAMIG;MÊ¯CZYZNA;67;20804863
SYRIUSZ;MÊ¯CZYZNA;67;20804930
KARAN;MÊ¯CZYZNA;67;20804997
ARSENIJ;MÊ¯CZYZNA;66;20805063
BORYSLAV;MÊ¯CZYZNA;66;20805129
TENGIZI;MÊ¯CZYZNA;66;20805195
YANUSH;MÊ¯CZYZNA;66;20805261
PLAMEN;MÊ¯CZYZNA;66;20805327
SHAHIN;MÊ¯CZYZNA;66;20805393
GINO;MÊ¯CZYZNA;66;20805459
RUVIM;MÊ¯CZYZNA;66;20805525
DÁNIEL;MÊ¯CZYZNA;66;20805591
AMIRANI;MÊ¯CZYZNA;66;20805657
TIMOFIJ;MÊ¯CZYZNA;66;20805723
TREVOR;MÊ¯CZYZNA;66;20805789
SEMION;MÊ¯CZYZNA;66;20805855
SAMEER;MÊ¯CZYZNA;66;20805921
JIE;MÊ¯CZYZNA;66;20805987
SON;MÊ¯CZYZNA;66;20806053
VICENTE;MÊ¯CZYZNA;66;20806119
RODOLFO;MÊ¯CZYZNA;66;20806185
SOFIANE;MÊ¯CZYZNA;66;20806251
ASIM;MÊ¯CZYZNA;66;20806317
WILSON;MÊ¯CZYZNA;66;20806383
ZAURI;MÊ¯CZYZNA;66;20806449
RAHIM;MÊ¯CZYZNA;66;20806515
YAKOV;MÊ¯CZYZNA;66;20806581
YAROSLAW;MÊ¯CZYZNA;66;20806647
DANIYAR;MÊ¯CZYZNA;65;20806712
KRIS;MÊ¯CZYZNA;65;20806777
RUSSELL;MÊ¯CZYZNA;65;20806842
MATWIEJ;MÊ¯CZYZNA;65;20806907
MCIS£AW;MÊ¯CZYZNA;65;20806972
CANER;MÊ¯CZYZNA;65;20807037
SAHIL;MÊ¯CZYZNA;65;20807102
BENOIT;MÊ¯CZYZNA;65;20807167
ULRYK;MÊ¯CZYZNA;65;20807232
GLENN;MÊ¯CZYZNA;65;20807297
TIMON;MÊ¯CZYZNA;65;20807362
ONDØEJ;MÊ¯CZYZNA;65;20807427
BARRY;MÊ¯CZYZNA;65;20807492
RAJ;MÊ¯CZYZNA;65;20807557
AKHIL;MÊ¯CZYZNA;65;20807622
RAMIR;MÊ¯CZYZNA;65;20807687
BRANKO;MÊ¯CZYZNA;65;20807752
ARTEMIUSZ;MÊ¯CZYZNA;65;20807817
TANASIS;MÊ¯CZYZNA;65;20807882
MAMED;MÊ¯CZYZNA;64;20807946
EHUD;MÊ¯CZYZNA;64;20808010
MOSES;MÊ¯CZYZNA;64;20808074
VASILY;MÊ¯CZYZNA;64;20808138
SIEMOWIT;MÊ¯CZYZNA;64;20808202
CALEB;MÊ¯CZYZNA;64;20808266
GHENNADI;MÊ¯CZYZNA;64;20808330
IONEL;MÊ¯CZYZNA;64;20808394
DONG;MÊ¯CZYZNA;64;20808458
JESPER;MÊ¯CZYZNA;64;20808522
LUAN;MÊ¯CZYZNA;64;20808586
RAMZI;MÊ¯CZYZNA;64;20808650
IRFAN;MÊ¯CZYZNA;64;20808714
IOSEBI;MÊ¯CZYZNA;64;20808778
ANTONIOS;MÊ¯CZYZNA;64;20808842
AYMEN;MÊ¯CZYZNA;64;20808906
SZCZÊSNY;MÊ¯CZYZNA;64;20808970
DALIBOR;MÊ¯CZYZNA;64;20809034
ZELIMKHAN;MÊ¯CZYZNA;64;20809098
MOURAD;MÊ¯CZYZNA;64;20809162
YASSER;MÊ¯CZYZNA;63;20809225
ACHIM;MÊ¯CZYZNA;63;20809288
EDGARS;MÊ¯CZYZNA;63;20809351
SAGI;MÊ¯CZYZNA;63;20809414
DASTAN;MÊ¯CZYZNA;63;20809477
KRYSPIAN;MÊ¯CZYZNA;63;20809540
ILDAR;MÊ¯CZYZNA;63;20809603
NODIRBEK;MÊ¯CZYZNA;63;20809666
ARCHILI;MÊ¯CZYZNA;63;20809729
GAVIN;MÊ¯CZYZNA;63;20809792
VLADIMÍR;MÊ¯CZYZNA;63;20809855
XIN;MÊ¯CZYZNA;63;20809918
OTON;MÊ¯CZYZNA;63;20809981
SEBASTIANO;MÊ¯CZYZNA;63;20810044
BRENDON;MÊ¯CZYZNA;63;20810107
HADRIAN;MÊ¯CZYZNA;63;20810170
YANNICK;MÊ¯CZYZNA;63;20810233
USEVALAD;MÊ¯CZYZNA;63;20810296
YEHONATAN;MÊ¯CZYZNA;63;20810359
NAPOLEON;MÊ¯CZYZNA;63;20810422
SHANE;MÊ¯CZYZNA;63;20810485
MERDAN;MÊ¯CZYZNA;63;20810548
CEMAL;MÊ¯CZYZNA;63;20810611
RAZ;MÊ¯CZYZNA;63;20810674
PILIP;MÊ¯CZYZNA;63;20810737
SYLVESTER;MÊ¯CZYZNA;63;20810800
LEI;MÊ¯CZYZNA;63;20810863
FIRAT;MÊ¯CZYZNA;62;20810925
RANDY;MÊ¯CZYZNA;62;20810987
KAMEL;MÊ¯CZYZNA;62;20811049
MELVIN;MÊ¯CZYZNA;62;20811111
HAKOB;MÊ¯CZYZNA;62;20811173
HABIB;MÊ¯CZYZNA;62;20811235
OSYP;MÊ¯CZYZNA;62;20811297
THANG;MÊ¯CZYZNA;62;20811359
JOCHEN;MÊ¯CZYZNA;62;20811421
YORDAN;MÊ¯CZYZNA;62;20811483
WILIAM;MÊ¯CZYZNA;62;20811545
ISMET;MÊ¯CZYZNA;62;20811607
MYKO£A;MÊ¯CZYZNA;62;20811669
WLADIMIR;MÊ¯CZYZNA;62;20811731
MYCHAILO;MÊ¯CZYZNA;62;20811793
CIRO;MÊ¯CZYZNA;62;20811855
SAAD;MÊ¯CZYZNA;62;20811917
ZHAN;MÊ¯CZYZNA;62;20811979
ANDRO;MÊ¯CZYZNA;62;20812041
WADYM;MÊ¯CZYZNA;62;20812103
ASHLEY;MÊ¯CZYZNA;62;20812165
ZAMIR;MÊ¯CZYZNA;62;20812227
MUHAMAD;MÊ¯CZYZNA;62;20812289
AMADEUS;MÊ¯CZYZNA;62;20812351
EROL;MÊ¯CZYZNA;62;20812413
SULKHAN;MÊ¯CZYZNA;61;20812474
ALDO;MÊ¯CZYZNA;61;20812535
ÁDÁM;MÊ¯CZYZNA;61;20812596
HENRYKH;MÊ¯CZYZNA;61;20812657
LEVI;MÊ¯CZYZNA;61;20812718
MORITZ;MÊ¯CZYZNA;61;20812779
DANI;MÊ¯CZYZNA;61;20812840
EMILIUSZ;MÊ¯CZYZNA;61;20812901
OMARI;MÊ¯CZYZNA;61;20812962
RAFAIL;MÊ¯CZYZNA;61;20813023
YAHYA;MÊ¯CZYZNA;61;20813084
REJNOLD;MÊ¯CZYZNA;61;20813145
SHUBHAM;MÊ¯CZYZNA;61;20813206
SHACHAR;MÊ¯CZYZNA;61;20813267
SHMAGI;MÊ¯CZYZNA;61;20813328
KELVIN;MÊ¯CZYZNA;61;20813389
MIHAILO;MÊ¯CZYZNA;61;20813450
NARIMAN;MÊ¯CZYZNA;61;20813511
STAS;MÊ¯CZYZNA;60;20813571
GEORGIJ;MÊ¯CZYZNA;60;20813631
ANKIT;MÊ¯CZYZNA;60;20813691
ENGIN;MÊ¯CZYZNA;60;20813751
CHINGIZ;MÊ¯CZYZNA;60;20813811
MINDAUGAS;MÊ¯CZYZNA;60;20813871
LAZAR;MÊ¯CZYZNA;60;20813931
CLAUDE;MÊ¯CZYZNA;60;20813991
SUMIT;MÊ¯CZYZNA;60;20814051
SERCAN;MÊ¯CZYZNA;60;20814111
NAUM;MÊ¯CZYZNA;60;20814171
MAHIR;MÊ¯CZYZNA;60;20814231
LADO;MÊ¯CZYZNA;60;20814291
SAUL;MÊ¯CZYZNA;60;20814351
EDOUARD;MÊ¯CZYZNA;60;20814411
TURAN;MÊ¯CZYZNA;60;20814471
MAIKEL;MÊ¯CZYZNA;60;20814531
RIKARDO;MÊ¯CZYZNA;60;20814591
KAZYMYR;MÊ¯CZYZNA;60;20814651
ARMANI;MÊ¯CZYZNA;60;20814711
RATMIR;MÊ¯CZYZNA;60;20814771
JASURBEK;MÊ¯CZYZNA;60;20814831
BINOD;MÊ¯CZYZNA;60;20814891
HUY;MÊ¯CZYZNA;60;20814951
GÜNTHER;MÊ¯CZYZNA;60;20815011
ªTEFAN;MÊ¯CZYZNA;60;20815071
SAA;MÊ¯CZYZNA;60;20815131
SACHA;MÊ¯CZYZNA;60;20815191
ABDULRAHMAN;MÊ¯CZYZNA;60;20815251
SYLVAIN;MÊ¯CZYZNA;60;20815311
AKBAR;MÊ¯CZYZNA;60;20815371
TOMA;MÊ¯CZYZNA;59;20815430
FARIS;MÊ¯CZYZNA;59;20815489
JEAN-PIERRE;MÊ¯CZYZNA;59;20815548
OLE;MÊ¯CZYZNA;59;20815607
DIPAK;MÊ¯CZYZNA;59;20815666
ILKHOM;MÊ¯CZYZNA;59;20815725
VLADYSLAW;MÊ¯CZYZNA;59;20815784
ROTEM;MÊ¯CZYZNA;59;20815843
YASH;MÊ¯CZYZNA;59;20815902
SANDER;MÊ¯CZYZNA;59;20815961
MARKIAN;MÊ¯CZYZNA;59;20816020
KARLO;MÊ¯CZYZNA;59;20816079
ANASTASIOS;MÊ¯CZYZNA;59;20816138
GROMOS£AW;MÊ¯CZYZNA;59;20816197
IVAYLO;MÊ¯CZYZNA;59;20816256
DINO;MÊ¯CZYZNA;59;20816315
VINOD;MÊ¯CZYZNA;59;20816374
REDA;MÊ¯CZYZNA;59;20816433
GASTON;MÊ¯CZYZNA;59;20816492
MOHAN;MÊ¯CZYZNA;59;20816551
ETIENNE;MÊ¯CZYZNA;59;20816610
GAETANO;MÊ¯CZYZNA;59;20816669
ISSAM;MÊ¯CZYZNA;59;20816728
BÜLENT;MÊ¯CZYZNA;59;20816787
MIRCEA;MÊ¯CZYZNA;59;20816846
ABDELKADER;MÊ¯CZYZNA;59;20816905
RAVSHAN;MÊ¯CZYZNA;59;20816964
HONG;MÊ¯CZYZNA;58;20817022
FÁBIO;MÊ¯CZYZNA;58;20817080
GENNADY;MÊ¯CZYZNA;58;20817138
CASPIAN;MÊ¯CZYZNA;58;20817196
ZAKIR;MÊ¯CZYZNA;58;20817254
NADER;MÊ¯CZYZNA;58;20817312
MARKOS;MÊ¯CZYZNA;58;20817370
MAKSIMILIAN;MÊ¯CZYZNA;58;20817428
CORNEL;MÊ¯CZYZNA;58;20817486
AKHMAD;MÊ¯CZYZNA;58;20817544
KSAVIER;MÊ¯CZYZNA;58;20817602
ADRIÁN;MÊ¯CZYZNA;58;20817660
SVETOSLAV;MÊ¯CZYZNA;58;20817718
MATTIAS;MÊ¯CZYZNA;58;20817776
VAHAN;MÊ¯CZYZNA;58;20817834
HERNÁN;MÊ¯CZYZNA;58;20817892
SHAVKAT;MÊ¯CZYZNA;57;20817949
DOREL;MÊ¯CZYZNA;57;20818006
BAPTISTE;MÊ¯CZYZNA;57;20818063
JACOBO;MÊ¯CZYZNA;57;20818120
SEVERIN;MÊ¯CZYZNA;57;20818177
BRANISLAV;MÊ¯CZYZNA;57;20818234
EDVIN;MÊ¯CZYZNA;57;20818291
FARHAD;MÊ¯CZYZNA;57;20818348
UMBERTO;MÊ¯CZYZNA;57;20818405
MICHEASZ;MÊ¯CZYZNA;57;20818462
IONUT;MÊ¯CZYZNA;57;20818519
MALCOLM;MÊ¯CZYZNA;57;20818576
I;MÊ¯CZYZNA;57;20818633
ARKADZI;MÊ¯CZYZNA;57;20818690
KEN;MÊ¯CZYZNA;57;20818747
JIMSHER;MÊ¯CZYZNA;57;20818804
DYMYTRO;MÊ¯CZYZNA;57;20818861
ILAY;MÊ¯CZYZNA;57;20818918
LUTZ;MÊ¯CZYZNA;57;20818975
IMAD;MÊ¯CZYZNA;57;20819032
CHANDRA;MÊ¯CZYZNA;57;20819089
CLÉMENT;MÊ¯CZYZNA;57;20819146
WASILIS;MÊ¯CZYZNA;57;20819203
BENNY;MÊ¯CZYZNA;57;20819260
DAJAN;MÊ¯CZYZNA;57;20819317
DUNG;MÊ¯CZYZNA;56;20819373
CUONG;MÊ¯CZYZNA;56;20819429
RICO;MÊ¯CZYZNA;56;20819485
EDMOND;MÊ¯CZYZNA;56;20819541
MAJID;MÊ¯CZYZNA;56;20819597
BAKUR;MÊ¯CZYZNA;56;20819653
TAMER;MÊ¯CZYZNA;56;20819709
TSOTNE;MÊ¯CZYZNA;56;20819765
ELMAN;MÊ¯CZYZNA;56;20819821
DENI;MÊ¯CZYZNA;56;20819877
MEHMED;MÊ¯CZYZNA;56;20819933
GEORGY;MÊ¯CZYZNA;56;20819989
ABUBAKAR;MÊ¯CZYZNA;56;20820045
SHAKHIN;MÊ¯CZYZNA;56;20820101
JIN;MÊ¯CZYZNA;56;20820157
HIROSHI;MÊ¯CZYZNA;56;20820213
ALES;MÊ¯CZYZNA;56;20820269
YOUCEF;MÊ¯CZYZNA;56;20820325
JORGOS;MÊ¯CZYZNA;56;20820381
ABDELRAHMAN;MÊ¯CZYZNA;56;20820437
PENG;MÊ¯CZYZNA;56;20820493
PAWLO;MÊ¯CZYZNA;56;20820549
ASAN;MÊ¯CZYZNA;56;20820605
OKTAY;MÊ¯CZYZNA;56;20820661
FIRDAVS;MÊ¯CZYZNA;56;20820717
ALPEREN;MÊ¯CZYZNA;56;20820773
GIDEON;MÊ¯CZYZNA;56;20820829
HADI;MÊ¯CZYZNA;56;20820885
SULEIMAN;MÊ¯CZYZNA;55;20820940
KINGSLEY;MÊ¯CZYZNA;55;20820995
DAWYD;MÊ¯CZYZNA;55;20821050
MURODJON;MÊ¯CZYZNA;55;20821105
MAHAMMAD;MÊ¯CZYZNA;55;20821160
SALEM;MÊ¯CZYZNA;55;20821215
BATYR;MÊ¯CZYZNA;55;20821270
ALOIS;MÊ¯CZYZNA;55;20821325
ANTONIUS;MÊ¯CZYZNA;55;20821380
ANDRIS;MÊ¯CZYZNA;55;20821435
TOMISLAV;MÊ¯CZYZNA;55;20821490
GILLES;MÊ¯CZYZNA;55;20821545
FENG;MÊ¯CZYZNA;55;20821600
LEIF;MÊ¯CZYZNA;55;20821655
ZDENÌK;MÊ¯CZYZNA;55;20821710
WAYNE;MÊ¯CZYZNA;55;20821765
CORNELIU;MÊ¯CZYZNA;55;20821820
EFE;MÊ¯CZYZNA;55;20821875
FARES;MÊ¯CZYZNA;55;20821930
FACUNDO;MÊ¯CZYZNA;55;20821985
RAMIRO;MÊ¯CZYZNA;55;20822040
DRAGOMIR;MÊ¯CZYZNA;55;20822095
HICHAM;MÊ¯CZYZNA;55;20822150
ALGIMENT;MÊ¯CZYZNA;55;20822205
AUGUSTO;MÊ¯CZYZNA;55;20822260
AMAL;MÊ¯CZYZNA;55;20822315
CAMILO;MÊ¯CZYZNA;55;20822370
WIELIS£AW;MÊ¯CZYZNA;55;20822425
UMID;MÊ¯CZYZNA;54;20822479
GASTÓN;MÊ¯CZYZNA;54;20822533
SINGH;MÊ¯CZYZNA;54;20822587
THEODOROS;MÊ¯CZYZNA;54;20822641
ODYSEUSZ;MÊ¯CZYZNA;54;20822695
ALAA;MÊ¯CZYZNA;54;20822749
JASUR;MÊ¯CZYZNA;54;20822803
JOEY;MÊ¯CZYZNA;54;20822857
SEWER;MÊ¯CZYZNA;54;20822911
PATRIC;MÊ¯CZYZNA;54;20822965
ZLATAN;MÊ¯CZYZNA;54;20823019
GRANT;MÊ¯CZYZNA;54;20823073
BONDO;MÊ¯CZYZNA;54;20823127
CHASLAU;MÊ¯CZYZNA;54;20823181
BRAHIM;MÊ¯CZYZNA;54;20823235
SALEH;MÊ¯CZYZNA;54;20823289
MORTEN;MÊ¯CZYZNA;54;20823343
MUKESH;MÊ¯CZYZNA;54;20823397
LIANG;MÊ¯CZYZNA;54;20823451
ADOLFO;MÊ¯CZYZNA;54;20823505
GOGI;MÊ¯CZYZNA;54;20823559
JEYHUN;MÊ¯CZYZNA;53;20823612
HERSZ;MÊ¯CZYZNA;53;20823665
CIHAN;MÊ¯CZYZNA;53;20823718
WILLY;MÊ¯CZYZNA;53;20823771
FOUAD;MÊ¯CZYZNA;53;20823824
KRISTOFFER;MÊ¯CZYZNA;53;20823877
GERRIT;MÊ¯CZYZNA;53;20823930
BARAN;MÊ¯CZYZNA;53;20823983
PETRE;MÊ¯CZYZNA;53;20824036
JAMIL;MÊ¯CZYZNA;53;20824089
ISMAYIL;MÊ¯CZYZNA;53;20824142
SLOBODAN;MÊ¯CZYZNA;53;20824195
CEDRIC;MÊ¯CZYZNA;53;20824248
NIZAMI;MÊ¯CZYZNA;53;20824301
JEROEN;MÊ¯CZYZNA;53;20824354
YUSIF;MÊ¯CZYZNA;53;20824407
ELTUN;MÊ¯CZYZNA;53;20824460
ALEKSEJS;MÊ¯CZYZNA;53;20824513
TOBY;MÊ¯CZYZNA;53;20824566
STOYAN;MÊ¯CZYZNA;53;20824619
JURGEN;MÊ¯CZYZNA;53;20824672
SUNG;MÊ¯CZYZNA;53;20824725
ARIS;MÊ¯CZYZNA;53;20824778
ZAFER;MÊ¯CZYZNA;53;20824831
RÜDIGER;MÊ¯CZYZNA;53;20824884
GENNARO;MÊ¯CZYZNA;53;20824937
GHEORGHII;MÊ¯CZYZNA;53;20824990
NAMIK;MÊ¯CZYZNA;53;20825043
TIHRAN;MÊ¯CZYZNA;53;20825096
SALI;MÊ¯CZYZNA;53;20825149
AZAR;MÊ¯CZYZNA;53;20825202
IVÁN;MÊ¯CZYZNA;53;20825255
MIREK;MÊ¯CZYZNA;53;20825308
IZAK;MÊ¯CZYZNA;53;20825361
ANH TUAN;MÊ¯CZYZNA;52;20825413
LAJOS;MÊ¯CZYZNA;52;20825465
HAREL;MÊ¯CZYZNA;52;20825517
BAKHTIYAR;MÊ¯CZYZNA;52;20825569
MARIA;MÊ¯CZYZNA;52;20825621
MARTINO;MÊ¯CZYZNA;52;20825673
XAVER;MÊ¯CZYZNA;52;20825725
JAVOKHIR;MÊ¯CZYZNA;52;20825777
CARMINE;MÊ¯CZYZNA;52;20825829
JURI;MÊ¯CZYZNA;52;20825881
JEMALI;MÊ¯CZYZNA;52;20825933
JULIÁN;MÊ¯CZYZNA;52;20825985
PREM;MÊ¯CZYZNA;52;20826037
OLLIE;MÊ¯CZYZNA;52;20826089
FÉLIX;MÊ¯CZYZNA;52;20826141
JALAL;MÊ¯CZYZNA;52;20826193
ILAI;MÊ¯CZYZNA;52;20826245
ENEASZ;MÊ¯CZYZNA;52;20826297
VAN HUNG;MÊ¯CZYZNA;52;20826349
ROLANDO;MÊ¯CZYZNA;52;20826401
GIANFRANCO;MÊ¯CZYZNA;52;20826453
NG?C;MÊ¯CZYZNA;52;20826505
MANH;MÊ¯CZYZNA;52;20826557
ZOHAR;MÊ¯CZYZNA;52;20826609
GIAN;MÊ¯CZYZNA;52;20826661
SOFIAN;MÊ¯CZYZNA;52;20826713
FILIPPOS;MÊ¯CZYZNA;52;20826765
EVGENIJ;MÊ¯CZYZNA;52;20826817
FRANKLIN;MÊ¯CZYZNA;52;20826869
BAIRAM;MÊ¯CZYZNA;52;20826921
EVANGELOS;MÊ¯CZYZNA;52;20826973
TAKASHI;MÊ¯CZYZNA;52;20827025
VITOLD;MÊ¯CZYZNA;52;20827077
MARIÁN;MÊ¯CZYZNA;52;20827129
HAMDI;MÊ¯CZYZNA;52;20827181
ALIREZA;MÊ¯CZYZNA;51;20827232
GIZO;MÊ¯CZYZNA;51;20827283
GOPAL;MÊ¯CZYZNA;51;20827334
STEFANOS;MÊ¯CZYZNA;51;20827385
HAMED;MÊ¯CZYZNA;51;20827436
VESELIN;MÊ¯CZYZNA;51;20827487
ALIAKSANDAR;MÊ¯CZYZNA;51;20827538
DOBROMI£;MÊ¯CZYZNA;51;20827589
SÉRGIO;MÊ¯CZYZNA;51;20827640
BOHUSLAV;MÊ¯CZYZNA;51;20827691
GENADIUSZ;MÊ¯CZYZNA;51;20827742
EFIM;MÊ¯CZYZNA;51;20827793
THIBAULT;MÊ¯CZYZNA;51;20827844
MAHER;MÊ¯CZYZNA;51;20827895
ELIO;MÊ¯CZYZNA;51;20827946
BURHAN;MÊ¯CZYZNA;51;20827997
GREGORIO;MÊ¯CZYZNA;51;20828048
ZAAL;MÊ¯CZYZNA;51;20828099
JEREMIAH;MÊ¯CZYZNA;51;20828150
USHANGI;MÊ¯CZYZNA;51;20828201
RAZMIK;MÊ¯CZYZNA;51;20828252
REZA;MÊ¯CZYZNA;51;20828303
ARKADIY;MÊ¯CZYZNA;51;20828354
DILMUROD;MÊ¯CZYZNA;51;20828405
ISKANDAR;MÊ¯CZYZNA;51;20828456
AGUS;MÊ¯CZYZNA;51;20828507
MALEK;MÊ¯CZYZNA;51;20828558
RAMZES;MÊ¯CZYZNA;51;20828609
SARVAR;MÊ¯CZYZNA;51;20828660
SUNNY;MÊ¯CZYZNA;51;20828711
ARNE;MÊ¯CZYZNA;51;20828762
NURIDDIN;MÊ¯CZYZNA;51;20828813
YUSUP;MÊ¯CZYZNA;51;20828864
PRIDON;MÊ¯CZYZNA;51;20828915
ILIJA;MÊ¯CZYZNA;51;20828966
LUTOS£AW;MÊ¯CZYZNA;51;20829017
KASJUSZ;MÊ¯CZYZNA;51;20829068
MICHALIS;MÊ¯CZYZNA;51;20829119
XANDER;MÊ¯CZYZNA;50;20829169
CZAREK;MÊ¯CZYZNA;50;20829219
TEFAN;MÊ¯CZYZNA;50;20829269
SANJAR;MÊ¯CZYZNA;50;20829319
OFEK;MÊ¯CZYZNA;50;20829369
ZEFIRYN;MÊ¯CZYZNA;50;20829419
RAJENDRA;MÊ¯CZYZNA;50;20829469
RAVIL;MÊ¯CZYZNA;50;20829519
HARIS;MÊ¯CZYZNA;50;20829569
ROSARIO;MÊ¯CZYZNA;50;20829619
ELJKO;MÊ¯CZYZNA;50;20829669
DUY;MÊ¯CZYZNA;50;20829719
PARTH;MÊ¯CZYZNA;50;20829769
IMAM;MÊ¯CZYZNA;50;20829819
TELMAN;MÊ¯CZYZNA;50;20829869
BJORN;MÊ¯CZYZNA;50;20829919
ANDRIA;MÊ¯CZYZNA;50;20829969
NARAYAN;MÊ¯CZYZNA;50;20830019
JURIS;MÊ¯CZYZNA;50;20830069
EMMANUIL;MÊ¯CZYZNA;50;20830119
BENGT;MÊ¯CZYZNA;50;20830169
OLAV;MÊ¯CZYZNA;50;20830219
BIKASH;MÊ¯CZYZNA;50;20830269
BEKIR;MÊ¯CZYZNA;50;20830319
EMAD;MÊ¯CZYZNA;50;20830369
ARWID;MÊ¯CZYZNA;50;20830419
KOLIN;MÊ¯CZYZNA;50;20830469
YOEL;MÊ¯CZYZNA;50;20830519
JOAN;MÊ¯CZYZNA;49;20830568
GURGEN;MÊ¯CZYZNA;49;20830617
DONATAS;MÊ¯CZYZNA;49;20830666
ABDEL;MÊ¯CZYZNA;49;20830715
JAREMI;MÊ¯CZYZNA;49;20830764
EDEN;MÊ¯CZYZNA;49;20830813
KALIKST;MÊ¯CZYZNA;49;20830862
LUDOVIC;MÊ¯CZYZNA;49;20830911
YAVUZ;MÊ¯CZYZNA;49;20830960
OLEXIY;MÊ¯CZYZNA;49;20831009
YONATHAN;MÊ¯CZYZNA;49;20831058
YAKYM;MÊ¯CZYZNA;49;20831107
SEIMUR;MÊ¯CZYZNA;49;20831156
BESLAN;MÊ¯CZYZNA;49;20831205
AIBEK;MÊ¯CZYZNA;49;20831254
ARCHIE;MÊ¯CZYZNA;49;20831303
NIL;MÊ¯CZYZNA;49;20831352
TARIELI;MÊ¯CZYZNA;49;20831401
JOAQUIM;MÊ¯CZYZNA;49;20831450
MOUSTAFA;MÊ¯CZYZNA;49;20831499
ROSS;MÊ¯CZYZNA;49;20831548
ABDURRAHMAN;MÊ¯CZYZNA;49;20831597
HIMANSHU;MÊ¯CZYZNA;49;20831646
VITOR;MÊ¯CZYZNA;49;20831695
VALERIJ;MÊ¯CZYZNA;49;20831744
SIEGMUND;MÊ¯CZYZNA;49;20831793
FREDRIK;MÊ¯CZYZNA;49;20831842
EMILE;MÊ¯CZYZNA;49;20831891
ASKANIUSZ;MÊ¯CZYZNA;49;20831940
MIHÁLY;MÊ¯CZYZNA;49;20831989
ACHILLES;MÊ¯CZYZNA;48;20832037
HEINC;MÊ¯CZYZNA;48;20832085
VAJA;MÊ¯CZYZNA;48;20832133
TARIQ;MÊ¯CZYZNA;48;20832181
GUENTER;MÊ¯CZYZNA;48;20832229
KARTHIK;MÊ¯CZYZNA;48;20832277
ADILET;MÊ¯CZYZNA;48;20832325
KLYMENTII;MÊ¯CZYZNA;48;20832373
ILHAM;MÊ¯CZYZNA;48;20832421
ROSTOM;MÊ¯CZYZNA;48;20832469
DATA;MÊ¯CZYZNA;48;20832517
REUVEN;MÊ¯CZYZNA;48;20832565
FRANCISCUS;MÊ¯CZYZNA;48;20832613
SHERALI;MÊ¯CZYZNA;48;20832661
QUOC;MÊ¯CZYZNA;48;20832709
DEN?Z;MÊ¯CZYZNA;48;20832757
DAMINIK;MÊ¯CZYZNA;48;20832805
SHERIF;MÊ¯CZYZNA;48;20832853
BISHAL;MÊ¯CZYZNA;48;20832901
RIDVAN;MÊ¯CZYZNA;48;20832949
AMRIT;MÊ¯CZYZNA;48;20832997
SAURABH;MÊ¯CZYZNA;48;20833045
SEVASTIAN;MÊ¯CZYZNA;48;20833093
RADOSZ;MÊ¯CZYZNA;48;20833141
PRASHANT;MÊ¯CZYZNA;48;20833189
YAS?N;MÊ¯CZYZNA;48;20833237
SRINIVAS;MÊ¯CZYZNA;48;20833285
NITIN;MÊ¯CZYZNA;48;20833333
SHAWN;MÊ¯CZYZNA;48;20833381
MARIOS;MÊ¯CZYZNA;48;20833429
ZDOBYS£AW;MÊ¯CZYZNA;48;20833477
VYTAUTAS;MÊ¯CZYZNA;48;20833525
SHARON;MÊ¯CZYZNA;48;20833573
DZMITRYI;MÊ¯CZYZNA;47;20833620
PAVLOS;MÊ¯CZYZNA;47;20833667
ANDI;MÊ¯CZYZNA;47;20833714
PANAJOTIS;MÊ¯CZYZNA;47;20833761
NAIL;MÊ¯CZYZNA;47;20833808
AGIL;MÊ¯CZYZNA;47;20833855
SONER;MÊ¯CZYZNA;47;20833902
VINH;MÊ¯CZYZNA;47;20833949
SPENCER;MÊ¯CZYZNA;47;20833996
SAI;MÊ¯CZYZNA;47;20834043
ROINI;MÊ¯CZYZNA;47;20834090
VIKAS;MÊ¯CZYZNA;47;20834137
ZIAD;MÊ¯CZYZNA;47;20834184
ATAKAN;MÊ¯CZYZNA;47;20834231
GRIGORIY;MÊ¯CZYZNA;47;20834278
£ADYS£AW;MÊ¯CZYZNA;47;20834325
JACKSON;MÊ¯CZYZNA;47;20834372
MUBARIZ;MÊ¯CZYZNA;47;20834419
DVIR;MÊ¯CZYZNA;47;20834466
RUPERT;MÊ¯CZYZNA;47;20834513
HUSEYIN;MÊ¯CZYZNA;47;20834560
NICKOLAS;MÊ¯CZYZNA;47;20834607
AYKUT;MÊ¯CZYZNA;47;20834654
ARA;MÊ¯CZYZNA;47;20834701
ERKIN;MÊ¯CZYZNA;47;20834748
GUSEIN;MÊ¯CZYZNA;47;20834795
DONATAN;MÊ¯CZYZNA;47;20834842
MATTHÄUS;MÊ¯CZYZNA;47;20834889
BALÁZS;MÊ¯CZYZNA;47;20834936
NIHAT;MÊ¯CZYZNA;47;20834983
KALEB;MÊ¯CZYZNA;47;20835030
VALDEMAR;MÊ¯CZYZNA;47;20835077
ELISEI;MÊ¯CZYZNA;47;20835124
ALMAZ;MÊ¯CZYZNA;47;20835171
UFUK;MÊ¯CZYZNA;47;20835218
ERDAL;MÊ¯CZYZNA;46;20835264
BEGENCH;MÊ¯CZYZNA;46;20835310
LUCIEN;MÊ¯CZYZNA;46;20835356
ANDERSON;MÊ¯CZYZNA;46;20835402
VIKTORS;MÊ¯CZYZNA;46;20835448
MITCHELL;MÊ¯CZYZNA;46;20835494
JULIANO;MÊ¯CZYZNA;46;20835540
SHOKHRUKH;MÊ¯CZYZNA;46;20835586
NUR;MÊ¯CZYZNA;46;20835632
WALEED;MÊ¯CZYZNA;46;20835678
GRIGOLI;MÊ¯CZYZNA;46;20835724
EFRAIM;MÊ¯CZYZNA;46;20835770
ANGELOS;MÊ¯CZYZNA;46;20835816
NADIM;MÊ¯CZYZNA;46;20835862
ART?RS;MÊ¯CZYZNA;46;20835908
MIN;MÊ¯CZYZNA;46;20835954
JORDI;MÊ¯CZYZNA;46;20836000
HENNING;MÊ¯CZYZNA;46;20836046
RAKHMAN;MÊ¯CZYZNA;46;20836092
ILKHAM;MÊ¯CZYZNA;46;20836138
NURSULTAN;MÊ¯CZYZNA;46;20836184
YOGESH;MÊ¯CZYZNA;46;20836230
KUNAL;MÊ¯CZYZNA;46;20836276
ISTVAN;MÊ¯CZYZNA;46;20836322
IACOB;MÊ¯CZYZNA;46;20836368
IVAR;MÊ¯CZYZNA;46;20836414
HARISH;MÊ¯CZYZNA;46;20836460
RONNIE;MÊ¯CZYZNA;46;20836506
TADEVUSH;MÊ¯CZYZNA;46;20836552
ASADBEK;MÊ¯CZYZNA;46;20836598
XUÂN;MÊ¯CZYZNA;46;20836644
ERAY;MÊ¯CZYZNA;46;20836690
EZRA;MÊ¯CZYZNA;46;20836736
JARED;MÊ¯CZYZNA;46;20836782
KRISTOFER;MÊ¯CZYZNA;46;20836828
CÉDRIC;MÊ¯CZYZNA;46;20836874
MOHIT;MÊ¯CZYZNA;46;20836920
HEORHIY;MÊ¯CZYZNA;45;20836965
TU?N;MÊ¯CZYZNA;45;20837010
SEMIH;MÊ¯CZYZNA;45;20837055
ALIN;MÊ¯CZYZNA;45;20837100
SURENDRA;MÊ¯CZYZNA;45;20837145
ILLJA;MÊ¯CZYZNA;45;20837190
GUVANCH;MÊ¯CZYZNA;45;20837235
FIRAS;MÊ¯CZYZNA;45;20837280
XAVERY;MÊ¯CZYZNA;45;20837325
MILES;MÊ¯CZYZNA;45;20837370
NATANEL;MÊ¯CZYZNA;45;20837415
GAEL;MÊ¯CZYZNA;45;20837460
ILKHOMJON;MÊ¯CZYZNA;45;20837505
GRIGORY;MÊ¯CZYZNA;45;20837550
ARNEL;MÊ¯CZYZNA;45;20837595
RADOVAN;MÊ¯CZYZNA;45;20837640
RAY;MÊ¯CZYZNA;45;20837685
JAIRO;MÊ¯CZYZNA;45;20837730
MATS;MÊ¯CZYZNA;45;20837775
SERGI;MÊ¯CZYZNA;45;20837820
KFIR;MÊ¯CZYZNA;45;20837865
BLAKE;MÊ¯CZYZNA;45;20837910
MADDOX;MÊ¯CZYZNA;45;20837955
JÉRÔME;MÊ¯CZYZNA;45;20838000
BORA;MÊ¯CZYZNA;45;20838045
NURI;MÊ¯CZYZNA;45;20838090
GHENNADII;MÊ¯CZYZNA;45;20838135
STAN;MÊ¯CZYZNA;45;20838180
SAVVA;MÊ¯CZYZNA;45;20838225
SETH;MÊ¯CZYZNA;45;20838270
FRANKIE;MÊ¯CZYZNA;45;20838315
BORISLAV;MÊ¯CZYZNA;45;20838360
KARAM;MÊ¯CZYZNA;45;20838405
PAPUNA;MÊ¯CZYZNA;45;20838450
MINA;MÊ¯CZYZNA;45;20838495
MAHMUD;MÊ¯CZYZNA;45;20838540
ARSENTII;MÊ¯CZYZNA;45;20838585
ALE;MÊ¯CZYZNA;45;20838630
MAKHMUD;MÊ¯CZYZNA;45;20838675
PROKHOR;MÊ¯CZYZNA;45;20838720
HENADII;MÊ¯CZYZNA;45;20838765
VARUN;MÊ¯CZYZNA;45;20838810
GARETH;MÊ¯CZYZNA;45;20838855
KIRI£;MÊ¯CZYZNA;45;20838900
TROJAN;MÊ¯CZYZNA;45;20838945
SABIN;MÊ¯CZYZNA;45;20838990
JEFFERSON;MÊ¯CZYZNA;45;20839035
EDIK;MÊ¯CZYZNA;44;20839079
SATISH;MÊ¯CZYZNA;44;20839123
DAMIÁN;MÊ¯CZYZNA;44;20839167
ETIBAR;MÊ¯CZYZNA;44;20839211
KAD?R;MÊ¯CZYZNA;44;20839255
KAYETAN;MÊ¯CZYZNA;44;20839299
MIKEL;MÊ¯CZYZNA;44;20839343
VINAY;MÊ¯CZYZNA;44;20839387
CIBOR;MÊ¯CZYZNA;44;20839431
HUBERTUS;MÊ¯CZYZNA;44;20839475
SUJAN;MÊ¯CZYZNA;44;20839519
ELWIS;MÊ¯CZYZNA;44;20839563
GORDII;MÊ¯CZYZNA;44;20839607
TORBEN;MÊ¯CZYZNA;44;20839651
BIDZINA;MÊ¯CZYZNA;44;20839695
VIKRAM;MÊ¯CZYZNA;44;20839739
RAHMAN;MÊ¯CZYZNA;44;20839783
PATRICIO;MÊ¯CZYZNA;44;20839827
INTIGAM;MÊ¯CZYZNA;44;20839871
LI;MÊ¯CZYZNA;44;20839915
GUNTER;MÊ¯CZYZNA;44;20839959
JEIKHUN;MÊ¯CZYZNA;44;20840003
VASIF;MÊ¯CZYZNA;44;20840047
LUKYAN;MÊ¯CZYZNA;44;20840091
DIETRICH;MÊ¯CZYZNA;44;20840135
WENANTY;MÊ¯CZYZNA;44;20840179
EUSTACHIUSZ;MÊ¯CZYZNA;44;20840223
CAIO;MÊ¯CZYZNA;44;20840267
JULES;MÊ¯CZYZNA;44;20840311
TOMASH;MÊ¯CZYZNA;44;20840355
VALERIANE;MÊ¯CZYZNA;44;20840399
ANWAR;MÊ¯CZYZNA;44;20840443
ROEI;MÊ¯CZYZNA;44;20840487
MATTI;MÊ¯CZYZNA;44;20840531
MOUNIR;MÊ¯CZYZNA;44;20840575
GANG;MÊ¯CZYZNA;44;20840619
ART?RAS;MÊ¯CZYZNA;44;20840663
LIRAN;MÊ¯CZYZNA;44;20840707
LEONCJUSZ;MÊ¯CZYZNA;44;20840751
O£EKSANDR;MÊ¯CZYZNA;44;20840795
MICHAËL;MÊ¯CZYZNA;44;20840839
BODO;MÊ¯CZYZNA;44;20840883
TUAN ANH;MÊ¯CZYZNA;44;20840927
DEMETRE;MÊ¯CZYZNA;44;20840971
DANIJEL;MÊ¯CZYZNA;44;20841015
GYÖRGY;MÊ¯CZYZNA;44;20841059
ÖZKAN;MÊ¯CZYZNA;43;20841102
SAKHIB;MÊ¯CZYZNA;43;20841145
PAWAN;MÊ¯CZYZNA;43;20841188
TOMA;MÊ¯CZYZNA;43;20841231
CENGIZ;MÊ¯CZYZNA;43;20841274
BARUCH;MÊ¯CZYZNA;43;20841317
AZIM;MÊ¯CZYZNA;43;20841360
ELLIOTT;MÊ¯CZYZNA;43;20841403
YASHAR;MÊ¯CZYZNA;43;20841446
JUDE;MÊ¯CZYZNA;43;20841489
YOUNG;MÊ¯CZYZNA;43;20841532
ÜMIT;MÊ¯CZYZNA;43;20841575
GORDIAN;MÊ¯CZYZNA;43;20841618
JANO;MÊ¯CZYZNA;43;20841661
MYCHAJLO;MÊ¯CZYZNA;43;20841704
DONIYOR;MÊ¯CZYZNA;43;20841747
KHACHATUR;MÊ¯CZYZNA;43;20841790
HANI;MÊ¯CZYZNA;43;20841833
CARMELO;MÊ¯CZYZNA;43;20841876
ANZORI;MÊ¯CZYZNA;43;20841919
HARSH;MÊ¯CZYZNA;43;20841962
TRAVIS;MÊ¯CZYZNA;43;20842005
LENNART;MÊ¯CZYZNA;43;20842048
CIPRIAN;MÊ¯CZYZNA;43;20842091
ROSHAN;MÊ¯CZYZNA;43;20842134
ROM;MÊ¯CZYZNA;43;20842177
ONISE;MÊ¯CZYZNA;43;20842220
MANTAS;MÊ¯CZYZNA;43;20842263
HNAT;MÊ¯CZYZNA;43;20842306
KARAPET;MÊ¯CZYZNA;43;20842349
MENACHEM;MÊ¯CZYZNA;43;20842392
VALTER;MÊ¯CZYZNA;43;20842435
VIGNESH;MÊ¯CZYZNA;43;20842478
VEYSEL;MÊ¯CZYZNA;43;20842521
LEONEL;MÊ¯CZYZNA;43;20842564
SANG;MÊ¯CZYZNA;43;20842607
JACOBUS;MÊ¯CZYZNA;43;20842650
BENITO;MÊ¯CZYZNA;43;20842693
KRISZTIÁN;MÊ¯CZYZNA;43;20842736
HACI;MÊ¯CZYZNA;43;20842779
LUCIO;MÊ¯CZYZNA;42;20842821
GRIGORIJ;MÊ¯CZYZNA;42;20842863
AKIF;MÊ¯CZYZNA;42;20842905
NASIR;MÊ¯CZYZNA;42;20842947
IONUÞ;MÊ¯CZYZNA;42;20842989
NITZAN;MÊ¯CZYZNA;42;20843031
KIERAN;MÊ¯CZYZNA;42;20843073
GERT;MÊ¯CZYZNA;42;20843115
KÉVIN;MÊ¯CZYZNA;42;20843157
SERGUEI;MÊ¯CZYZNA;42;20843199
ANOOP;MÊ¯CZYZNA;42;20843241
MANVEL;MÊ¯CZYZNA;42;20843283
EKREM;MÊ¯CZYZNA;42;20843325
MENDEL;MÊ¯CZYZNA;42;20843367
EMMANOUIL;MÊ¯CZYZNA;42;20843409
SZMUL;MÊ¯CZYZNA;42;20843451
SAYED;MÊ¯CZYZNA;42;20843493
HENDRIKUS;MÊ¯CZYZNA;42;20843535
YURA;MÊ¯CZYZNA;42;20843577
RÉMI;MÊ¯CZYZNA;42;20843619
VAGIF;MÊ¯CZYZNA;42;20843661
ABDALLA;MÊ¯CZYZNA;42;20843703
RICKY;MÊ¯CZYZNA;42;20843745
BERAT;MÊ¯CZYZNA;42;20843787
GABIL;MÊ¯CZYZNA;42;20843829
S?NAN;MÊ¯CZYZNA;42;20843871
FRANKO;MÊ¯CZYZNA;42;20843913
KORAY;MÊ¯CZYZNA;42;20843955
DANIIEL;MÊ¯CZYZNA;42;20843997
SAMANDAR;MÊ¯CZYZNA;42;20844039
JEHOR;MÊ¯CZYZNA;42;20844081
O?UZ;MÊ¯CZYZNA;42;20844123
EINAR;MÊ¯CZYZNA;42;20844165
GERARDUS;MÊ¯CZYZNA;42;20844207
IZAJASZ;MÊ¯CZYZNA;42;20844249
JONAH;MÊ¯CZYZNA;42;20844291
VENKATESH;MÊ¯CZYZNA;42;20844333
DUSZAN;MÊ¯CZYZNA;42;20844375
SAIMON;MÊ¯CZYZNA;42;20844417
DEONIZY;MÊ¯CZYZNA;42;20844459
DENNY;MÊ¯CZYZNA;42;20844501
KAREEM;MÊ¯CZYZNA;42;20844543
OTMAR;MÊ¯CZYZNA;42;20844585
TEMIRLAN;MÊ¯CZYZNA;42;20844627
NATHANAEL;MÊ¯CZYZNA;42;20844669
FAIG;MÊ¯CZYZNA;42;20844711
DIMITRIS;MÊ¯CZYZNA;41;20844752
GIENNADIJ;MÊ¯CZYZNA;41;20844793
TIZIANO;MÊ¯CZYZNA;41;20844834
GURPREET;MÊ¯CZYZNA;41;20844875
SASHO;MÊ¯CZYZNA;41;20844916
RIENAT;MÊ¯CZYZNA;41;20844957
VILIAM;MÊ¯CZYZNA;41;20844998
KASPAR;MÊ¯CZYZNA;41;20845039
AYAZ;MÊ¯CZYZNA;41;20845080
ARTASHES;MÊ¯CZYZNA;41;20845121
SAMMY;MÊ¯CZYZNA;41;20845162
NOA;MÊ¯CZYZNA;41;20845203
GREG;MÊ¯CZYZNA;41;20845244
SONG;MÊ¯CZYZNA;41;20845285
ARDIAN;MÊ¯CZYZNA;41;20845326
SUKHROB;MÊ¯CZYZNA;41;20845367
BASSAM;MÊ¯CZYZNA;41;20845408
ASAD;MÊ¯CZYZNA;41;20845449
WITEK;MÊ¯CZYZNA;41;20845490
NIHAD;MÊ¯CZYZNA;41;20845531
ZAHID;MÊ¯CZYZNA;41;20845572
TEIMUR;MÊ¯CZYZNA;41;20845613
ERNESTYN;MÊ¯CZYZNA;41;20845654
MIKA;MÊ¯CZYZNA;41;20845695
YASIR;MÊ¯CZYZNA;41;20845736
BILEL;MÊ¯CZYZNA;41;20845777
AZIZJON;MÊ¯CZYZNA;41;20845818
KABIR;MÊ¯CZYZNA;41;20845859
MATÚ;MÊ¯CZYZNA;41;20845900
S?REN;MÊ¯CZYZNA;41;20845941
FREDERICO;MÊ¯CZYZNA;41;20845982
KAIRAT;MÊ¯CZYZNA;41;20846023
JONG;MÊ¯CZYZNA;41;20846064
KLIMEK;MÊ¯CZYZNA;41;20846105
ANTONIUSZ;MÊ¯CZYZNA;41;20846146
REMY;MÊ¯CZYZNA;41;20846187
BERNARDYN;MÊ¯CZYZNA;41;20846228
CHAO;MÊ¯CZYZNA;41;20846269
PRASAD;MÊ¯CZYZNA;41;20846310
LINUS;MÊ¯CZYZNA;41;20846351
SALWADOR;MÊ¯CZYZNA;41;20846392
HOSSAM;MÊ¯CZYZNA;40;20846432
NURBEK;MÊ¯CZYZNA;40;20846472
UTKU;MÊ¯CZYZNA;40;20846512
IFEANYI;MÊ¯CZYZNA;40;20846552
VÁCLAV;MÊ¯CZYZNA;40;20846592
RENALD;MÊ¯CZYZNA;40;20846632
EDGARDO;MÊ¯CZYZNA;40;20846672
LEONHARD;MÊ¯CZYZNA;40;20846712
KARL-HEINZ;MÊ¯CZYZNA;40;20846752
BASIL;MÊ¯CZYZNA;40;20846792
PREDRAG;MÊ¯CZYZNA;40;20846832
SHADI;MÊ¯CZYZNA;40;20846872
ILHAN;MÊ¯CZYZNA;40;20846912
FREDDY;MÊ¯CZYZNA;40;20846952
GOTHARD;MÊ¯CZYZNA;40;20846992
MARCIO;MÊ¯CZYZNA;40;20847032
RAMAL;MÊ¯CZYZNA;40;20847072
ZACHEUSZ;MÊ¯CZYZNA;40;20847112
CORNELIUS;MÊ¯CZYZNA;40;20847152
REUBEN;MÊ¯CZYZNA;40;20847192
ÖZCAN;MÊ¯CZYZNA;40;20847232
SANJEEV;MÊ¯CZYZNA;40;20847272
ANTONIN;MÊ¯CZYZNA;40;20847312
SANTHOSH;MÊ¯CZYZNA;40;20847352
GUNNAR;MÊ¯CZYZNA;40;20847392
BAHADIR;MÊ¯CZYZNA;40;20847432
BESARION;MÊ¯CZYZNA;40;20847472
NABIN;MÊ¯CZYZNA;40;20847512
FEDAR;MÊ¯CZYZNA;40;20847552
ZAID;MÊ¯CZYZNA;40;20847592
WILLIBALD;MÊ¯CZYZNA;40;20847632
AURELIO;MÊ¯CZYZNA;40;20847672
HAFIZ;MÊ¯CZYZNA;40;20847712
YEFIM;MÊ¯CZYZNA;40;20847752
NEBOJA;MÊ¯CZYZNA;40;20847792
MURTAZ;MÊ¯CZYZNA;40;20847832
ARBI;MÊ¯CZYZNA;40;20847872
MIKHAYLO;MÊ¯CZYZNA;40;20847912
VIGGO;MÊ¯CZYZNA;40;20847952
SHAHID;MÊ¯CZYZNA;40;20847992
MOHD;MÊ¯CZYZNA;40;20848032
ELDANIZ;MÊ¯CZYZNA;40;20848072
TED;MÊ¯CZYZNA;40;20848112
MIKKO;MÊ¯CZYZNA;40;20848152
NICOLO;MÊ¯CZYZNA;40;20848192
LIBOR;MÊ¯CZYZNA;40;20848232
VARLAM;MÊ¯CZYZNA;40;20848272
BASSEM;MÊ¯CZYZNA;40;20848312
WIRGINIUSZ;MÊ¯CZYZNA;40;20848352
CLEMENS;MÊ¯CZYZNA;40;20848392
LAXMAN;MÊ¯CZYZNA;40;20848432
CAMIL;MÊ¯CZYZNA;40;20848472
AVNER;MÊ¯CZYZNA;40;20848512
HUSSAIN;MÊ¯CZYZNA;40;20848552
NATNAEL;MÊ¯CZYZNA;39;20848591
DANYYIL;MÊ¯CZYZNA;39;20848630
DAVI;MÊ¯CZYZNA;39;20848669
WINFRYD;MÊ¯CZYZNA;39;20848708
DAVE;MÊ¯CZYZNA;39;20848747
TADEY;MÊ¯CZYZNA;39;20848786
ANRI;MÊ¯CZYZNA;39;20848825
ANISH;MÊ¯CZYZNA;39;20848864
BENNO;MÊ¯CZYZNA;39;20848903
PATRICE;MÊ¯CZYZNA;39;20848942
MAARTEN;MÊ¯CZYZNA;39;20848981
NEO;MÊ¯CZYZNA;39;20849020
ARTEMIY;MÊ¯CZYZNA;39;20849059
DILAN;MÊ¯CZYZNA;39;20849098
ELIA;MÊ¯CZYZNA;39;20849137
LUBOMYR;MÊ¯CZYZNA;39;20849176
M?RIS;MÊ¯CZYZNA;39;20849215
MEKAN;MÊ¯CZYZNA;39;20849254
ECKHARD;MÊ¯CZYZNA;39;20849293
DINU;MÊ¯CZYZNA;39;20849332
SAEED;MÊ¯CZYZNA;39;20849371
JOSH;MÊ¯CZYZNA;39;20849410
NAIM;MÊ¯CZYZNA;39;20849449
SOUFIANE;MÊ¯CZYZNA;39;20849488
JUMBERI;MÊ¯CZYZNA;39;20849527
TRONG;MÊ¯CZYZNA;39;20849566
ALDIN;MÊ¯CZYZNA;39;20849605
YERLAN;MÊ¯CZYZNA;39;20849644
APOSTOLOS;MÊ¯CZYZNA;39;20849683
TOAN;MÊ¯CZYZNA;39;20849722
RYNAT;MÊ¯CZYZNA;39;20849761
JEREMIUSZ;MÊ¯CZYZNA;39;20849800
JURIJS;MÊ¯CZYZNA;39;20849839
SULIKO;MÊ¯CZYZNA;39;20849878
BISHNU;MÊ¯CZYZNA;39;20849917
IOANN;MÊ¯CZYZNA;39;20849956
ULAN;MÊ¯CZYZNA;39;20849995
JÉRÉMY;MÊ¯CZYZNA;39;20850034
NEVO;MÊ¯CZYZNA;39;20850073
BENEDICT;MÊ¯CZYZNA;39;20850112
SONNY;MÊ¯CZYZNA;39;20850151
BASTIEN;MÊ¯CZYZNA;39;20850190
AUDRIUS;MÊ¯CZYZNA;39;20850229
ZENOVIY;MÊ¯CZYZNA;39;20850268
CESARE;MÊ¯CZYZNA;39;20850307
EWAN;MÊ¯CZYZNA;39;20850346
SWIATOSLAW;MÊ¯CZYZNA;39;20850385
ROLANDI;MÊ¯CZYZNA;39;20850424
TERENCE;MÊ¯CZYZNA;39;20850463
YUKHYM;MÊ¯CZYZNA;39;20850502
ALBAN;MÊ¯CZYZNA;39;20850541
GAREGIN;MÊ¯CZYZNA;39;20850580
SARKIS;MÊ¯CZYZNA;39;20850619
RAMY;MÊ¯CZYZNA;39;20850658
GILBERTO;MÊ¯CZYZNA;39;20850697
UGUR;MÊ¯CZYZNA;39;20850736
DANY;MÊ¯CZYZNA;38;20850774
JOSZKO;MÊ¯CZYZNA;38;20850812
BOLESLAV;MÊ¯CZYZNA;38;20850850
HARRI;MÊ¯CZYZNA;38;20850888
ALIBEK;MÊ¯CZYZNA;38;20850926
CHANG;MÊ¯CZYZNA;38;20850964
LUBOSZ;MÊ¯CZYZNA;38;20851002
YAAKOV;MÊ¯CZYZNA;38;20851040
DIAS;MÊ¯CZYZNA;38;20851078
TIMOTHÉE;MÊ¯CZYZNA;38;20851116
WARREN;MÊ¯CZYZNA;38;20851154
DANEK;MÊ¯CZYZNA;38;20851192
DANILL;MÊ¯CZYZNA;38;20851230
ODYS;MÊ¯CZYZNA;38;20851268
ADRIAAN;MÊ¯CZYZNA;38;20851306
CHRISTIAAN;MÊ¯CZYZNA;38;20851344
BARIS;MÊ¯CZYZNA;38;20851382
AREN;MÊ¯CZYZNA;38;20851420
OVIDIU;MÊ¯CZYZNA;38;20851458
TAKUDZWA;MÊ¯CZYZNA;38;20851496
ANDRI;MÊ¯CZYZNA;38;20851534
EGE;MÊ¯CZYZNA;38;20851572
HARY;MÊ¯CZYZNA;38;20851610
LENNOX;MÊ¯CZYZNA;38;20851648
KRISTOPHER;MÊ¯CZYZNA;38;20851686
MING;MÊ¯CZYZNA;38;20851724
SIDNEY;MÊ¯CZYZNA;38;20851762
OLEKSA;MÊ¯CZYZNA;38;20851800
TSIKHAN;MÊ¯CZYZNA;38;20851838
NIKON;MÊ¯CZYZNA;38;20851876
B?LAL;MÊ¯CZYZNA;38;20851914
SINIA;MÊ¯CZYZNA;38;20851952
PRZYBYS£AW;MÊ¯CZYZNA;38;20851990
BARTLOMIEJ;MÊ¯CZYZNA;38;20852028
HARVEY;MÊ¯CZYZNA;38;20852066
HANY;MÊ¯CZYZNA;38;20852104
GLEN;MÊ¯CZYZNA;38;20852142
JITHIN;MÊ¯CZYZNA;38;20852180
GENNADIJ;MÊ¯CZYZNA;38;20852218
TANER;MÊ¯CZYZNA;38;20852256
PATRIZIO;MÊ¯CZYZNA;38;20852294
GEGHAM;MÊ¯CZYZNA;38;20852332
FAMIL;MÊ¯CZYZNA;38;20852370
MANU;MÊ¯CZYZNA;38;20852408
ANDRIIAN;MÊ¯CZYZNA;38;20852446
VINICIUS;MÊ¯CZYZNA;37;20852483
FAKHRIDDIN;MÊ¯CZYZNA;37;20852520
ARAS;MÊ¯CZYZNA;37;20852557
VLADIMIRS;MÊ¯CZYZNA;37;20852594
NASER;MÊ¯CZYZNA;37;20852631
ERSIN;MÊ¯CZYZNA;37;20852668
ARBEN;MÊ¯CZYZNA;37;20852705
MATWII;MÊ¯CZYZNA;37;20852742
TUNG;MÊ¯CZYZNA;37;20852779
SURYA;MÊ¯CZYZNA;37;20852816
SEYED;MÊ¯CZYZNA;37;20852853
RUSTAMJON;MÊ¯CZYZNA;37;20852890
MAN;MÊ¯CZYZNA;37;20852927
RANJIT;MÊ¯CZYZNA;37;20852964
ARAIK;MÊ¯CZYZNA;37;20853001
KAZIM;MÊ¯CZYZNA;37;20853038
MELIH;MÊ¯CZYZNA;37;20853075
AIDAR;MÊ¯CZYZNA;37;20853112
SZABOLCS;MÊ¯CZYZNA;37;20853149
SHAUL;MÊ¯CZYZNA;37;20853186
GASAN;MÊ¯CZYZNA;37;20853223
YARDEN;MÊ¯CZYZNA;37;20853260
CLAUDIU;MÊ¯CZYZNA;37;20853297
SADIK;MÊ¯CZYZNA;37;20853334
HORACIO;MÊ¯CZYZNA;37;20853371
CATALIN;MÊ¯CZYZNA;37;20853408
MIKKEL;MÊ¯CZYZNA;37;20853445
EFREM;MÊ¯CZYZNA;37;20853482
TUNCAY;MÊ¯CZYZNA;37;20853519
MIKHAEL;MÊ¯CZYZNA;37;20853556
FIRUZ;MÊ¯CZYZNA;37;20853593
ARAYIK;MÊ¯CZYZNA;37;20853630
JOAQUÍN;MÊ¯CZYZNA;37;20853667
ANTIN;MÊ¯CZYZNA;37;20853704
MÁTÉ;MÊ¯CZYZNA;37;20853741
HISHAM;MÊ¯CZYZNA;37;20853778
SEZGIN;MÊ¯CZYZNA;37;20853815
ROSEN;MÊ¯CZYZNA;37;20853852
ARNON;MÊ¯CZYZNA;37;20853889
VASILIY;MÊ¯CZYZNA;37;20853926
RAINHOLD;MÊ¯CZYZNA;37;20853963
COSTEL;MÊ¯CZYZNA;37;20854000
GONÇALO;MÊ¯CZYZNA;37;20854037
RADIM;MÊ¯CZYZNA;37;20854074
DANIYIL;MÊ¯CZYZNA;37;20854111
DARWIN;MÊ¯CZYZNA;37;20854148
EDEM;MÊ¯CZYZNA;37;20854185
CONG;MÊ¯CZYZNA;37;20854222
HAKIM;MÊ¯CZYZNA;37;20854259
VILEN;MÊ¯CZYZNA;37;20854296
SARATH;MÊ¯CZYZNA;37;20854333
AYAAN;MÊ¯CZYZNA;37;20854370
JEAN-PAUL;MÊ¯CZYZNA;37;20854407
TADEUSH;MÊ¯CZYZNA;36;20854443
BIKRAM;MÊ¯CZYZNA;36;20854479
JÛRGEN;MÊ¯CZYZNA;36;20854515
FURKAT;MÊ¯CZYZNA;36;20854551
LAURENCE;MÊ¯CZYZNA;36;20854587
STOJAN;MÊ¯CZYZNA;36;20854623
LIN;MÊ¯CZYZNA;36;20854659
RYCHARD;MÊ¯CZYZNA;36;20854695
SEVAK;MÊ¯CZYZNA;36;20854731
IOSYP;MÊ¯CZYZNA;36;20854767
KOSTEK;MÊ¯CZYZNA;36;20854803
FARIZ;MÊ¯CZYZNA;36;20854839
SEYMUR;MÊ¯CZYZNA;36;20854875
DAVRONBEK;MÊ¯CZYZNA;36;20854911
JEAN-MARC;MÊ¯CZYZNA;36;20854947
TALHA;MÊ¯CZYZNA;36;20854983
ABID;MÊ¯CZYZNA;36;20855019
IGORI;MÊ¯CZYZNA;36;20855055
KIAN;MÊ¯CZYZNA;36;20855091
MAMADOU;MÊ¯CZYZNA;36;20855127
RAÚL;MÊ¯CZYZNA;36;20855163
SEFA;MÊ¯CZYZNA;36;20855199
DENISS;MÊ¯CZYZNA;36;20855235
TETIANA;MÊ¯CZYZNA;36;20855271
ZAWISZA;MÊ¯CZYZNA;36;20855307
COSMIN;MÊ¯CZYZNA;36;20855343
ARARAT;MÊ¯CZYZNA;36;20855379
KAMO;MÊ¯CZYZNA;36;20855415
IKER;MÊ¯CZYZNA;36;20855451
RIZWAN;MÊ¯CZYZNA;36;20855487
RIAD;MÊ¯CZYZNA;36;20855523
STAWROS;MÊ¯CZYZNA;36;20855559
TERRY;MÊ¯CZYZNA;36;20855595
SAULIUS;MÊ¯CZYZNA;36;20855631
ALISTAIR;MÊ¯CZYZNA;36;20855667
DIMITRII;MÊ¯CZYZNA;36;20855703
PRAMOD;MÊ¯CZYZNA;36;20855739
SHALOM;MÊ¯CZYZNA;36;20855775
MANFRYD;MÊ¯CZYZNA;36;20855811
PIERO;MÊ¯CZYZNA;36;20855847
MITKO;MÊ¯CZYZNA;36;20855883
TOGHRUL;MÊ¯CZYZNA;36;20855919
OLIMJON;MÊ¯CZYZNA;36;20855955
YULIYAN;MÊ¯CZYZNA;36;20855991
NICOLAAS;MÊ¯CZYZNA;36;20856027
YAªAR;MÊ¯CZYZNA;36;20856063
VAHID;MÊ¯CZYZNA;36;20856099
VOJTÌCH;MÊ¯CZYZNA;36;20856135
IHNATII;MÊ¯CZYZNA;36;20856171
GERGELY;MÊ¯CZYZNA;36;20856207
OLLY;MÊ¯CZYZNA;36;20856243
LESLIE;MÊ¯CZYZNA;36;20856279
MANUCHARI;MÊ¯CZYZNA;36;20856315
MOHSEN;MÊ¯CZYZNA;36;20856351
YACINE;MÊ¯CZYZNA;36;20856387
GEORGIS;MÊ¯CZYZNA;36;20856423
KHUSNIDDIN;MÊ¯CZYZNA;36;20856459
VLADISLAVS;MÊ¯CZYZNA;36;20856495
DARIUSH;MÊ¯CZYZNA;36;20856531
KIRY£;MÊ¯CZYZNA;36;20856567
KASIM;MÊ¯CZYZNA;36;20856603
ANJEI;MÊ¯CZYZNA;36;20856639
JHON;MÊ¯CZYZNA;36;20856675
BONAWENTURA;MÊ¯CZYZNA;36;20856711
MAHENDRA;MÊ¯CZYZNA;36;20856747
TAYFUN;MÊ¯CZYZNA;35;20856782
V?N;MÊ¯CZYZNA;35;20856817
NARENDRA;MÊ¯CZYZNA;35;20856852
HUSEIN;MÊ¯CZYZNA;35;20856887
HONORIUSZ;MÊ¯CZYZNA;35;20856922
IVICA;MÊ¯CZYZNA;35;20856957
HATEM;MÊ¯CZYZNA;35;20856992
BEZHAN;MÊ¯CZYZNA;35;20857027
MAKHIR;MÊ¯CZYZNA;35;20857062
ASLANBEK;MÊ¯CZYZNA;35;20857097
QUAN;MÊ¯CZYZNA;35;20857132
LENNY;MÊ¯CZYZNA;35;20857167
SAMAT;MÊ¯CZYZNA;35;20857202
SHANKAR;MÊ¯CZYZNA;35;20857237
THIBAUT;MÊ¯CZYZNA;35;20857272
MILANO;MÊ¯CZYZNA;35;20857307
JEAN-LUC;MÊ¯CZYZNA;35;20857342
ANKUR;MÊ¯CZYZNA;35;20857377
FAZLIDDIN;MÊ¯CZYZNA;35;20857412
EKO;MÊ¯CZYZNA;35;20857447
UMESH;MÊ¯CZYZNA;35;20857482
CODY;MÊ¯CZYZNA;35;20857517
LINAS;MÊ¯CZYZNA;35;20857552
KENZO;MÊ¯CZYZNA;35;20857587
JAN KANTY;MÊ¯CZYZNA;35;20857622
DURSUN;MÊ¯CZYZNA;35;20857657
DATUNA;MÊ¯CZYZNA;35;20857692
COSIMO;MÊ¯CZYZNA;35;20857727
IGAL;MÊ¯CZYZNA;35;20857762
SAAR;MÊ¯CZYZNA;35;20857797
MHER;MÊ¯CZYZNA;35;20857832
DOTAN;MÊ¯CZYZNA;35;20857867
BABAK;MÊ¯CZYZNA;35;20857902
O?EGS;MÊ¯CZYZNA;35;20857937
MUZAFFER;MÊ¯CZYZNA;35;20857972
OSVALDO;MÊ¯CZYZNA;35;20858007
ASHUTOSH;MÊ¯CZYZNA;35;20858042
EDDY;MÊ¯CZYZNA;35;20858077
XIANG;MÊ¯CZYZNA;35;20858112
NOUREDDINE;MÊ¯CZYZNA;35;20858147
SAIF;MÊ¯CZYZNA;35;20858182
DACHI;MÊ¯CZYZNA;35;20858217
ANEESH;MÊ¯CZYZNA;35;20858252
EVHENII;MÊ¯CZYZNA;35;20858287
NASSIM;MÊ¯CZYZNA;35;20858322
MAYANK;MÊ¯CZYZNA;35;20858357
CHI;MÊ¯CZYZNA;35;20858392
OZ;MÊ¯CZYZNA;35;20858427
KARLOS;MÊ¯CZYZNA;35;20858462
RAMADAN;MÊ¯CZYZNA;35;20858497
PRZEMEK;MÊ¯CZYZNA;35;20858532
CHIRIL;MÊ¯CZYZNA;35;20858567
JANKIEL;MÊ¯CZYZNA;35;20858602
STAVROS;MÊ¯CZYZNA;35;20858637
AKYM;MÊ¯CZYZNA;35;20858672
DIYORBEK;MÊ¯CZYZNA;35;20858707
ABDELAZIZ;MÊ¯CZYZNA;35;20858742
WLADISLAW;MÊ¯CZYZNA;34;20858776
RAVAN;MÊ¯CZYZNA;34;20858810
EDGARD;MÊ¯CZYZNA;34;20858844
MARTINUS;MÊ¯CZYZNA;34;20858878
DZHABRAIL;MÊ¯CZYZNA;34;20858912
DUC ANH;MÊ¯CZYZNA;34;20858946
ARKADIUS;MÊ¯CZYZNA;34;20858980
DANIYAL;MÊ¯CZYZNA;34;20859014
AMIRKHAN;MÊ¯CZYZNA;34;20859048
BIBEK;MÊ¯CZYZNA;34;20859082
RONAN;MÊ¯CZYZNA;34;20859116
ADLAN;MÊ¯CZYZNA;34;20859150
PELEG;MÊ¯CZYZNA;34;20859184
TAFADZWA;MÊ¯CZYZNA;34;20859218
DENIEL;MÊ¯CZYZNA;34;20859252
ELIZBAR;MÊ¯CZYZNA;34;20859286
ANDEJ;MÊ¯CZYZNA;34;20859320
SAIFUL;MÊ¯CZYZNA;34;20859354
ELYOR;MÊ¯CZYZNA;34;20859388
ÁKOS;MÊ¯CZYZNA;34;20859422
SERIK;MÊ¯CZYZNA;34;20859456
TADEO;MÊ¯CZYZNA;34;20859490
ALWARO;MÊ¯CZYZNA;34;20859524
ROIAL;MÊ¯CZYZNA;34;20859558
WOJS£AW;MÊ¯CZYZNA;34;20859592
FAHAD;MÊ¯CZYZNA;34;20859626
SUSHIL;MÊ¯CZYZNA;34;20859660
ADRIANUS;MÊ¯CZYZNA;34;20859694
FRYC;MÊ¯CZYZNA;34;20859728
TU?N ANH;MÊ¯CZYZNA;34;20859762
ZAALI;MÊ¯CZYZNA;34;20859796
AMNON;MÊ¯CZYZNA;34;20859830
MAOR;MÊ¯CZYZNA;34;20859864
TEOMAN;MÊ¯CZYZNA;34;20859898
RODEL;MÊ¯CZYZNA;34;20859932
CELSO;MÊ¯CZYZNA;34;20859966
ATILLA;MÊ¯CZYZNA;34;20860000
SHYAM;MÊ¯CZYZNA;34;20860034
ROBERTAS;MÊ¯CZYZNA;34;20860068
ANDRYI;MÊ¯CZYZNA;34;20860102
SAMEH;MÊ¯CZYZNA;34;20860136
GASPARD;MÊ¯CZYZNA;34;20860170
MOISEI;MÊ¯CZYZNA;34;20860204
JURABEK;MÊ¯CZYZNA;34;20860238
GOTTFRIED;MÊ¯CZYZNA;34;20860272
JOSIP;MÊ¯CZYZNA;34;20860306
BASHIR;MÊ¯CZYZNA;34;20860340
MARUF;MÊ¯CZYZNA;34;20860374
DARIY;MÊ¯CZYZNA;34;20860408
JITENDRA;MÊ¯CZYZNA;34;20860442
IMRE;MÊ¯CZYZNA;34;20860476
RAVINDER;MÊ¯CZYZNA;34;20860510
TATENDA;MÊ¯CZYZNA;34;20860544
SIROJIDDIN;MÊ¯CZYZNA;34;20860578
SAVERIO;MÊ¯CZYZNA;33;20860611
TAYLOR;MÊ¯CZYZNA;33;20860644
ISSA;MÊ¯CZYZNA;33;20860677
ZLATKO;MÊ¯CZYZNA;33;20860710
ABU;MÊ¯CZYZNA;33;20860743
YOUNESS;MÊ¯CZYZNA;33;20860776
NODIR;MÊ¯CZYZNA;33;20860809
SHAKHZOD;MÊ¯CZYZNA;33;20860842
DALER;MÊ¯CZYZNA;33;20860875
REMZI;MÊ¯CZYZNA;33;20860908
STIWEN;MÊ¯CZYZNA;33;20860941
IBROKHIM;MÊ¯CZYZNA;33;20860974
MUKHAMMADJON;MÊ¯CZYZNA;33;20861007
MANSOUR;MÊ¯CZYZNA;33;20861040
ULVI;MÊ¯CZYZNA;33;20861073
CHARALAMPOS;MÊ¯CZYZNA;33;20861106
ISAK;MÊ¯CZYZNA;33;20861139
AURÉLIEN;MÊ¯CZYZNA;33;20861172
BILLY;MÊ¯CZYZNA;33;20861205
KOSTYANTIN;MÊ¯CZYZNA;33;20861238
HARPREET;MÊ¯CZYZNA;33;20861271
JEAN-PHILIPPE;MÊ¯CZYZNA;33;20861304
DANYYL;MÊ¯CZYZNA;33;20861337
AVAZBEK;MÊ¯CZYZNA;33;20861370
MILAD;MÊ¯CZYZNA;33;20861403
NIDAL;MÊ¯CZYZNA;33;20861436
RAMUALD;MÊ¯CZYZNA;33;20861469
RUDY;MÊ¯CZYZNA;33;20861502
DILSHODBEK;MÊ¯CZYZNA;33;20861535
AKMALJON;MÊ¯CZYZNA;33;20861568
GHASSAN;MÊ¯CZYZNA;33;20861601
CASIMIR;MÊ¯CZYZNA;33;20861634
VASCO;MÊ¯CZYZNA;33;20861667
BOBBY;MÊ¯CZYZNA;33;20861700
TINO;MÊ¯CZYZNA;33;20861733
??C;MÊ¯CZYZNA;33;20861766
KHURSHID;MÊ¯CZYZNA;33;20861799
RENZO;MÊ¯CZYZNA;33;20861832
LIRON;MÊ¯CZYZNA;33;20861865
DAVUT;MÊ¯CZYZNA;33;20861898
TABRIZ;MÊ¯CZYZNA;33;20861931
MORRIS;MÊ¯CZYZNA;33;20861964
YEFREM;MÊ¯CZYZNA;33;20861997
GOKUL;MÊ¯CZYZNA;33;20862030
MET?N;MÊ¯CZYZNA;33;20862063
HONORAT;MÊ¯CZYZNA;33;20862096
RAFFAEL;MÊ¯CZYZNA;33;20862129
TUSHAR;MÊ¯CZYZNA;33;20862162
SHOHRAT;MÊ¯CZYZNA;33;20862195
ILLIIA;MÊ¯CZYZNA;33;20862228
ALY;MÊ¯CZYZNA;33;20862261
ADHAM;MÊ¯CZYZNA;33;20862294
EVHEN;MÊ¯CZYZNA;33;20862327
ZURIKO;MÊ¯CZYZNA;33;20862360
KASHIF;MÊ¯CZYZNA;33;20862393
NORBERTO;MÊ¯CZYZNA;33;20862426
IAIN;MÊ¯CZYZNA;33;20862459
LIAN;MÊ¯CZYZNA;33;20862492
AUGUSTINE;MÊ¯CZYZNA;33;20862525
NURZHAN;MÊ¯CZYZNA;33;20862558
BALAJI;MÊ¯CZYZNA;33;20862591
PRATIK;MÊ¯CZYZNA;33;20862624
MICKAËL;MÊ¯CZYZNA;32;20862656
ADAR;MÊ¯CZYZNA;32;20862688
BISER;MÊ¯CZYZNA;32;20862720
EGEMEN;MÊ¯CZYZNA;32;20862752
MISHIKO;MÊ¯CZYZNA;32;20862784
YURIJ;MÊ¯CZYZNA;32;20862816
FUAT;MÊ¯CZYZNA;32;20862848
THEODORUS;MÊ¯CZYZNA;32;20862880
GABRIELI;MÊ¯CZYZNA;32;20862912
TARUN;MÊ¯CZYZNA;32;20862944
HRYHORY;MÊ¯CZYZNA;32;20862976
PAVAN;MÊ¯CZYZNA;32;20863008
KOSTADIN;MÊ¯CZYZNA;32;20863040
OCTAVIO;MÊ¯CZYZNA;32;20863072
DEV;MÊ¯CZYZNA;32;20863104
IMAN;MÊ¯CZYZNA;32;20863136
HENRIKH;MÊ¯CZYZNA;32;20863168
ALP;MÊ¯CZYZNA;32;20863200
DANIËL;MÊ¯CZYZNA;32;20863232
WASIL;MÊ¯CZYZNA;32;20863264
MADHU;MÊ¯CZYZNA;32;20863296
BERTRAM;MÊ¯CZYZNA;32;20863328
HYUSEIN;MÊ¯CZYZNA;32;20863360
BOBUR;MÊ¯CZYZNA;32;20863392
MARJAN;MÊ¯CZYZNA;32;20863424
XU;MÊ¯CZYZNA;32;20863456
PHUONG;MÊ¯CZYZNA;32;20863488
NICOLO';MÊ¯CZYZNA;32;20863520
MÜSLÜM;MÊ¯CZYZNA;32;20863552
JAFAR;MÊ¯CZYZNA;32;20863584
MIRCO;MÊ¯CZYZNA;32;20863616
SHAKED;MÊ¯CZYZNA;32;20863648
HIEU;MÊ¯CZYZNA;32;20863680
RAJA;MÊ¯CZYZNA;32;20863712
OLEKSY;MÊ¯CZYZNA;32;20863744
WITALIUSZ;MÊ¯CZYZNA;32;20863776
ROEE;MÊ¯CZYZNA;32;20863808
SAROJ;MÊ¯CZYZNA;32;20863840
HIROYUKI;MÊ¯CZYZNA;32;20863872
ALMOG;MÊ¯CZYZNA;32;20863904
SOREN;MÊ¯CZYZNA;32;20863936
ARKHIP;MÊ¯CZYZNA;32;20863968
IASON;MÊ¯CZYZNA;32;20864000
PATRYCJAN;MÊ¯CZYZNA;32;20864032
IHSAN;MÊ¯CZYZNA;32;20864064
CÉSAR;MÊ¯CZYZNA;32;20864096
FEODOR;MÊ¯CZYZNA;32;20864128
KOSTA;MÊ¯CZYZNA;32;20864160
APOSTOLIS;MÊ¯CZYZNA;32;20864192
MIKAYEL;MÊ¯CZYZNA;32;20864224
METODY;MÊ¯CZYZNA;32;20864256
IQBAL;MÊ¯CZYZNA;32;20864288
GRZES£AW;MÊ¯CZYZNA;32;20864320
CASPAR;MÊ¯CZYZNA;32;20864352
QI;MÊ¯CZYZNA;32;20864384
LIAVON;MÊ¯CZYZNA;32;20864416
JÓZEFAT;MÊ¯CZYZNA;32;20864448
RAJEEV;MÊ¯CZYZNA;32;20864480
INNOCENT;MÊ¯CZYZNA;32;20864512
BHARAT;MÊ¯CZYZNA;32;20864544
OKTAVIAN;MÊ¯CZYZNA;32;20864576
DAVRON;MÊ¯CZYZNA;32;20864608
KHURSHED;MÊ¯CZYZNA;32;20864640
ZAIN;MÊ¯CZYZNA;32;20864672
SHARIF;MÊ¯CZYZNA;32;20864704
IMON;MÊ¯CZYZNA;32;20864736
EMERYK;MÊ¯CZYZNA;31;20864767
MÁRIO;MÊ¯CZYZNA;31;20864798
TAMIRLAN;MÊ¯CZYZNA;31;20864829
JOËL;MÊ¯CZYZNA;31;20864860
MÁTYÁS;MÊ¯CZYZNA;31;20864891
ARIZ;MÊ¯CZYZNA;31;20864922
TIHOMIR;MÊ¯CZYZNA;31;20864953
TURPAL-ALI;MÊ¯CZYZNA;31;20864984
SHUHRAT;MÊ¯CZYZNA;31;20865015
PRESTON;MÊ¯CZYZNA;31;20865046
VALI;MÊ¯CZYZNA;31;20865077
WASILIJ;MÊ¯CZYZNA;31;20865108
TARLAN;MÊ¯CZYZNA;31;20865139
GIEDRIUS;MÊ¯CZYZNA;31;20865170
MUKHTAR;MÊ¯CZYZNA;31;20865201
EZIZ;MÊ¯CZYZNA;31;20865232
TROY;MÊ¯CZYZNA;31;20865263
NABI;MÊ¯CZYZNA;31;20865294
SILVIU;MÊ¯CZYZNA;31;20865325
DON;MÊ¯CZYZNA;31;20865356
VAKHID;MÊ¯CZYZNA;31;20865387
MAKSIMS;MÊ¯CZYZNA;31;20865418
HUGH;MÊ¯CZYZNA;31;20865449
SWIATOS£AW;MÊ¯CZYZNA;31;20865480
GÜRKAN;MÊ¯CZYZNA;31;20865511
PANKRACY;MÊ¯CZYZNA;31;20865542
KANAT;MÊ¯CZYZNA;31;20865573
CASEY;MÊ¯CZYZNA;31;20865604
ELIE;MÊ¯CZYZNA;31;20865635
NASIM;MÊ¯CZYZNA;31;20865666
DUNCAN;MÊ¯CZYZNA;31;20865697
BENI;MÊ¯CZYZNA;31;20865728
AKIN;MÊ¯CZYZNA;31;20865759
NASSER;MÊ¯CZYZNA;31;20865790
BAGRAT;MÊ¯CZYZNA;31;20865821
ARTURS;MÊ¯CZYZNA;31;20865852
JOSUE;MÊ¯CZYZNA;31;20865883
ARNALDO;MÊ¯CZYZNA;31;20865914
DONATO;MÊ¯CZYZNA;31;20865945
BEGLAR;MÊ¯CZYZNA;31;20865976
YEFYM;MÊ¯CZYZNA;31;20866007
ONDREJ;MÊ¯CZYZNA;31;20866038
LO?C;MÊ¯CZYZNA;31;20866069
CHRISTO;MÊ¯CZYZNA;31;20866100
ARYSTARKH;MÊ¯CZYZNA;31;20866131
GIGLA;MÊ¯CZYZNA;31;20866162
NGUYEN;MÊ¯CZYZNA;31;20866193
RAKHIM;MÊ¯CZYZNA;31;20866224
TEYMUR;MÊ¯CZYZNA;31;20866255
CRISTIN;MÊ¯CZYZNA;31;20866286
YAKOUB;MÊ¯CZYZNA;31;20866317
DANISLAV;MÊ¯CZYZNA;31;20866348
MAZEN;MÊ¯CZYZNA;31;20866379
TRUONG;MÊ¯CZYZNA;31;20866410
BENCE;MÊ¯CZYZNA;31;20866441
EDUARDS;MÊ¯CZYZNA;31;20866472
KISHORE;MÊ¯CZYZNA;31;20866503
MIHAILS;MÊ¯CZYZNA;31;20866534
RAIMONDS;MÊ¯CZYZNA;31;20866565
CELAL;MÊ¯CZYZNA;31;20866596
RIFAT;MÊ¯CZYZNA;31;20866627
YANKO;MÊ¯CZYZNA;31;20866658
RISHI;MÊ¯CZYZNA;31;20866689
AIAZ;MÊ¯CZYZNA;31;20866720
DAGOBERT;MÊ¯CZYZNA;31;20866751
EDI;MÊ¯CZYZNA;31;20866782
TINASHE;MÊ¯CZYZNA;31;20866813
LÉONARD;MÊ¯CZYZNA;31;20866844
GINTARAS;MÊ¯CZYZNA;31;20866875
JORIS;MÊ¯CZYZNA;31;20866906
ÖNDER;MÊ¯CZYZNA;31;20866937
RAOUL;MÊ¯CZYZNA;30;20866967
O?UZHAN;MÊ¯CZYZNA;30;20866997
LOTFI;MÊ¯CZYZNA;30;20867027
RORY;MÊ¯CZYZNA;30;20867057
ÜM?T;MÊ¯CZYZNA;30;20867087
RAYEN;MÊ¯CZYZNA;30;20867117
WILHELMUS;MÊ¯CZYZNA;30;20867147
SIVA;MÊ¯CZYZNA;30;20867177
JUNIOR;MÊ¯CZYZNA;30;20867207
DO?AN;MÊ¯CZYZNA;30;20867237
SELÇUK;MÊ¯CZYZNA;30;20867267
SHIVA;MÊ¯CZYZNA;30;20867297
AVINASH;MÊ¯CZYZNA;30;20867327
FAZIL;MÊ¯CZYZNA;30;20867357
SAVELIY;MÊ¯CZYZNA;30;20867387
GERMÁN;MÊ¯CZYZNA;30;20867417
KAPIL;MÊ¯CZYZNA;30;20867447
LORENZ;MÊ¯CZYZNA;30;20867477
TROKHYM;MÊ¯CZYZNA;30;20867507
EVREN;MÊ¯CZYZNA;30;20867537
TYHRAN;MÊ¯CZYZNA;30;20867567
JAE;MÊ¯CZYZNA;30;20867597
MEYLIS;MÊ¯CZYZNA;30;20867627
BARTHOLOMEW;MÊ¯CZYZNA;30;20867657
MANDEEP;MÊ¯CZYZNA;30;20867687
SABUHI;MÊ¯CZYZNA;30;20867717
DANII£;MÊ¯CZYZNA;30;20867747
SERVET;MÊ¯CZYZNA;30;20867777
SANJARBEK;MÊ¯CZYZNA;30;20867807
HOUSSEM;MÊ¯CZYZNA;30;20867837
ROMMEL;MÊ¯CZYZNA;30;20867867
JALIL;MÊ¯CZYZNA;30;20867897
ELIOTT;MÊ¯CZYZNA;30;20867927
ELDOR;MÊ¯CZYZNA;30;20867957
DHRUV;MÊ¯CZYZNA;30;20867987
CHIRAG;MÊ¯CZYZNA;30;20868017
D?NG;MÊ¯CZYZNA;30;20868047
NADEEM;MÊ¯CZYZNA;30;20868077
LORIS;MÊ¯CZYZNA;30;20868107
TIHON;MÊ¯CZYZNA;30;20868137
LINH;MÊ¯CZYZNA;30;20868167
ARZUMAN;MÊ¯CZYZNA;30;20868197
ZHIVKO;MÊ¯CZYZNA;30;20868227
RESUL;MÊ¯CZYZNA;30;20868257
SIDDHARTH;MÊ¯CZYZNA;30;20868287
TALGAT;MÊ¯CZYZNA;30;20868317
KENT;MÊ¯CZYZNA;30;20868347
GEERT;MÊ¯CZYZNA;30;20868377
EDISHER;MÊ¯CZYZNA;30;20868407
FIKRET;MÊ¯CZYZNA;30;20868437
HA;MÊ¯CZYZNA;30;20868467
AGIM;MÊ¯CZYZNA;30;20868497
NAHUEL;MÊ¯CZYZNA;30;20868527
ABDELLAH;MÊ¯CZYZNA;30;20868557
VAN TUAN;MÊ¯CZYZNA;30;20868587
DILIP;MÊ¯CZYZNA;30;20868617
GODWIN;MÊ¯CZYZNA;30;20868647
WODZIS£AW;MÊ¯CZYZNA;30;20868677
KENNY;MÊ¯CZYZNA;30;20868707
IKROM;MÊ¯CZYZNA;30;20868737
ILDEFONS;MÊ¯CZYZNA;30;20868767
STELIAN;MÊ¯CZYZNA;30;20868797
WIÊTOS£AW;MÊ¯CZYZNA;30;20868827
ASKHAB;MÊ¯CZYZNA;30;20868857
SAHIB;MÊ¯CZYZNA;30;20868887
JIM;MÊ¯CZYZNA;30;20868917
NAMIR;MÊ¯CZYZNA;30;20868947
GEDEON;MÊ¯CZYZNA;30;20868977
ABROR;MÊ¯CZYZNA;30;20869007
JEAN-BAPTISTE;MÊ¯CZYZNA;30;20869037
CHENG;MÊ¯CZYZNA;30;20869067
ABHILASH;MÊ¯CZYZNA;30;20869097
MARCELINO;MÊ¯CZYZNA;30;20869127
FAN;MÊ¯CZYZNA;30;20869157
FEI;MÊ¯CZYZNA;30;20869187
MATAS;MÊ¯CZYZNA;30;20869217
PRADIP;MÊ¯CZYZNA;30;20869247
NORWID;MÊ¯CZYZNA;30;20869277
CHUNG;MÊ¯CZYZNA;29;20869306
LIVIO;MÊ¯CZYZNA;29;20869335
RONY;MÊ¯CZYZNA;29;20869364
DAINIUS;MÊ¯CZYZNA;29;20869393
MUHARREM;MÊ¯CZYZNA;29;20869422
MAJER;MÊ¯CZYZNA;29;20869451
VAN THANG;MÊ¯CZYZNA;29;20869480
BASHAR;MÊ¯CZYZNA;29;20869509
UGO;MÊ¯CZYZNA;29;20869538
VIET ANH;MÊ¯CZYZNA;29;20869567
ALEXSANDER;MÊ¯CZYZNA;29;20869596
MASOUD;MÊ¯CZYZNA;29;20869625
ARJAN;MÊ¯CZYZNA;29;20869654
SILVANO;MÊ¯CZYZNA;29;20869683
GERALT;MÊ¯CZYZNA;29;20869712
IHNATSI;MÊ¯CZYZNA;29;20869741
SLAWOMIR;MÊ¯CZYZNA;29;20869770
DYMITRIOS;MÊ¯CZYZNA;29;20869799
IASHAR;MÊ¯CZYZNA;29;20869828
H?NG;MÊ¯CZYZNA;29;20869857
WITOSZ;MÊ¯CZYZNA;29;20869886
HERVÉ;MÊ¯CZYZNA;29;20869915
HAYDAR;MÊ¯CZYZNA;29;20869944
KULDEEP;MÊ¯CZYZNA;29;20869973
HORDIY;MÊ¯CZYZNA;29;20870002
HO?NG;MÊ¯CZYZNA;29;20870031
¯ELIS£AW;MÊ¯CZYZNA;29;20870060
CÜNEYT;MÊ¯CZYZNA;29;20870089
QUANG HUY;MÊ¯CZYZNA;29;20870118
SLAVA;MÊ¯CZYZNA;29;20870147
EDISON;MÊ¯CZYZNA;29;20870176
BAHRAM;MÊ¯CZYZNA;29;20870205
PASHA;MÊ¯CZYZNA;29;20870234
SHAKIR;MÊ¯CZYZNA;29;20870263
TAKESHI;MÊ¯CZYZNA;29;20870292
ARASH;MÊ¯CZYZNA;29;20870321
SLAVI;MÊ¯CZYZNA;29;20870350
ORESTES;MÊ¯CZYZNA;29;20870379
PIYUSH;MÊ¯CZYZNA;29;20870408
DAWIT;MÊ¯CZYZNA;29;20870437
MARKIJAN;MÊ¯CZYZNA;29;20870466
MARWIN;MÊ¯CZYZNA;29;20870495
KHACHIK;MÊ¯CZYZNA;29;20870524
FABIANO;MÊ¯CZYZNA;29;20870553
SANDIP;MÊ¯CZYZNA;29;20870582
LEANDER;MÊ¯CZYZNA;29;20870611
OBINNA;MÊ¯CZYZNA;29;20870640
RUEL;MÊ¯CZYZNA;29;20870669
SPYRIDON;MÊ¯CZYZNA;29;20870698
JIØI;MÊ¯CZYZNA;29;20870727
MOVSAR;MÊ¯CZYZNA;29;20870756
PRANAV;MÊ¯CZYZNA;29;20870785
VAZGEN;MÊ¯CZYZNA;29;20870814
BAKHTIAR;MÊ¯CZYZNA;29;20870843
HOVIK;MÊ¯CZYZNA;29;20870872
DOVRAN;MÊ¯CZYZNA;29;20870901
TATO;MÊ¯CZYZNA;29;20870930
GARNIK;MÊ¯CZYZNA;29;20870959
YACOB;MÊ¯CZYZNA;29;20870988
BAKURI;MÊ¯CZYZNA;29;20871017
AND¯ELO;MÊ¯CZYZNA;29;20871046
NOVRUZ;MÊ¯CZYZNA;29;20871075
OLZHAS;MÊ¯CZYZNA;29;20871104
FLORENT;MÊ¯CZYZNA;29;20871133
PAULIUS;MÊ¯CZYZNA;29;20871162
MURAZ;MÊ¯CZYZNA;29;20871191
ORION;MÊ¯CZYZNA;29;20871220
SAKHIL;MÊ¯CZYZNA;29;20871249
AITOR;MÊ¯CZYZNA;29;20871278
VIT?LIJS;MÊ¯CZYZNA;29;20871307
HANS-JÜRGEN;MÊ¯CZYZNA;29;20871336
LATIF;MÊ¯CZYZNA;29;20871365
ELBRUS;MÊ¯CZYZNA;29;20871394
AJITH;MÊ¯CZYZNA;29;20871423
RENAN;MÊ¯CZYZNA;29;20871452
TH?NH;MÊ¯CZYZNA;29;20871481
EPHRAIM;MÊ¯CZYZNA;29;20871510
JOAKIM;MÊ¯CZYZNA;29;20871539
RODRYG;MÊ¯CZYZNA;29;20871568
EYÜP;MÊ¯CZYZNA;29;20871597
AYKHAN;MÊ¯CZYZNA;29;20871626
BÁLINT;MÊ¯CZYZNA;29;20871655
CAMILLO;MÊ¯CZYZNA;29;20871684
DANIAL;MÊ¯CZYZNA;29;20871713
MISZEL;MÊ¯CZYZNA;29;20871742
CHOL;MÊ¯CZYZNA;29;20871771
ENIS;MÊ¯CZYZNA;29;20871800
TINOTENDA;MÊ¯CZYZNA;29;20871829
ILKER;MÊ¯CZYZNA;29;20871858
JUHA;MÊ¯CZYZNA;29;20871887
ISLOMJON;MÊ¯CZYZNA;29;20871916
ELTON;MÊ¯CZYZNA;29;20871945
PHRIDON;MÊ¯CZYZNA;28;20871973
HRANT;MÊ¯CZYZNA;28;20872001
HUU;MÊ¯CZYZNA;28;20872029
SRINU;MÊ¯CZYZNA;28;20872057
JOHNSON;MÊ¯CZYZNA;28;20872085
NEERAJ;MÊ¯CZYZNA;28;20872113
GOTARD;MÊ¯CZYZNA;28;20872141
GAYRAT;MÊ¯CZYZNA;28;20872169
GYULA;MÊ¯CZYZNA;28;20872197
HUI;MÊ¯CZYZNA;28;20872225
RIMAS;MÊ¯CZYZNA;28;20872253
TALAL;MÊ¯CZYZNA;28;20872281
ROLANDAS;MÊ¯CZYZNA;28;20872309
BÉLA;MÊ¯CZYZNA;28;20872337
SHUAI;MÊ¯CZYZNA;28;20872365
NICOLAUS;MÊ¯CZYZNA;28;20872393
SUBASH;MÊ¯CZYZNA;28;20872421
VOLODOMYR;MÊ¯CZYZNA;28;20872449
CLEMENT;MÊ¯CZYZNA;28;20872477
THÉODORE;MÊ¯CZYZNA;28;20872505
DEMUR;MÊ¯CZYZNA;28;20872533
MIHAJLO;MÊ¯CZYZNA;28;20872561
GRAEME;MÊ¯CZYZNA;28;20872589
JÉRÉMIE;MÊ¯CZYZNA;28;20872617
BRETT;MÊ¯CZYZNA;28;20872645
MIRZOKHID;MÊ¯CZYZNA;28;20872673
ASKHAT;MÊ¯CZYZNA;28;20872701
CHANDAN;MÊ¯CZYZNA;28;20872729
AZAMJON;MÊ¯CZYZNA;28;20872757
DIONIS;MÊ¯CZYZNA;28;20872785
ROBERTS;MÊ¯CZYZNA;28;20872813
YUZEF;MÊ¯CZYZNA;28;20872841
KOJI;MÊ¯CZYZNA;28;20872869
BENYAMIN;MÊ¯CZYZNA;28;20872897
VAKHA;MÊ¯CZYZNA;28;20872925
RANI;MÊ¯CZYZNA;28;20872953
RIZA;MÊ¯CZYZNA;28;20872981
KRISTIJAN;MÊ¯CZYZNA;28;20873009
MARTINS;MÊ¯CZYZNA;28;20873037
NATIK;MÊ¯CZYZNA;28;20873065
FARHAN;MÊ¯CZYZNA;28;20873093
VÍCTOR;MÊ¯CZYZNA;28;20873121
CHRYSTOS;MÊ¯CZYZNA;28;20873149
BJ?RN;MÊ¯CZYZNA;28;20873177
KHUSAN;MÊ¯CZYZNA;28;20873205
SEZER;MÊ¯CZYZNA;28;20873233
LENARD;MÊ¯CZYZNA;28;20873261
JANKO;MÊ¯CZYZNA;28;20873289
RAJKUMAR;MÊ¯CZYZNA;28;20873317
DERRICK;MÊ¯CZYZNA;28;20873345
ORUJ;MÊ¯CZYZNA;28;20873373
WOUTER;MÊ¯CZYZNA;28;20873401
IAKOB;MÊ¯CZYZNA;28;20873429
DECLAN;MÊ¯CZYZNA;28;20873457
JEAN-MICHEL;MÊ¯CZYZNA;28;20873485
SHASHANK;MÊ¯CZYZNA;28;20873513
PIUS;MÊ¯CZYZNA;28;20873541
LYUBOMIR;MÊ¯CZYZNA;28;20873569
MARTIJN;MÊ¯CZYZNA;28;20873597
VAIBHAV;MÊ¯CZYZNA;28;20873625
LAUTARO;MÊ¯CZYZNA;28;20873653
YAACOV;MÊ¯CZYZNA;28;20873681
ANOUAR;MÊ¯CZYZNA;28;20873709
POLAD;MÊ¯CZYZNA;28;20873737
OLEGI;MÊ¯CZYZNA;28;20873765
EDNAR;MÊ¯CZYZNA;28;20873793
KHAYAL;MÊ¯CZYZNA;28;20873821
JOANNIS;MÊ¯CZYZNA;28;20873849
YACOUB;MÊ¯CZYZNA;28;20873877
VELI;MÊ¯CZYZNA;28;20873905
AVENIR;MÊ¯CZYZNA;28;20873933
KNUT;MÊ¯CZYZNA;28;20873961
KJELL;MÊ¯CZYZNA;28;20873989
MÁRK;MÊ¯CZYZNA;28;20874017
ENRIKO;MÊ¯CZYZNA;28;20874045
SHATLYK;MÊ¯CZYZNA;28;20874073
KAIS;MÊ¯CZYZNA;28;20874101
YEVSTAKHII;MÊ¯CZYZNA;28;20874129
HOWARD;MÊ¯CZYZNA;28;20874157
PANASHE;MÊ¯CZYZNA;28;20874185
FINLEY;MÊ¯CZYZNA;28;20874213
ZHORA;MÊ¯CZYZNA;28;20874241
MUNIR;MÊ¯CZYZNA;28;20874269
DANIIAR;MÊ¯CZYZNA;28;20874297
ÁLVARO;MÊ¯CZYZNA;28;20874325
DANG;MÊ¯CZYZNA;28;20874353
MICHELANGELO;MÊ¯CZYZNA;28;20874381
HORDIEI;MÊ¯CZYZNA;28;20874409
ASHTON;MÊ¯CZYZNA;28;20874437
AMEDEO;MÊ¯CZYZNA;28;20874465
ABDULKADIR;MÊ¯CZYZNA;28;20874493
ILIR;MÊ¯CZYZNA;28;20874521
TEDDY;MÊ¯CZYZNA;28;20874549
MOR;MÊ¯CZYZNA;28;20874577
D¯ASTIN;MÊ¯CZYZNA;28;20874605
STYLIANOS;MÊ¯CZYZNA;28;20874633
MIKOLAY;MÊ¯CZYZNA;28;20874661
SENAD;MÊ¯CZYZNA;28;20874689
SOTIRIOS;MÊ¯CZYZNA;28;20874717
PASCHALIS;MÊ¯CZYZNA;28;20874745
ATA;MÊ¯CZYZNA;28;20874773
OWIDIUSZ;MÊ¯CZYZNA;28;20874801
MARLEN;MÊ¯CZYZNA;28;20874829
JEFF;MÊ¯CZYZNA;28;20874857
KESHAV;MÊ¯CZYZNA;27;20874884
NERIJUS;MÊ¯CZYZNA;27;20874911
NIRMAL;MÊ¯CZYZNA;27;20874938
HAGAI;MÊ¯CZYZNA;27;20874965
ARTAN;MÊ¯CZYZNA;27;20874992
JUAN CARLOS;MÊ¯CZYZNA;27;20875019
HYUN;MÊ¯CZYZNA;27;20875046
ANTAL;MÊ¯CZYZNA;27;20875073
ZDRAVKO;MÊ¯CZYZNA;27;20875100
EDVINAS;MÊ¯CZYZNA;27;20875127
AVIAD;MÊ¯CZYZNA;27;20875154
JANUS;MÊ¯CZYZNA;27;20875181
EMEKA;MÊ¯CZYZNA;27;20875208
KOEN;MÊ¯CZYZNA;27;20875235
RASMUS;MÊ¯CZYZNA;27;20875262
ESLAM;MÊ¯CZYZNA;27;20875289
HAWIER;MÊ¯CZYZNA;27;20875316
RADIK;MÊ¯CZYZNA;27;20875343
IRWIN;MÊ¯CZYZNA;27;20875370
GLIEB;MÊ¯CZYZNA;27;20875397
AZAM;MÊ¯CZYZNA;27;20875424
SRINIVASA;MÊ¯CZYZNA;27;20875451
LEVENTE;MÊ¯CZYZNA;27;20875478
REYNALDO;MÊ¯CZYZNA;27;20875505
URO;MÊ¯CZYZNA;27;20875532
DESMOND;MÊ¯CZYZNA;27;20875559
HOSSEIN;MÊ¯CZYZNA;27;20875586
IAKOV;MÊ¯CZYZNA;27;20875613
AYUSH;MÊ¯CZYZNA;27;20875640
KELLY;MÊ¯CZYZNA;27;20875667
MARTYNAS;MÊ¯CZYZNA;27;20875694
VIPIN;MÊ¯CZYZNA;27;20875721
MARCELIAN;MÊ¯CZYZNA;27;20875748
RODERICK;MÊ¯CZYZNA;27;20875775
LENNARD;MÊ¯CZYZNA;27;20875802
SHADY;MÊ¯CZYZNA;27;20875829
ANTANAS;MÊ¯CZYZNA;27;20875856
CORRADO;MÊ¯CZYZNA;27;20875883
VAN THANH;MÊ¯CZYZNA;27;20875910
I KADEK;MÊ¯CZYZNA;27;20875937
MATHIS;MÊ¯CZYZNA;27;20875964
MIRIANI;MÊ¯CZYZNA;27;20875991
MAMIA;MÊ¯CZYZNA;27;20876018
TYMEK;MÊ¯CZYZNA;27;20876045
U?UR;MÊ¯CZYZNA;27;20876072
KENJI;MÊ¯CZYZNA;27;20876099
BHIM;MÊ¯CZYZNA;27;20876126
LOUIE;MÊ¯CZYZNA;27;20876153
CLAUDIUS;MÊ¯CZYZNA;27;20876180
EM?RHAN;MÊ¯CZYZNA;27;20876207
RYO;MÊ¯CZYZNA;27;20876234
BADR;MÊ¯CZYZNA;27;20876261
SANZHAR;MÊ¯CZYZNA;27;20876288
KRISTAPS;MÊ¯CZYZNA;27;20876315
IBROKHIMJON;MÊ¯CZYZNA;27;20876342
VEPA;MÊ¯CZYZNA;27;20876369
WASIM;MÊ¯CZYZNA;27;20876396
YANOSH;MÊ¯CZYZNA;27;20876423
??NH;MÊ¯CZYZNA;27;20876450
AMANDEEP;MÊ¯CZYZNA;27;20876477
YARIV;MÊ¯CZYZNA;27;20876504
MYONG;MÊ¯CZYZNA;27;20876531
SVITOZAR;MÊ¯CZYZNA;27;20876558
YALI;MÊ¯CZYZNA;27;20876585
HUA;MÊ¯CZYZNA;27;20876612
ASHWIN;MÊ¯CZYZNA;27;20876639
KHAGANI;MÊ¯CZYZNA;27;20876666
IVERI;MÊ¯CZYZNA;27;20876693
JASMIN;MÊ¯CZYZNA;27;20876720
COREY;MÊ¯CZYZNA;27;20876747
HAKKI;MÊ¯CZYZNA;27;20876774
AGUSTÍN;MÊ¯CZYZNA;27;20876801
COLLINS;MÊ¯CZYZNA;27;20876828
AGRON;MÊ¯CZYZNA;27;20876855
ARVIND;MÊ¯CZYZNA;27;20876882
HICHEM;MÊ¯CZYZNA;27;20876909
KÁROLY;MÊ¯CZYZNA;27;20876936
MANIKANDAN;MÊ¯CZYZNA;27;20876963
ÇA?RI;MÊ¯CZYZNA;27;20876990
SARDAR;MÊ¯CZYZNA;27;20877017
ISLOMBEK;MÊ¯CZYZNA;27;20877044
SABER;MÊ¯CZYZNA;27;20877071
MILJAN;MÊ¯CZYZNA;27;20877098
SUAT;MÊ¯CZYZNA;27;20877125
NACHMAN;MÊ¯CZYZNA;27;20877152
DEZYDERY;MÊ¯CZYZNA;27;20877179
SIMCHA;MÊ¯CZYZNA;27;20877206
BENO;MÊ¯CZYZNA;27;20877233
ANH TU?N;MÊ¯CZYZNA;27;20877260
TH?NG;MÊ¯CZYZNA;27;20877287
PINCHAS;MÊ¯CZYZNA;27;20877314
RAMIS;MÊ¯CZYZNA;27;20877341
MUHAMED;MÊ¯CZYZNA;27;20877368
MOISE;MÊ¯CZYZNA;27;20877395
JANOS;MÊ¯CZYZNA;27;20877422
ZEESHAN;MÊ¯CZYZNA;27;20877449
MUKHAMMADALI;MÊ¯CZYZNA;27;20877476
REMUS;MÊ¯CZYZNA;27;20877503
GÖRKEM;MÊ¯CZYZNA;27;20877530
LLOYD;MÊ¯CZYZNA;27;20877557
VLADAN;MÊ¯CZYZNA;27;20877584
RUSLANI;MÊ¯CZYZNA;27;20877611
HRACHYA;MÊ¯CZYZNA;27;20877638
ANURAG;MÊ¯CZYZNA;26;20877664
VEPKHIA;MÊ¯CZYZNA;26;20877690
ISKANDER;MÊ¯CZYZNA;26;20877716
GIANMARCO;MÊ¯CZYZNA;26;20877742
NOÉ;MÊ¯CZYZNA;26;20877768
AMADOU;MÊ¯CZYZNA;26;20877794
NIK;MÊ¯CZYZNA;26;20877820
GALIN;MÊ¯CZYZNA;26;20877846
JEEVAN;MÊ¯CZYZNA;26;20877872
TR?NG;MÊ¯CZYZNA;26;20877898
ALIJON;MÊ¯CZYZNA;26;20877924
JAWAD;MÊ¯CZYZNA;26;20877950
ZAC;MÊ¯CZYZNA;26;20877976
ARAD;MÊ¯CZYZNA;26;20878002
LAVI;MÊ¯CZYZNA;26;20878028
ELIYAHU;MÊ¯CZYZNA;26;20878054
LARRY;MÊ¯CZYZNA;26;20878080
YOSSEF;MÊ¯CZYZNA;26;20878106
EM?R;MÊ¯CZYZNA;26;20878132
LIAD;MÊ¯CZYZNA;26;20878158
ABDUR;MÊ¯CZYZNA;26;20878184
AR?NAS;MÊ¯CZYZNA;26;20878210
KARLEN;MÊ¯CZYZNA;26;20878236
MILIAN;MÊ¯CZYZNA;26;20878262
ANTONELLO;MÊ¯CZYZNA;26;20878288
MURADI;MÊ¯CZYZNA;26;20878314
ARCADIE;MÊ¯CZYZNA;26;20878340
GIORDANO;MÊ¯CZYZNA;26;20878366
SAIT;MÊ¯CZYZNA;26;20878392
HADAR;MÊ¯CZYZNA;26;20878418
MIGUEL ANGEL;MÊ¯CZYZNA;26;20878444
NODIRJON;MÊ¯CZYZNA;26;20878470
YAHIA;MÊ¯CZYZNA;26;20878496
SADIG;MÊ¯CZYZNA;26;20878522
RAJIV;MÊ¯CZYZNA;26;20878548
FLAWIUSZ;MÊ¯CZYZNA;26;20878574
S£AWIAN;MÊ¯CZYZNA;26;20878600
KHUSEYN;MÊ¯CZYZNA;26;20878626
KASPARS;MÊ¯CZYZNA;26;20878652
BAKARI;MÊ¯CZYZNA;26;20878678
JÊDREK;MÊ¯CZYZNA;26;20878704
MIKLÓS;MÊ¯CZYZNA;26;20878730
GHULAM;MÊ¯CZYZNA;26;20878756
RADOSLAW;MÊ¯CZYZNA;26;20878782
VILLE;MÊ¯CZYZNA;26;20878808
ELYAS;MÊ¯CZYZNA;26;20878834
OLGERD;MÊ¯CZYZNA;26;20878860
ODILJON;MÊ¯CZYZNA;26;20878886
YASER;MÊ¯CZYZNA;26;20878912
TOMY;MÊ¯CZYZNA;26;20878938
CYRUS;MÊ¯CZYZNA;26;20878964
BRAM;MÊ¯CZYZNA;26;20878990
JEAN-CLAUDE;MÊ¯CZYZNA;26;20879016
TIMOFIEJ;MÊ¯CZYZNA;26;20879042
YUSUKE;MÊ¯CZYZNA;26;20879068
MATHEO;MÊ¯CZYZNA;26;20879094
SHIRKHAN;MÊ¯CZYZNA;26;20879120
ELMER;MÊ¯CZYZNA;26;20879146
CURTIS;MÊ¯CZYZNA;26;20879172
PRZEMKO;MÊ¯CZYZNA;26;20879198
SHIVAM;MÊ¯CZYZNA;26;20879224
MÁRTON;MÊ¯CZYZNA;26;20879250
BIJAY;MÊ¯CZYZNA;26;20879276
WIM;MÊ¯CZYZNA;26;20879302
BURKHARD;MÊ¯CZYZNA;26;20879328
RISHABH;MÊ¯CZYZNA;26;20879354
ELVAR;MÊ¯CZYZNA;26;20879380
DIMITR;MÊ¯CZYZNA;26;20879406
JASTIN;MÊ¯CZYZNA;26;20879432
MOUSSA;MÊ¯CZYZNA;26;20879458
CHETAN;MÊ¯CZYZNA;26;20879484
KAMOLIDDIN;MÊ¯CZYZNA;26;20879510
FATHI;MÊ¯CZYZNA;26;20879536
GAD;MÊ¯CZYZNA;26;20879562
DUONG;MÊ¯CZYZNA;26;20879588
MIODRAG;MÊ¯CZYZNA;26;20879614
ULRYCH;MÊ¯CZYZNA;26;20879640
CZESLAW;MÊ¯CZYZNA;26;20879666
JÖRN;MÊ¯CZYZNA;26;20879692
LASSE;MÊ¯CZYZNA;26;20879718
TANAKA;MÊ¯CZYZNA;26;20879744
YAM;MÊ¯CZYZNA;26;20879770
RAKHIB;MÊ¯CZYZNA;26;20879796
GOVINDA;MÊ¯CZYZNA;26;20879822
YARIN;MÊ¯CZYZNA;26;20879848
YERZHAN;MÊ¯CZYZNA;26;20879874
JAMBULI;MÊ¯CZYZNA;26;20879900
HAN;MÊ¯CZYZNA;26;20879926
IREK;MÊ¯CZYZNA;26;20879952
VAHAGN;MÊ¯CZYZNA;26;20879978
THADDEUS;MÊ¯CZYZNA;26;20880004
HAZEM;MÊ¯CZYZNA;26;20880030
HUGUES;MÊ¯CZYZNA;26;20880056
SHERZODBEK;MÊ¯CZYZNA;26;20880082
ISAAK;MÊ¯CZYZNA;26;20880108
FARUKH;MÊ¯CZYZNA;26;20880134
YOUSIF;MÊ¯CZYZNA;26;20880160
ªÜKRÜ;MÊ¯CZYZNA;26;20880186
BERKAN;MÊ¯CZYZNA;25;20880211
MUAMMER;MÊ¯CZYZNA;25;20880236
TIMYR;MÊ¯CZYZNA;25;20880261
DOSTONBEK;MÊ¯CZYZNA;25;20880286
MILORAD;MÊ¯CZYZNA;25;20880311
SANDOR;MÊ¯CZYZNA;25;20880336
GOKHAN;MÊ¯CZYZNA;25;20880361
JANUSCH;MÊ¯CZYZNA;25;20880386
RENALDO;MÊ¯CZYZNA;25;20880411
KIRYLO;MÊ¯CZYZNA;25;20880436
SUDIP;MÊ¯CZYZNA;25;20880461
RAVIKUMAR;MÊ¯CZYZNA;25;20880486
WIESLAW;MÊ¯CZYZNA;25;20880511
BERDIA;MÊ¯CZYZNA;25;20880536
ABDELHAK;MÊ¯CZYZNA;25;20880561
DANISZ;MÊ¯CZYZNA;25;20880586
LAZARE;MÊ¯CZYZNA;25;20880611
SIMÓN;MÊ¯CZYZNA;25;20880636
RIMANTAS;MÊ¯CZYZNA;25;20880661
SANTOS;MÊ¯CZYZNA;25;20880686
MOHSIN;MÊ¯CZYZNA;25;20880711
ZIED;MÊ¯CZYZNA;25;20880736
CHINEDU;MÊ¯CZYZNA;25;20880761
RASTISLAV;MÊ¯CZYZNA;25;20880786
TEDO;MÊ¯CZYZNA;25;20880811
JAHONGIR;MÊ¯CZYZNA;25;20880836
LEÓN;MÊ¯CZYZNA;25;20880861
MASAHIRO;MÊ¯CZYZNA;25;20880886
GHENADI;MÊ¯CZYZNA;25;20880911
HITESH;MÊ¯CZYZNA;25;20880936
HOUSSAM;MÊ¯CZYZNA;25;20880961
BASEL;MÊ¯CZYZNA;25;20880986
ATANAZY;MÊ¯CZYZNA;25;20881011
SEÁN;MÊ¯CZYZNA;25;20881036
ARZU;MÊ¯CZYZNA;25;20881061
BOBIR;MÊ¯CZYZNA;25;20881086
KILLIAN;MÊ¯CZYZNA;25;20881111
ISMOIL;MÊ¯CZYZNA;25;20881136
KARTHIKEYAN;MÊ¯CZYZNA;25;20881161
VENTSISLAV;MÊ¯CZYZNA;25;20881186
I MADE;MÊ¯CZYZNA;25;20881211
ABDULLO;MÊ¯CZYZNA;25;20881236
TUGAY;MÊ¯CZYZNA;25;20881261
MAZLUM;MÊ¯CZYZNA;25;20881286
KONDRAT;MÊ¯CZYZNA;25;20881311
NVER;MÊ¯CZYZNA;25;20881336
RISTO;MÊ¯CZYZNA;25;20881361
ELISEY;MÊ¯CZYZNA;25;20881386
MAMERT;MÊ¯CZYZNA;25;20881411
WALENTINO;MÊ¯CZYZNA;25;20881436
IEHOR;MÊ¯CZYZNA;25;20881461
NIKIFOR;MÊ¯CZYZNA;25;20881486
TURGUT;MÊ¯CZYZNA;25;20881511
JUSTUS;MÊ¯CZYZNA;25;20881536
ªAHIN;MÊ¯CZYZNA;25;20881561
IOANE;MÊ¯CZYZNA;25;20881586
MANSURBEK;MÊ¯CZYZNA;25;20881611
LE;MÊ¯CZYZNA;25;20881636
SREEJITH;MÊ¯CZYZNA;25;20881661
VIKTORAS;MÊ¯CZYZNA;25;20881686
DOVLETGELDI;MÊ¯CZYZNA;25;20881711
KAKHI;MÊ¯CZYZNA;25;20881736
ALMIR;MÊ¯CZYZNA;25;20881761
MARINUS;MÊ¯CZYZNA;25;20881786
POUL;MÊ¯CZYZNA;25;20881811
GEDIMINAS;MÊ¯CZYZNA;25;20881836
JOZUE;MÊ¯CZYZNA;25;20881861
YAQUB;MÊ¯CZYZNA;25;20881886
QUANG MINH;MÊ¯CZYZNA;25;20881911
NIRAJ;MÊ¯CZYZNA;25;20881936
RAMU;MÊ¯CZYZNA;25;20881961
YUJI;MÊ¯CZYZNA;25;20881986
ELBEK;MÊ¯CZYZNA;25;20882011
CHRISTOFER;MÊ¯CZYZNA;25;20882036
RAINHARD;MÊ¯CZYZNA;25;20882061
OGNYAN;MÊ¯CZYZNA;25;20882086
NITHIN;MÊ¯CZYZNA;25;20882111
DIPESH;MÊ¯CZYZNA;25;20882136
DOMAN;MÊ¯CZYZNA;25;20882161
VAN TOAN;MÊ¯CZYZNA;25;20882186
SAJID;MÊ¯CZYZNA;25;20882211
KWANG;MÊ¯CZYZNA;25;20882236
ERLAN;MÊ¯CZYZNA;25;20882261
SALAM;MÊ¯CZYZNA;25;20882286
TAREQ;MÊ¯CZYZNA;25;20882311
TIMOFIEI;MÊ¯CZYZNA;25;20882336
KUN;MÊ¯CZYZNA;25;20882361
ZHENG;MÊ¯CZYZNA;25;20882386
ILKO;MÊ¯CZYZNA;25;20882411
DAVY;MÊ¯CZYZNA;25;20882436
MOSZEK;MÊ¯CZYZNA;25;20882461
Y???T;MÊ¯CZYZNA;25;20882486
GINTAUTAS;MÊ¯CZYZNA;25;20882511
ELSAYED;MÊ¯CZYZNA;25;20882536
OLENA;MÊ¯CZYZNA;25;20882561
IKAR;MÊ¯CZYZNA;25;20882586
ASLAMBEK;MÊ¯CZYZNA;25;20882611
RAYYAN;MÊ¯CZYZNA;25;20882636
H?I;MÊ¯CZYZNA;25;20882661
SYMON;MÊ¯CZYZNA;25;20882686
TOFIG;MÊ¯CZYZNA;25;20882711
INOCENTY;MÊ¯CZYZNA;25;20882736
VAN DUNG;MÊ¯CZYZNA;25;20882761
VALENTINE;MÊ¯CZYZNA;25;20882786
MECHYSLAU;MÊ¯CZYZNA;25;20882811
CZCIBOR;MÊ¯CZYZNA;25;20882836
INDRA;MÊ¯CZYZNA;25;20882861
WASYLIS;MÊ¯CZYZNA;25;20882886
OLHA;MÊ¯CZYZNA;25;20882911
AMET;MÊ¯CZYZNA;25;20882936
TEOBALD;MÊ¯CZYZNA;25;20882961
MICHIEL;MÊ¯CZYZNA;25;20882986
SMAIL;MÊ¯CZYZNA;25;20883011
GORDIY;MÊ¯CZYZNA;25;20883036
SHAHZAD;MÊ¯CZYZNA;25;20883061
ZAKARIYA;MÊ¯CZYZNA;25;20883086
CONSTANTINE;MÊ¯CZYZNA;25;20883111
POL;MÊ¯CZYZNA;25;20883136
NYKODYM;MÊ¯CZYZNA;25;20883161
ZIYA;MÊ¯CZYZNA;25;20883186
VJAÈESLAVS;MÊ¯CZYZNA;25;20883211
TAIR;MÊ¯CZYZNA;25;20883236
BEKHZOD;MÊ¯CZYZNA;25;20883261
BEKKHAN;MÊ¯CZYZNA;25;20883286
S£AWOMIERZ;MÊ¯CZYZNA;24;20883310
SEL?M;MÊ¯CZYZNA;24;20883334
KAMEN;MÊ¯CZYZNA;24;20883358
ILYOS;MÊ¯CZYZNA;24;20883382
TODD;MÊ¯CZYZNA;24;20883406
MANH HUNG;MÊ¯CZYZNA;24;20883430
BERKE;MÊ¯CZYZNA;24;20883454
OLEXANDER;MÊ¯CZYZNA;24;20883478
NURULLAH;MÊ¯CZYZNA;24;20883502
FERDI;MÊ¯CZYZNA;24;20883526
ABDELKRIM;MÊ¯CZYZNA;24;20883550
TOFIK;MÊ¯CZYZNA;24;20883574
IVELIN;MÊ¯CZYZNA;24;20883598
MAAYAN;MÊ¯CZYZNA;24;20883622
LOKESH;MÊ¯CZYZNA;24;20883646
MAJK;MÊ¯CZYZNA;24;20883670
RAULI;MÊ¯CZYZNA;24;20883694
MERGEN;MÊ¯CZYZNA;24;20883718
IVARS;MÊ¯CZYZNA;24;20883742
PARDEEP;MÊ¯CZYZNA;24;20883766
JING;MÊ¯CZYZNA;24;20883790
ATSUSHI;MÊ¯CZYZNA;24;20883814
TANASII;MÊ¯CZYZNA;24;20883838
YOANN;MÊ¯CZYZNA;24;20883862
BORJA;MÊ¯CZYZNA;24;20883886
IMMANUEL;MÊ¯CZYZNA;24;20883910
OMID;MÊ¯CZYZNA;24;20883934
APOLLO;MÊ¯CZYZNA;24;20883958
VREZH;MÊ¯CZYZNA;24;20883982
GIA BAO;MÊ¯CZYZNA;24;20884006
ADONIS;MÊ¯CZYZNA;24;20884030
HOCINE;MÊ¯CZYZNA;24;20884054
ROEY;MÊ¯CZYZNA;24;20884078
JAMSHIDBEK;MÊ¯CZYZNA;24;20884102
ALDON;MÊ¯CZYZNA;24;20884126
HUSAM;MÊ¯CZYZNA;24;20884150
JANI;MÊ¯CZYZNA;24;20884174
BRIJESH;MÊ¯CZYZNA;24;20884198
ZAKHARIY;MÊ¯CZYZNA;24;20884222
ROSTYS£AW;MÊ¯CZYZNA;24;20884246
UTTAM;MÊ¯CZYZNA;24;20884270
AMEER;MÊ¯CZYZNA;24;20884294
ESTANISLAO;MÊ¯CZYZNA;24;20884318
UGOCHUKWU;MÊ¯CZYZNA;24;20884342
EDSON;MÊ¯CZYZNA;24;20884366
ZDENEK;MÊ¯CZYZNA;24;20884390
GNIEWOS£AW;MÊ¯CZYZNA;24;20884414
VATSLAU;MÊ¯CZYZNA;24;20884438
TIMOTHEUS;MÊ¯CZYZNA;24;20884462
MAXIMO;MÊ¯CZYZNA;24;20884486
ODIL;MÊ¯CZYZNA;24;20884510
TROFIM;MÊ¯CZYZNA;24;20884534
HIEN;MÊ¯CZYZNA;24;20884558
ANUJ;MÊ¯CZYZNA;24;20884582
NICU;MÊ¯CZYZNA;24;20884606
MAHMOOD;MÊ¯CZYZNA;24;20884630
MOH;MÊ¯CZYZNA;24;20884654
MATIJA;MÊ¯CZYZNA;24;20884678
ZHASSULAN;MÊ¯CZYZNA;24;20884702
CUMA;MÊ¯CZYZNA;24;20884726
ANGUS;MÊ¯CZYZNA;24;20884750
BAO;MÊ¯CZYZNA;24;20884774
JANNE;MÊ¯CZYZNA;24;20884798
LENART;MÊ¯CZYZNA;24;20884822
CLINTON;MÊ¯CZYZNA;24;20884846
MAREKS;MÊ¯CZYZNA;24;20884870
ZAK;MÊ¯CZYZNA;24;20884894
PAW£O;MÊ¯CZYZNA;24;20884918
PARIS;MÊ¯CZYZNA;24;20884942
BAUYRZHAN;MÊ¯CZYZNA;24;20884966
DEMETRIUSZ;MÊ¯CZYZNA;24;20884990
MIDHUN;MÊ¯CZYZNA;24;20885014
SLAVOMIR;MÊ¯CZYZNA;24;20885038
AAKASH;MÊ¯CZYZNA;24;20885062
RODNEY;MÊ¯CZYZNA;24;20885086
EVYATAR;MÊ¯CZYZNA;24;20885110
JEAN-FRANÇOIS;MÊ¯CZYZNA;24;20885134
NORIK;MÊ¯CZYZNA;24;20885158
AKIRA;MÊ¯CZYZNA;24;20885182
TURPAL;MÊ¯CZYZNA;24;20885206
KUBILAY;MÊ¯CZYZNA;24;20885230
RYSHARD;MÊ¯CZYZNA;24;20885254
ELGUN;MÊ¯CZYZNA;24;20885278
RUFUS;MÊ¯CZYZNA;24;20885302
SUJITH;MÊ¯CZYZNA;24;20885326
TOMI;MÊ¯CZYZNA;24;20885350
CAMILLE;MÊ¯CZYZNA;24;20885374
DINIS;MÊ¯CZYZNA;24;20885398
RINALDO;MÊ¯CZYZNA;24;20885422
VACHAGAN;MÊ¯CZYZNA;24;20885446
AGOSTINO;MÊ¯CZYZNA;24;20885470
ERTAN;MÊ¯CZYZNA;24;20885494
DIMAS;MÊ¯CZYZNA;24;20885518
AMANUEL;MÊ¯CZYZNA;24;20885542
SAJJAD;MÊ¯CZYZNA;24;20885566
FELICE;MÊ¯CZYZNA;24;20885590
CZAROS£AW;MÊ¯CZYZNA;24;20885614
ALEKSANDRAS;MÊ¯CZYZNA;24;20885638
ELSEVAR;MÊ¯CZYZNA;24;20885662
NAVEED;MÊ¯CZYZNA;24;20885686
SUKHWINDER;MÊ¯CZYZNA;24;20885710
BIJU;MÊ¯CZYZNA;24;20885734
IVANO;MÊ¯CZYZNA;24;20885758
GEDYMIN;MÊ¯CZYZNA;24;20885782
BOLKO;MÊ¯CZYZNA;24;20885806
DIMITRIJ;MÊ¯CZYZNA;24;20885830
MUKHRAN;MÊ¯CZYZNA;24;20885854
SAL?H;MÊ¯CZYZNA;24;20885878
JAVLONBEK;MÊ¯CZYZNA;24;20885902
DAVOR;MÊ¯CZYZNA;24;20885926
DARSHAN;MÊ¯CZYZNA;24;20885950
KAROLIS;MÊ¯CZYZNA;24;20885974
LASZLO;MÊ¯CZYZNA;24;20885998
SHAKRO;MÊ¯CZYZNA;24;20886022
ADMIR;MÊ¯CZYZNA;24;20886046
WOJMIR;MÊ¯CZYZNA;24;20886070
ETTORE;MÊ¯CZYZNA;24;20886094
HAITHAM;MÊ¯CZYZNA;24;20886118
JAMSHED;MÊ¯CZYZNA;24;20886142
SEBASTIAAN;MÊ¯CZYZNA;24;20886166
ULAª;MÊ¯CZYZNA;24;20886190
RADE;MÊ¯CZYZNA;24;20886214
GRIGORIOS;MÊ¯CZYZNA;24;20886238
JASIN;MÊ¯CZYZNA;24;20886262
UKTAM;MÊ¯CZYZNA;24;20886286
MEMET;MÊ¯CZYZNA;24;20886310
YUKI;MÊ¯CZYZNA;24;20886334
OLEGS;MÊ¯CZYZNA;24;20886358
BISLAN;MÊ¯CZYZNA;24;20886382
ARAMIS;MÊ¯CZYZNA;24;20886406
PROTAZY;MÊ¯CZYZNA;24;20886430
P?VELS;MÊ¯CZYZNA;24;20886454
BINH;MÊ¯CZYZNA;24;20886478
GAUTAM;MÊ¯CZYZNA;24;20886502
OPHIR;MÊ¯CZYZNA;24;20886526
I GEDE;MÊ¯CZYZNA;24;20886550
MILKO;MÊ¯CZYZNA;24;20886574
KIEJSTUT;MÊ¯CZYZNA;24;20886598
NIKOLAJS;MÊ¯CZYZNA;24;20886622
MIRO;MÊ¯CZYZNA;24;20886646
STANIMIR;MÊ¯CZYZNA;24;20886670
STIVEN;MÊ¯CZYZNA;24;20886694
LUCKY;MÊ¯CZYZNA;24;20886718
ABDURAKHMON;MÊ¯CZYZNA;24;20886742
KOMIL;MÊ¯CZYZNA;24;20886766
HASHIM;MÊ¯CZYZNA;24;20886790
NIKYTA;MÊ¯CZYZNA;23;20886813
ARTEMI;MÊ¯CZYZNA;23;20886836
BIBIN;MÊ¯CZYZNA;23;20886859
BAHRUZ;MÊ¯CZYZNA;23;20886882
TITUS;MÊ¯CZYZNA;23;20886905
YITZHAK;MÊ¯CZYZNA;23;20886928
ARVID;MÊ¯CZYZNA;23;20886951
EDDIE;MÊ¯CZYZNA;23;20886974
YAUHENIY;MÊ¯CZYZNA;23;20886997
LEJB;MÊ¯CZYZNA;23;20887020
IGNAS;MÊ¯CZYZNA;23;20887043
HOAN;MÊ¯CZYZNA;23;20887066
VAN HAI;MÊ¯CZYZNA;23;20887089
JONNY;MÊ¯CZYZNA;23;20887112
ABDERRAHMANE;MÊ¯CZYZNA;23;20887135
AMON;MÊ¯CZYZNA;23;20887158
AVHUSTYN;MÊ¯CZYZNA;23;20887181
TAN;MÊ¯CZYZNA;23;20887204
ABDULLOKH;MÊ¯CZYZNA;23;20887227
MALTE;MÊ¯CZYZNA;23;20887250
MILOSH;MÊ¯CZYZNA;23;20887273
KHAMID;MÊ¯CZYZNA;23;20887296
DANAIL;MÊ¯CZYZNA;23;20887319
MAKSUM;MÊ¯CZYZNA;23;20887342
HAIDER;MÊ¯CZYZNA;23;20887365
ALMAS;MÊ¯CZYZNA;23;20887388
JUNAID;MÊ¯CZYZNA;23;20887411
OLES£AW;MÊ¯CZYZNA;23;20887434
BABEK;MÊ¯CZYZNA;23;20887457
DAUREN;MÊ¯CZYZNA;23;20887480
NITAI;MÊ¯CZYZNA;23;20887503
ADAN;MÊ¯CZYZNA;23;20887526
JUOZAS;MÊ¯CZYZNA;23;20887549
MUNASHE;MÊ¯CZYZNA;23;20887572
LION;MÊ¯CZYZNA;23;20887595
ABDERRAHIM;MÊ¯CZYZNA;23;20887618
GARRY;MÊ¯CZYZNA;23;20887641
ZHEN;MÊ¯CZYZNA;23;20887664
FRIEDHELM;MÊ¯CZYZNA;23;20887687
HARIK;MÊ¯CZYZNA;23;20887710
TUNAHAN;MÊ¯CZYZNA;23;20887733
ABDELHAMID;MÊ¯CZYZNA;23;20887756
ACHRAF;MÊ¯CZYZNA;23;20887779
NIAZI;MÊ¯CZYZNA;23;20887802
TEODOZJUSZ;MÊ¯CZYZNA;23;20887825
ANVARJON;MÊ¯CZYZNA;23;20887848
BING;MÊ¯CZYZNA;23;20887871
MARIYAN;MÊ¯CZYZNA;23;20887894
ILGAM;MÊ¯CZYZNA;23;20887917
JATIN;MÊ¯CZYZNA;23;20887940
ERWAN;MÊ¯CZYZNA;23;20887963
DAVUD;MÊ¯CZYZNA;23;20887986
ALFIE;MÊ¯CZYZNA;23;20888009
HUNTER;MÊ¯CZYZNA;23;20888032
ISLOM;MÊ¯CZYZNA;23;20888055
GURBAN;MÊ¯CZYZNA;23;20888078
ALIEV;MÊ¯CZYZNA;23;20888101
RANJITH;MÊ¯CZYZNA;23;20888124
FAUSTO;MÊ¯CZYZNA;23;20888147
TSVETAN;MÊ¯CZYZNA;23;20888170
AJIT;MÊ¯CZYZNA;23;20888193
BAHTIYOR;MÊ¯CZYZNA;23;20888216
SHUKUR;MÊ¯CZYZNA;23;20888239
DAAN;MÊ¯CZYZNA;23;20888262
M?NH;MÊ¯CZYZNA;23;20888285
HESHAM;MÊ¯CZYZNA;23;20888308
RIO;MÊ¯CZYZNA;23;20888331
KOSTANTYN;MÊ¯CZYZNA;23;20888354
SEYRAN;MÊ¯CZYZNA;23;20888377
DUY ANH;MÊ¯CZYZNA;23;20888400
CHIRILL;MÊ¯CZYZNA;23;20888423
MERTCAN;MÊ¯CZYZNA;23;20888446
ALEXEJ;MÊ¯CZYZNA;23;20888469
WINSTON;MÊ¯CZYZNA;23;20888492
MORIS;MÊ¯CZYZNA;23;20888515
BEKHRUZ;MÊ¯CZYZNA;23;20888538
RADMIR;MÊ¯CZYZNA;23;20888561
KLAAS;MÊ¯CZYZNA;23;20888584
FIZULI;MÊ¯CZYZNA;23;20888607
MAYUR;MÊ¯CZYZNA;23;20888630
FARHOD;MÊ¯CZYZNA;23;20888653
SOHEL;MÊ¯CZYZNA;23;20888676
MILOSLAV;MÊ¯CZYZNA;23;20888699
STEWART;MÊ¯CZYZNA;23;20888722
BAKHODIRJON;MÊ¯CZYZNA;23;20888745
ELJAN;MÊ¯CZYZNA;23;20888768
GAUTHIER;MÊ¯CZYZNA;23;20888791
MURMANI;MÊ¯CZYZNA;23;20888814
YELYZAR;MÊ¯CZYZNA;23;20888837
BARTU;MÊ¯CZYZNA;23;20888860
BORISI;MÊ¯CZYZNA;23;20888883
VIDADI;MÊ¯CZYZNA;23;20888906
RASHYD;MÊ¯CZYZNA;23;20888929
EDO;MÊ¯CZYZNA;23;20888952
EITHAN;MÊ¯CZYZNA;23;20888975
NAFTALI;MÊ¯CZYZNA;23;20888998
KHAIAL;MÊ¯CZYZNA;23;20889021
FETHI;MÊ¯CZYZNA;23;20889044
AMJAD;MÊ¯CZYZNA;23;20889067
CHIEN;MÊ¯CZYZNA;23;20889090
DAUD;MÊ¯CZYZNA;23;20889113
MINH DUC;MÊ¯CZYZNA;23;20889136
BITCHIKO;MÊ¯CZYZNA;23;20889159
RUNE;MÊ¯CZYZNA;23;20889182
SOBIRJON;MÊ¯CZYZNA;23;20889205
KIEN;MÊ¯CZYZNA;23;20889228
YUN;MÊ¯CZYZNA;23;20889251
WANG;MÊ¯CZYZNA;23;20889274
CRISTOBAL;MÊ¯CZYZNA;23;20889297
MATHÉO;MÊ¯CZYZNA;23;20889320
KAM?L;MÊ¯CZYZNA;23;20889343
MISZA;MÊ¯CZYZNA;23;20889366
GIRISH;MÊ¯CZYZNA;23;20889389
RANA;MÊ¯CZYZNA;23;20889412
MATÌJ;MÊ¯CZYZNA;23;20889435
ICEK;MÊ¯CZYZNA;23;20889458
AGUNG;MÊ¯CZYZNA;23;20889481
MIKOLAI;MÊ¯CZYZNA;23;20889504
CEMIL;MÊ¯CZYZNA;23;20889527
THOR;MÊ¯CZYZNA;23;20889550
CORENTIN;MÊ¯CZYZNA;23;20889573
MURILO;MÊ¯CZYZNA;23;20889596
KISHAN;MÊ¯CZYZNA;23;20889619
EMERSON;MÊ¯CZYZNA;23;20889642
CALLUM;MÊ¯CZYZNA;23;20889665
LEVKO;MÊ¯CZYZNA;23;20889688
THAI;MÊ¯CZYZNA;22;20889710
LAVRENTII;MÊ¯CZYZNA;22;20889732
AZIMJON;MÊ¯CZYZNA;22;20889754
YURYI;MÊ¯CZYZNA;22;20889776
DURMISHKHAN;MÊ¯CZYZNA;22;20889798
JAMOLIDDIN;MÊ¯CZYZNA;22;20889820
ANTONIS;MÊ¯CZYZNA;22;20889842
KHUSEIN;MÊ¯CZYZNA;22;20889864
KENNEDY;MÊ¯CZYZNA;22;20889886
ALEXANDRO;MÊ¯CZYZNA;22;20889908
ZORESLAV;MÊ¯CZYZNA;22;20889930
ZURA;MÊ¯CZYZNA;22;20889952
RUSLANS;MÊ¯CZYZNA;22;20889974
BAKAR;MÊ¯CZYZNA;22;20889996
ROMEL;MÊ¯CZYZNA;22;20890018
ELMADDIN;MÊ¯CZYZNA;22;20890040
BAKHROM;MÊ¯CZYZNA;22;20890062
RAVSHANBEK;MÊ¯CZYZNA;22;20890084
SALWATOR;MÊ¯CZYZNA;22;20890106
VLASTIMIL;MÊ¯CZYZNA;22;20890128
RADISLAV;MÊ¯CZYZNA;22;20890150
SIMONI;MÊ¯CZYZNA;22;20890172
ÁRPÁD;MÊ¯CZYZNA;22;20890194
BRENT;MÊ¯CZYZNA;22;20890216
TU;MÊ¯CZYZNA;22;20890238
MYROSLAW;MÊ¯CZYZNA;22;20890260
HÉCTOR;MÊ¯CZYZNA;22;20890282
CARTER;MÊ¯CZYZNA;22;20890304
MICKAEL;MÊ¯CZYZNA;22;20890326
PURNA;MÊ¯CZYZNA;22;20890348
KADEK;MÊ¯CZYZNA;22;20890370
RILEY;MÊ¯CZYZNA;22;20890392
KARTIK;MÊ¯CZYZNA;22;20890414
TURGAY;MÊ¯CZYZNA;22;20890436
DOSTON;MÊ¯CZYZNA;22;20890458
LALIT;MÊ¯CZYZNA;22;20890480
ZAYN;MÊ¯CZYZNA;22;20890502
VARUZHAN;MÊ¯CZYZNA;22;20890524
RÉMY;MÊ¯CZYZNA;22;20890546
KAZBEK;MÊ¯CZYZNA;22;20890568
GHENADII;MÊ¯CZYZNA;22;20890590
DIPENDRA;MÊ¯CZYZNA;22;20890612
RATHEESH;MÊ¯CZYZNA;22;20890634
QUANG VINH;MÊ¯CZYZNA;22;20890656
ABDURAKHMAN;MÊ¯CZYZNA;22;20890678
SERVER;MÊ¯CZYZNA;22;20890700
AMRO;MÊ¯CZYZNA;22;20890722
IZMAIL;MÊ¯CZYZNA;22;20890744
SATHISH;MÊ¯CZYZNA;22;20890766
IVANS;MÊ¯CZYZNA;22;20890788
LIUBOMIR;MÊ¯CZYZNA;22;20890810
REY;MÊ¯CZYZNA;22;20890832
MEHMAN;MÊ¯CZYZNA;22;20890854
SHAKHBOZ;MÊ¯CZYZNA;22;20890876
RUBÉN;MÊ¯CZYZNA;22;20890898
SHON;MÊ¯CZYZNA;22;20890920
RZA;MÊ¯CZYZNA;22;20890942
MICAH;MÊ¯CZYZNA;22;20890964
ROD¯ER;MÊ¯CZYZNA;22;20890986
ARMENAK;MÊ¯CZYZNA;22;20891008
NOOR;MÊ¯CZYZNA;22;20891030
ÇA?DAª;MÊ¯CZYZNA;22;20891052
ROSTYSLAW;MÊ¯CZYZNA;22;20891074
KORNII;MÊ¯CZYZNA;22;20891096
MILE;MÊ¯CZYZNA;22;20891118
SAKHAVAT;MÊ¯CZYZNA;22;20891140
MYRAT;MÊ¯CZYZNA;22;20891162
AVRAAM;MÊ¯CZYZNA;22;20891184
ROMÁN;MÊ¯CZYZNA;22;20891206
CLÁUDIO;MÊ¯CZYZNA;22;20891228
MUKHIDDIN;MÊ¯CZYZNA;22;20891250
GRÉGORY;MÊ¯CZYZNA;22;20891272
ANUAR;MÊ¯CZYZNA;22;20891294
GALIB;MÊ¯CZYZNA;22;20891316
KÊSTUTIS;MÊ¯CZYZNA;22;20891338
LAVRENTI;MÊ¯CZYZNA;22;20891360
MECHYSLAV;MÊ¯CZYZNA;22;20891382
CHESTER;MÊ¯CZYZNA;22;20891404
C?HAN;MÊ¯CZYZNA;22;20891426
ATUL;MÊ¯CZYZNA;22;20891448
KASIMIR;MÊ¯CZYZNA;22;20891470
TOKHIR;MÊ¯CZYZNA;22;20891492
ILLARION;MÊ¯CZYZNA;22;20891514
ASEP;MÊ¯CZYZNA;22;20891536
SADDAM;MÊ¯CZYZNA;22;20891558
LAURENTIU;MÊ¯CZYZNA;22;20891580
SMBAT;MÊ¯CZYZNA;22;20891602
S?N;MÊ¯CZYZNA;22;20891624
ALTIN;MÊ¯CZYZNA;22;20891646
PHONG;MÊ¯CZYZNA;22;20891668
NURALI;MÊ¯CZYZNA;22;20891690
NIMA;MÊ¯CZYZNA;22;20891712
MONIR;MÊ¯CZYZNA;22;20891734
MINH KHANG;MÊ¯CZYZNA;22;20891756
FEVZI;MÊ¯CZYZNA;22;20891778
NICCOLO';MÊ¯CZYZNA;22;20891800
DOBRYNIA;MÊ¯CZYZNA;22;20891822
NORAYR;MÊ¯CZYZNA;22;20891844
HANNES;MÊ¯CZYZNA;22;20891866
HUAN;MÊ¯CZYZNA;22;20891888
LAURENS;MÊ¯CZYZNA;22;20891910
SERWACY;MÊ¯CZYZNA;22;20891932
STANISLAUS;MÊ¯CZYZNA;22;20891954
LOM-ALI;MÊ¯CZYZNA;22;20891976
LANCE;MÊ¯CZYZNA;22;20891998
DURGA;MÊ¯CZYZNA;22;20892020
EMIRHAN;MÊ¯CZYZNA;22;20892042
CENK;MÊ¯CZYZNA;22;20892064
OKTAI;MÊ¯CZYZNA;22;20892086
DEVIN;MÊ¯CZYZNA;22;20892108
FLÁVIO;MÊ¯CZYZNA;22;20892130
NAZIR;MÊ¯CZYZNA;22;20892152
YEHOSHUA;MÊ¯CZYZNA;22;20892174
SULAIMAN;MÊ¯CZYZNA;22;20892196
JOSEP;MÊ¯CZYZNA;22;20892218
FABIÁN;MÊ¯CZYZNA;22;20892240
MATWIY;MÊ¯CZYZNA;22;20892262
DJAMEL;MÊ¯CZYZNA;22;20892284
RAJ KUMAR;MÊ¯CZYZNA;22;20892306
CÔNG;MÊ¯CZYZNA;22;20892328
AMAURY;MÊ¯CZYZNA;22;20892350
SAVAª;MÊ¯CZYZNA;22;20892372
VASSILIY;MÊ¯CZYZNA;22;20892394
MARIIA;MÊ¯CZYZNA;22;20892416
ATEF;MÊ¯CZYZNA;22;20892438
HEVORH;MÊ¯CZYZNA;22;20892460
VAN CUONG;MÊ¯CZYZNA;22;20892482
DIENIS;MÊ¯CZYZNA;22;20892504
MAGED;MÊ¯CZYZNA;22;20892526
NICLAS;MÊ¯CZYZNA;22;20892548
YOAN;MÊ¯CZYZNA;22;20892570
HANAN;MÊ¯CZYZNA;22;20892592
ARIK;MÊ¯CZYZNA;22;20892614
MEIK;MÊ¯CZYZNA;21;20892635
YALÇIN;MÊ¯CZYZNA;21;20892656
TAYLAN;MÊ¯CZYZNA;21;20892677
PARVIN;MÊ¯CZYZNA;21;20892698
WALENTIN;MÊ¯CZYZNA;21;20892719
OM;MÊ¯CZYZNA;21;20892740
ANUP;MÊ¯CZYZNA;21;20892761
ELMIN;MÊ¯CZYZNA;21;20892782
ARVIN;MÊ¯CZYZNA;21;20892803
CÃLIN;MÊ¯CZYZNA;21;20892824
YÜCEL;MÊ¯CZYZNA;21;20892845
JENÕ;MÊ¯CZYZNA;21;20892866
TAPIWA;MÊ¯CZYZNA;21;20892887
DANI£O;MÊ¯CZYZNA;21;20892908
SEVDALIN;MÊ¯CZYZNA;21;20892929
KHANLAR;MÊ¯CZYZNA;21;20892950
GAIOZ;MÊ¯CZYZNA;21;20892971
IKHTIYOR;MÊ¯CZYZNA;21;20892992
EBRAHIM;MÊ¯CZYZNA;21;20893013
SLIM;MÊ¯CZYZNA;21;20893034
BRIGHT;MÊ¯CZYZNA;21;20893055
IAKIV;MÊ¯CZYZNA;21;20893076
NASIB;MÊ¯CZYZNA;21;20893097
ARMANDS;MÊ¯CZYZNA;21;20893118
CALOGERO;MÊ¯CZYZNA;21;20893139
ARSENA;MÊ¯CZYZNA;21;20893160
MIGEL;MÊ¯CZYZNA;21;20893181
ADRYIAN;MÊ¯CZYZNA;21;20893202
BIJAYA;MÊ¯CZYZNA;21;20893223
TOYLY;MÊ¯CZYZNA;21;20893244
SOHAIL;MÊ¯CZYZNA;21;20893265
JOHNATHAN;MÊ¯CZYZNA;21;20893286
OKSANA;MÊ¯CZYZNA;21;20893307
DION;MÊ¯CZYZNA;21;20893328
ABDUMALIK;MÊ¯CZYZNA;21;20893349
ALEG;MÊ¯CZYZNA;21;20893370
JAVIDAN;MÊ¯CZYZNA;21;20893391
NISHAN;MÊ¯CZYZNA;21;20893412
ORIAN;MÊ¯CZYZNA;21;20893433
CLIFFORD;MÊ¯CZYZNA;21;20893454
GODFREY;MÊ¯CZYZNA;21;20893475
DEMURI;MÊ¯CZYZNA;21;20893496
SZLOMA;MÊ¯CZYZNA;21;20893517
MALKOLM;MÊ¯CZYZNA;21;20893538
BUNYOD;MÊ¯CZYZNA;21;20893559
ADARSH;MÊ¯CZYZNA;21;20893580
ZEKI;MÊ¯CZYZNA;21;20893601
NECATI;MÊ¯CZYZNA;21;20893622
SAMED;MÊ¯CZYZNA;21;20893643
JINDØICH;MÊ¯CZYZNA;21;20893664
ASKOLD;MÊ¯CZYZNA;21;20893685
JAHANGIR;MÊ¯CZYZNA;21;20893706
RANJEET;MÊ¯CZYZNA;21;20893727
TSEZAR;MÊ¯CZYZNA;21;20893748
LIEV;MÊ¯CZYZNA;21;20893769
DOVLET;MÊ¯CZYZNA;21;20893790
GUSTAVE;MÊ¯CZYZNA;21;20893811
STEVAN;MÊ¯CZYZNA;21;20893832
CYRILLE;MÊ¯CZYZNA;21;20893853
IMED;MÊ¯CZYZNA;21;20893874
ORAN;MÊ¯CZYZNA;21;20893895
WENECJUSZ;MÊ¯CZYZNA;21;20893916
BENJAMÍN;MÊ¯CZYZNA;21;20893937
LUKMAN;MÊ¯CZYZNA;21;20893958
PIERLUIGI;MÊ¯CZYZNA;21;20893979
ARJEN;MÊ¯CZYZNA;21;20894000
RABINDRA;MÊ¯CZYZNA;21;20894021
JAD;MÊ¯CZYZNA;21;20894042
TRI;MÊ¯CZYZNA;21;20894063
LAZAROS;MÊ¯CZYZNA;21;20894084
MARLEY;MÊ¯CZYZNA;21;20894105
CHARALAMBOS;MÊ¯CZYZNA;21;20894126
LUCCA;MÊ¯CZYZNA;21;20894147
STAV;MÊ¯CZYZNA;21;20894168
KIRI££;MÊ¯CZYZNA;21;20894189
DEVI;MÊ¯CZYZNA;21;20894210
NAGA;MÊ¯CZYZNA;21;20894231
WASSIM;MÊ¯CZYZNA;21;20894252
JESÚS;MÊ¯CZYZNA;21;20894273
ELIAHU;MÊ¯CZYZNA;21;20894294
PARKER;MÊ¯CZYZNA;21;20894315
AYUB;MÊ¯CZYZNA;21;20894336
HEDI;MÊ¯CZYZNA;21;20894357
AL;MÊ¯CZYZNA;21;20894378
MANPREET;MÊ¯CZYZNA;21;20894399
MARINO;MÊ¯CZYZNA;21;20894420
ISHAN;MÊ¯CZYZNA;21;20894441
ROMA;MÊ¯CZYZNA;21;20894462
LUKASH;MÊ¯CZYZNA;21;20894483
YUE;MÊ¯CZYZNA;21;20894504
HAGEN;MÊ¯CZYZNA;21;20894525
PETRAS;MÊ¯CZYZNA;21;20894546
DIAN;MÊ¯CZYZNA;21;20894567
¼UBO;MÊ¯CZYZNA;21;20894588
SULKHANI;MÊ¯CZYZNA;21;20894609
BOB;MÊ¯CZYZNA;21;20894630
DAULET;MÊ¯CZYZNA;21;20894651
PING;MÊ¯CZYZNA;21;20894672
RANKO;MÊ¯CZYZNA;21;20894693
JOOST;MÊ¯CZYZNA;21;20894714
ARTUSH;MÊ¯CZYZNA;21;20894735
ARSHAK;MÊ¯CZYZNA;21;20894756
NISHANT;MÊ¯CZYZNA;21;20894777
KSAVERY;MÊ¯CZYZNA;21;20894798
HUSSAM;MÊ¯CZYZNA;21;20894819
GUR;MÊ¯CZYZNA;21;20894840
MATVEJ;MÊ¯CZYZNA;21;20894861
BELAL;MÊ¯CZYZNA;21;20894882
GAVRIL;MÊ¯CZYZNA;21;20894903
LINCOLN;MÊ¯CZYZNA;21;20894924
STIJN;MÊ¯CZYZNA;21;20894945
AVISHAI;MÊ¯CZYZNA;21;20894966
RABIN;MÊ¯CZYZNA;21;20894987
WILFRYD;MÊ¯CZYZNA;21;20895008
GIANG;MÊ¯CZYZNA;21;20895029
LOIC;MÊ¯CZYZNA;21;20895050
DAISUKE;MÊ¯CZYZNA;21;20895071
ORLIN;MÊ¯CZYZNA;21;20895092
TZVI;MÊ¯CZYZNA;21;20895113
BO¯YS£AW;MÊ¯CZYZNA;21;20895134
ARSHAD;MÊ¯CZYZNA;21;20895155
EGBERT;MÊ¯CZYZNA;21;20895176
IBRAHIMA;MÊ¯CZYZNA;21;20895197
IKECHUKWU;MÊ¯CZYZNA;21;20895218
VENYAMIN;MÊ¯CZYZNA;21;20895239
GORDEY;MÊ¯CZYZNA;21;20895260
HANNA;MÊ¯CZYZNA;21;20895281
TI?N;MÊ¯CZYZNA;21;20895302
OZODBEK;MÊ¯CZYZNA;21;20895323
SARAVANAN;MÊ¯CZYZNA;21;20895344
GERSON;MÊ¯CZYZNA;21;20895365
MAIKL;MÊ¯CZYZNA;21;20895386
ROB;MÊ¯CZYZNA;21;20895407
ALBRECHT;MÊ¯CZYZNA;21;20895428
DAG;MÊ¯CZYZNA;21;20895449
ILYES;MÊ¯CZYZNA;21;20895470
VALDAS;MÊ¯CZYZNA;21;20895491
EHAB;MÊ¯CZYZNA;21;20895512
YEVGENY;MÊ¯CZYZNA;21;20895533
MELIK;MÊ¯CZYZNA;21;20895554
KAJUS;MÊ¯CZYZNA;21;20895575
FALK;MÊ¯CZYZNA;21;20895596
HUMBERTO;MÊ¯CZYZNA;21;20895617
STOIGNIEW;MÊ¯CZYZNA;21;20895638
VAKHTANH;MÊ¯CZYZNA;21;20895659
YUCHEN;MÊ¯CZYZNA;21;20895680
SHERWIN;MÊ¯CZYZNA;21;20895701
YELISIEI;MÊ¯CZYZNA;21;20895722
AKOP;MÊ¯CZYZNA;21;20895743
DHAVAL;MÊ¯CZYZNA;21;20895764
AIDER;MÊ¯CZYZNA;21;20895785
MAKARIY;MÊ¯CZYZNA;21;20895806
ALPARSLAN;MÊ¯CZYZNA;21;20895827
DANCIU;MÊ¯CZYZNA;21;20895848
NEVZAT;MÊ¯CZYZNA;21;20895869
IKROMJON;MÊ¯CZYZNA;21;20895890
JAVAD;MÊ¯CZYZNA;21;20895911
FARKHAD;MÊ¯CZYZNA;21;20895932
STIG;MÊ¯CZYZNA;20;20895952
ANDZHEI;MÊ¯CZYZNA;20;20895972
VOLODYMR;MÊ¯CZYZNA;20;20895992
SANDESH;MÊ¯CZYZNA;20;20896012
MAXENCE;MÊ¯CZYZNA;20;20896032
TITO;MÊ¯CZYZNA;20;20896052
ALBERTUS;MÊ¯CZYZNA;20;20896072
SHAYAN;MÊ¯CZYZNA;20;20896092
MARCJUSZ;MÊ¯CZYZNA;20;20896112
ZHANDOS;MÊ¯CZYZNA;20;20896132
PAULUS;MÊ¯CZYZNA;20;20896152
JOSIAH;MÊ¯CZYZNA;20;20896172
HARIKRISHNAN;MÊ¯CZYZNA;20;20896192
XIAOFENG;MÊ¯CZYZNA;20;20896212
BOBURJON;MÊ¯CZYZNA;20;20896232
YA?IZ;MÊ¯CZYZNA;20;20896252
SLAVKO;MÊ¯CZYZNA;20;20896272
WO£ODIMIR;MÊ¯CZYZNA;20;20896292
JIANG;MÊ¯CZYZNA;20;20896312
BIMAL;MÊ¯CZYZNA;20;20896332
GAGAN;MÊ¯CZYZNA;20;20896352
GERGÕ;MÊ¯CZYZNA;20;20896372
SEMILIANO;MÊ¯CZYZNA;20;20896392
NOËL;MÊ¯CZYZNA;20;20896412
GATIS;MÊ¯CZYZNA;20;20896432
SABIT;MÊ¯CZYZNA;20;20896452
ILIYAN;MÊ¯CZYZNA;20;20896472
AR?F;MÊ¯CZYZNA;20;20896492
USAMA;MÊ¯CZYZNA;20;20896512
EHSAN;MÊ¯CZYZNA;20;20896532
JAKÓB;MÊ¯CZYZNA;20;20896552
CHESLAV;MÊ¯CZYZNA;20;20896572
SIMBARASHE;MÊ¯CZYZNA;20;20896592
VALERIANI;MÊ¯CZYZNA;20;20896612
SEMI;MÊ¯CZYZNA;20;20896632
WON;MÊ¯CZYZNA;20;20896652
MUKHAMMED;MÊ¯CZYZNA;20;20896672
MKRTICH;MÊ¯CZYZNA;20;20896692
DORJAN;MÊ¯CZYZNA;20;20896712
AMRAKH;MÊ¯CZYZNA;20;20896732
NICANOR;MÊ¯CZYZNA;20;20896752
JIRI;MÊ¯CZYZNA;20;20896772
SEM?H;MÊ¯CZYZNA;20;20896792
KIMI;MÊ¯CZYZNA;20;20896812
SOBIR;MÊ¯CZYZNA;20;20896832
?RIKS;MÊ¯CZYZNA;20;20896852
REFAEL;MÊ¯CZYZNA;20;20896872
RAFI;MÊ¯CZYZNA;20;20896892
MOEZ;MÊ¯CZYZNA;20;20896912
KAYODE;MÊ¯CZYZNA;20;20896932
MAKSUD;MÊ¯CZYZNA;20;20896952
FARIDUN;MÊ¯CZYZNA;20;20896972
MADS;MÊ¯CZYZNA;20;20896992
HANOCH;MÊ¯CZYZNA;20;20897012
JADEN;MÊ¯CZYZNA;20;20897032
SYLWAN;MÊ¯CZYZNA;20;20897052
ROS£AW;MÊ¯CZYZNA;20;20897072
SEBAYDIN;MÊ¯CZYZNA;20;20897092
ELDAD;MÊ¯CZYZNA;20;20897112
NGHIA;MÊ¯CZYZNA;20;20897132
YUAN;MÊ¯CZYZNA;20;20897152
AJMAL;MÊ¯CZYZNA;20;20897172
LESTER;MÊ¯CZYZNA;20;20897192
JATINDER;MÊ¯CZYZNA;20;20897212
FERAS;MÊ¯CZYZNA;20;20897232
EUGIENIUSZ;MÊ¯CZYZNA;20;20897252
SAHAR;MÊ¯CZYZNA;20;20897272
ANASS;MÊ¯CZYZNA;20;20897292
DANY£O;MÊ¯CZYZNA;20;20897312
OGUZHAN;MÊ¯CZYZNA;20;20897332
JOHNY;MÊ¯CZYZNA;20;20897352
ADALAT;MÊ¯CZYZNA;20;20897372
AIVARS;MÊ¯CZYZNA;20;20897392
DMUTRO;MÊ¯CZYZNA;20;20897412
SHOKHJAKHON;MÊ¯CZYZNA;20;20897432
KWIRYN;MÊ¯CZYZNA;20;20897452
PRASANTH;MÊ¯CZYZNA;20;20897472
HERVE;MÊ¯CZYZNA;20;20897492
RAIMONDAS;MÊ¯CZYZNA;20;20897512
ALOK;MÊ¯CZYZNA;20;20897532
SEM;MÊ¯CZYZNA;20;20897552
CHUN;MÊ¯CZYZNA;20;20897572
KOTE;MÊ¯CZYZNA;20;20897592
RIAN;MÊ¯CZYZNA;20;20897612
ÇA?ATAY;MÊ¯CZYZNA;20;20897632
EZDRASZ;MÊ¯CZYZNA;20;20897652
YAZAN;MÊ¯CZYZNA;20;20897672
REECE;MÊ¯CZYZNA;20;20897692
VIACHESLAU;MÊ¯CZYZNA;20;20897712
MIRLAN;MÊ¯CZYZNA;20;20897732
ARKADIJ;MÊ¯CZYZNA;20;20897752
VALID;MÊ¯CZYZNA;20;20897772
NING;MÊ¯CZYZNA;20;20897792
FRANC;MÊ¯CZYZNA;20;20897812
PRZEMYSLAW;MÊ¯CZYZNA;20;20897832
IKBOLJON;MÊ¯CZYZNA;20;20897852
SPIRIDON;MÊ¯CZYZNA;20;20897872
RIÈARDAS;MÊ¯CZYZNA;20;20897892
KAMANDAR;MÊ¯CZYZNA;20;20897912
VOYTEK;MÊ¯CZYZNA;20;20897932
VALIKO;MÊ¯CZYZNA;20;20897952
CRISTOPHER;MÊ¯CZYZNA;20;20897972
MINH TUAN;MÊ¯CZYZNA;20;20897992
HOSSAIN;MÊ¯CZYZNA;20;20898012
NIKI;MÊ¯CZYZNA;20;20898032
ARAVIND;MÊ¯CZYZNA;20;20898052
JANNIS;MÊ¯CZYZNA;20;20898072
MAJD;MÊ¯CZYZNA;20;20898092
SHENG;MÊ¯CZYZNA;20;20898112
RUBIN;MÊ¯CZYZNA;20;20898132
SKANDER;MÊ¯CZYZNA;20;20898152
HAIDAR;MÊ¯CZYZNA;20;20898172
SULEMAN;MÊ¯CZYZNA;20;20898192
XIAO;MÊ¯CZYZNA;20;20898212
DEVENDRA;MÊ¯CZYZNA;20;20898232
ROBERTI;MÊ¯CZYZNA;20;20898252
IUZA;MÊ¯CZYZNA;20;20898272
JUKKA;MÊ¯CZYZNA;20;20898292
AHSAN;MÊ¯CZYZNA;20;20898312
RIKO;MÊ¯CZYZNA;20;20898332
TUFAN;MÊ¯CZYZNA;20;20898352
QUY;MÊ¯CZYZNA;20;20898372
BRANISLAU;MÊ¯CZYZNA;20;20898392
JARI;MÊ¯CZYZNA;20;20898412
SAYMON;MÊ¯CZYZNA;20;20898432
MÜCAH?T;MÊ¯CZYZNA;20;20898452
IALCHIN;MÊ¯CZYZNA;20;20898472
YUSEF;MÊ¯CZYZNA;20;20898492
ELVIR;MÊ¯CZYZNA;20;20898512
KYRIAKOS;MÊ¯CZYZNA;20;20898532
EOIN;MÊ¯CZYZNA;20;20898552
VADIMS;MÊ¯CZYZNA;20;20898572
GIORA;MÊ¯CZYZNA;20;20898592
ªAH?N;MÊ¯CZYZNA;20;20898612
DOMINGO;MÊ¯CZYZNA;20;20898632
DANYAL;MÊ¯CZYZNA;20;20898652
DAREN;MÊ¯CZYZNA;20;20898672
DEIVIDAS;MÊ¯CZYZNA;20;20898692
GRÉGOIRE;MÊ¯CZYZNA;20;20898712
JIANHUA;MÊ¯CZYZNA;20;20898732
UMIT;MÊ¯CZYZNA;20;20898752
ROCKY;MÊ¯CZYZNA;20;20898772
LEONARDUS;MÊ¯CZYZNA;20;20898792
DAVIS;MÊ¯CZYZNA;20;20898812
IKENNA;MÊ¯CZYZNA;20;20898832
YIFAN;MÊ¯CZYZNA;20;20898852
BAHTIYAR;MÊ¯CZYZNA;20;20898872
CHRISTOFFER;MÊ¯CZYZNA;20;20898892
DEMNA;MÊ¯CZYZNA;20;20898912
M?RTI?;MÊ¯CZYZNA;20;20898932
IOSYF;MÊ¯CZYZNA;20;20898952
HALIM;MÊ¯CZYZNA;20;20898972
AARAV;MÊ¯CZYZNA;20;20898992
HASSEN;MÊ¯CZYZNA;20;20899012
ABBOS;MÊ¯CZYZNA;20;20899032
ROMAS;MÊ¯CZYZNA;20;20899052
ERMAN;MÊ¯CZYZNA;20;20899072
OGANES;MÊ¯CZYZNA;20;20899092
ESAT;MÊ¯CZYZNA;20;20899112
ROVSHEN;MÊ¯CZYZNA;20;20899132
BABU;MÊ¯CZYZNA;20;20899152
KHURRAM;MÊ¯CZYZNA;20;20899172
ATAJAN;MÊ¯CZYZNA;20;20899192
ELEFTHERIOS;MÊ¯CZYZNA;20;20899212
ABHIJEET;MÊ¯CZYZNA;19;20899231
ARSENY;MÊ¯CZYZNA;19;20899250
TIMOTHÉ;MÊ¯CZYZNA;19;20899269
BOTIR;MÊ¯CZYZNA;19;20899288
BERT;MÊ¯CZYZNA;19;20899307
EMRAN;MÊ¯CZYZNA;19;20899326
JONIBEK;MÊ¯CZYZNA;19;20899345
RUBIK;MÊ¯CZYZNA;19;20899364
PETRIT;MÊ¯CZYZNA;19;20899383
SATOSHI;MÊ¯CZYZNA;19;20899402
DEVRAN;MÊ¯CZYZNA;19;20899421
HIEP;MÊ¯CZYZNA;19;20899440
I WAYAN;MÊ¯CZYZNA;19;20899459
KRISTJAN;MÊ¯CZYZNA;19;20899478
IRYNA;MÊ¯CZYZNA;19;20899497
SHAMKHAN;MÊ¯CZYZNA;19;20899516
ZAKI;MÊ¯CZYZNA;19;20899535
YAHAV;MÊ¯CZYZNA;19;20899554
ERGÜN;MÊ¯CZYZNA;19;20899573
CHRISTOFOROS;MÊ¯CZYZNA;19;20899592
HIDEKI;MÊ¯CZYZNA;19;20899611
PHOENIX;MÊ¯CZYZNA;19;20899630
YAO;MÊ¯CZYZNA;19;20899649
ALIKSANDR;MÊ¯CZYZNA;19;20899668
SAMAN;MÊ¯CZYZNA;19;20899687
BAKHTIYORJON;MÊ¯CZYZNA;19;20899706
TEEMU;MÊ¯CZYZNA;19;20899725
HANS-PETER;MÊ¯CZYZNA;19;20899744
MOISÉS;MÊ¯CZYZNA;19;20899763
IMRI;MÊ¯CZYZNA;19;20899782
AVETIK;MÊ¯CZYZNA;19;20899801
SAFET;MÊ¯CZYZNA;19;20899820
KOMANG;MÊ¯CZYZNA;19;20899839
RAMA;MÊ¯CZYZNA;19;20899858
SEIRAN;MÊ¯CZYZNA;19;20899877
AVAZ;MÊ¯CZYZNA;19;20899896
RAFAYEL;MÊ¯CZYZNA;19;20899915
NATALIIA;MÊ¯CZYZNA;19;20899934
ANH DUNG;MÊ¯CZYZNA;19;20899953
ABHINAV;MÊ¯CZYZNA;19;20899972
MIAN;MÊ¯CZYZNA;19;20899991
HAROON;MÊ¯CZYZNA;19;20900010
IBRAIM;MÊ¯CZYZNA;19;20900029
BIAGIO;MÊ¯CZYZNA;19;20900048
OUSMANE;MÊ¯CZYZNA;19;20900067
MKHITAR;MÊ¯CZYZNA;19;20900086
EL MEHDI;MÊ¯CZYZNA;19;20900105
ILO;MÊ¯CZYZNA;19;20900124
SUMON;MÊ¯CZYZNA;19;20900143
KIRI£O;MÊ¯CZYZNA;19;20900162
GERRY;MÊ¯CZYZNA;19;20900181
TAI;MÊ¯CZYZNA;19;20900200
FOTIOS;MÊ¯CZYZNA;19;20900219
DEYAN;MÊ¯CZYZNA;19;20900238
FABRICIO;MÊ¯CZYZNA;19;20900257
RAVID;MÊ¯CZYZNA;19;20900276
BESNIK;MÊ¯CZYZNA;19;20900295
THUY;MÊ¯CZYZNA;19;20900314
IGAR;MÊ¯CZYZNA;19;20900333
HARDZEI;MÊ¯CZYZNA;19;20900352
ERTU?RUL;MÊ¯CZYZNA;19;20900371
BESIM;MÊ¯CZYZNA;19;20900390
AIGARS;MÊ¯CZYZNA;19;20900409
YASEEN;MÊ¯CZYZNA;19;20900428
WASEEM;MÊ¯CZYZNA;19;20900447
SHIO;MÊ¯CZYZNA;19;20900466
SAMWEL;MÊ¯CZYZNA;19;20900485
NILESH;MÊ¯CZYZNA;19;20900504
SUNDAY;MÊ¯CZYZNA;19;20900523
EKSPEDYT;MÊ¯CZYZNA;19;20900542
MAGDY;MÊ¯CZYZNA;19;20900561
PRABIN;MÊ¯CZYZNA;19;20900580
KOBILJON;MÊ¯CZYZNA;19;20900599
EILON;MÊ¯CZYZNA;19;20900618
BISWAJIT;MÊ¯CZYZNA;19;20900637
ARAMAYIS;MÊ¯CZYZNA;19;20900656
SHOKHRUKHBEK;MÊ¯CZYZNA;19;20900675
MYLES;MÊ¯CZYZNA;19;20900694
PETTER;MÊ¯CZYZNA;19;20900713
MOUSA;MÊ¯CZYZNA;19;20900732
JIANJUN;MÊ¯CZYZNA;19;20900751
AKHMET;MÊ¯CZYZNA;19;20900770
RAED;MÊ¯CZYZNA;19;20900789
BRONISLAW;MÊ¯CZYZNA;19;20900808
ROMANS;MÊ¯CZYZNA;19;20900827
ISAIAH;MÊ¯CZYZNA;19;20900846
SERHEI;MÊ¯CZYZNA;19;20900865
FOTIS;MÊ¯CZYZNA;19;20900884
EDIN;MÊ¯CZYZNA;19;20900903
REHAN;MÊ¯CZYZNA;19;20900922
FERIT;MÊ¯CZYZNA;19;20900941
ABDELKARIM;MÊ¯CZYZNA;19;20900960
SARVARBEK;MÊ¯CZYZNA;19;20900979
EGIDIJUS;MÊ¯CZYZNA;19;20900998
THIBAUD;MÊ¯CZYZNA;19;20901017
COªKUN;MÊ¯CZYZNA;19;20901036
JEREMIAS;MÊ¯CZYZNA;19;20901055
ABDURAKHIM;MÊ¯CZYZNA;19;20901074
HALIT;MÊ¯CZYZNA;19;20901093
MATI;MÊ¯CZYZNA;19;20901112
ABDULA;MÊ¯CZYZNA;19;20901131
MIR;MÊ¯CZYZNA;19;20901150
SKARBIMIR;MÊ¯CZYZNA;19;20901169
BENOÎT;MÊ¯CZYZNA;19;20901188
ANDRAS;MÊ¯CZYZNA;19;20901207
TAKAYUKI;MÊ¯CZYZNA;19;20901226
TILL;MÊ¯CZYZNA;19;20901245
HIKMAT;MÊ¯CZYZNA;19;20901264
ARY;MÊ¯CZYZNA;19;20901283
LAHCEN;MÊ¯CZYZNA;19;20901302
AMID;MÊ¯CZYZNA;19;20901321
HOA;MÊ¯CZYZNA;19;20901340
ANTTI;MÊ¯CZYZNA;19;20901359
ARUNAS;MÊ¯CZYZNA;19;20901378
SÖREN;MÊ¯CZYZNA;19;20901397
MASUD;MÊ¯CZYZNA;19;20901416
XIAOWEI;MÊ¯CZYZNA;19;20901435
GADIR;MÊ¯CZYZNA;19;20901454
REINALDO;MÊ¯CZYZNA;19;20901473
MORDECHAY;MÊ¯CZYZNA;19;20901492
BABATUNDE;MÊ¯CZYZNA;19;20901511
KLEOFAS;MÊ¯CZYZNA;19;20901530
ENG?N;MÊ¯CZYZNA;19;20901549
CLIVE;MÊ¯CZYZNA;19;20901568
YEREMII;MÊ¯CZYZNA;19;20901587
ZAMIN;MÊ¯CZYZNA;19;20901606
PIER;MÊ¯CZYZNA;19;20901625
ALTAY;MÊ¯CZYZNA;19;20901644
HARDIK;MÊ¯CZYZNA;19;20901663
MYLAN;MÊ¯CZYZNA;19;20901682
MUSHFIG;MÊ¯CZYZNA;19;20901701
ANIL KUMAR;MÊ¯CZYZNA;19;20901720
SVITLANA;MÊ¯CZYZNA;19;20901739
RONAK;MÊ¯CZYZNA;19;20901758
VAN MINH;MÊ¯CZYZNA;19;20901777
YANISLAV;MÊ¯CZYZNA;19;20901796
ALEKOS;MÊ¯CZYZNA;19;20901815
VÍTOR;MÊ¯CZYZNA;19;20901834
FAIK;MÊ¯CZYZNA;19;20901853
ADILKHAN;MÊ¯CZYZNA;19;20901872
ROBERTUS;MÊ¯CZYZNA;19;20901891
DONARD;MÊ¯CZYZNA;19;20901910
DARKHAN;MÊ¯CZYZNA;19;20901929
POTAP;MÊ¯CZYZNA;19;20901948
MALWIN;MÊ¯CZYZNA;19;20901967
ARDIT;MÊ¯CZYZNA;19;20901986
ALEXI;MÊ¯CZYZNA;19;20902005
O£EH;MÊ¯CZYZNA;19;20902024
BEK?R;MÊ¯CZYZNA;19;20902043
DUSAN;MÊ¯CZYZNA;19;20902062
GEVORK;MÊ¯CZYZNA;19;20902081
OTIS;MÊ¯CZYZNA;19;20902100
JUNG;MÊ¯CZYZNA;19;20902119
JESSIE;MÊ¯CZYZNA;19;20902138
KAILASH;MÊ¯CZYZNA;19;20902157
ZYNOVII;MÊ¯CZYZNA;19;20902176
MATIN;MÊ¯CZYZNA;19;20902195
HERMANUS;MÊ¯CZYZNA;19;20902214
PRIDONI;MÊ¯CZYZNA;19;20902233
TADAS;MÊ¯CZYZNA;19;20902252
?LYAS;MÊ¯CZYZNA;19;20902271
PADAM;MÊ¯CZYZNA;19;20902290
SUDEEP;MÊ¯CZYZNA;19;20902309
KE;MÊ¯CZYZNA;19;20902328
METE;MÊ¯CZYZNA;19;20902347
DI;MÊ¯CZYZNA;19;20902366
LU;MÊ¯CZYZNA;19;20902385
I?AKI;MÊ¯CZYZNA;19;20902404
LIUDMYLA;MÊ¯CZYZNA;19;20902423
RODERYK;MÊ¯CZYZNA;19;20902442
IBRYAM;MÊ¯CZYZNA;19;20902461
ENDER;MÊ¯CZYZNA;19;20902480
HRAYR;MÊ¯CZYZNA;19;20902499
ARES;MÊ¯CZYZNA;19;20902518
TOLIS£AW;MÊ¯CZYZNA;19;20902537
ERYCH;MÊ¯CZYZNA;19;20902556
AIMAN;MÊ¯CZYZNA;19;20902575
HANS-JOACHIM;MÊ¯CZYZNA;19;20902594
JOY;MÊ¯CZYZNA;19;20902613
BULAT;MÊ¯CZYZNA;19;20902632
SUNIL KUMAR;MÊ¯CZYZNA;19;20902651
MEVLUDI;MÊ¯CZYZNA;19;20902670
LUDOVICO;MÊ¯CZYZNA;19;20902689
MURTAZI;MÊ¯CZYZNA;19;20902708
SWEN;MÊ¯CZYZNA;19;20902727
MUKHRANI;MÊ¯CZYZNA;19;20902746
DAMJAN;MÊ¯CZYZNA;19;20902765
ABESALOM;MÊ¯CZYZNA;19;20902784
ARTJOMS;MÊ¯CZYZNA;19;20902803
DMYTRIY;MÊ¯CZYZNA;19;20902822
HAIK;MÊ¯CZYZNA;19;20902841
BIPIN;MÊ¯CZYZNA;19;20902860
VATSLAV;MÊ¯CZYZNA;18;20902878
SANKET;MÊ¯CZYZNA;18;20902896
DIYAR;MÊ¯CZYZNA;18;20902914
ALVI;MÊ¯CZYZNA;18;20902932
AASHISH;MÊ¯CZYZNA;18;20902950
JAC£AW;MÊ¯CZYZNA;18;20902968
SAHIN;MÊ¯CZYZNA;18;20902986
OBIDJON;MÊ¯CZYZNA;18;20903004
ZEZVA;MÊ¯CZYZNA;18;20903022
DHIRAJ;MÊ¯CZYZNA;18;20903040
SIGITAS;MÊ¯CZYZNA;18;20903058
NICCOLO;MÊ¯CZYZNA;18;20903076
GRISHA;MÊ¯CZYZNA;18;20903094
DZHAMAL;MÊ¯CZYZNA;18;20903112
SYLWIAN;MÊ¯CZYZNA;18;20903130
ZIYAD;MÊ¯CZYZNA;18;20903148
GORDEI;MÊ¯CZYZNA;18;20903166
SYKSTUS;MÊ¯CZYZNA;18;20903184
KOICHI;MÊ¯CZYZNA;18;20903202
WILFREDO;MÊ¯CZYZNA;18;20903220
JEVGENIJ;MÊ¯CZYZNA;18;20903238
ATIF;MÊ¯CZYZNA;18;20903256
VALER;MÊ¯CZYZNA;18;20903274
ZHANG;MÊ¯CZYZNA;18;20903292
NAEEM;MÊ¯CZYZNA;18;20903310
STEEN;MÊ¯CZYZNA;18;20903328
NOZIMJON;MÊ¯CZYZNA;18;20903346
CHARBEL;MÊ¯CZYZNA;18;20903364
DIMO;MÊ¯CZYZNA;18;20903382
VÃN H?NG;MÊ¯CZYZNA;18;20903400
ELDARI;MÊ¯CZYZNA;18;20903418
ELMUROD;MÊ¯CZYZNA;18;20903436
NADIAN;MÊ¯CZYZNA;18;20903454
NOUR;MÊ¯CZYZNA;18;20903472
VAN SON;MÊ¯CZYZNA;18;20903490
MAJED;MÊ¯CZYZNA;18;20903508
ROEL;MÊ¯CZYZNA;18;20903526
DANULO;MÊ¯CZYZNA;18;20903544
ELMURAZ;MÊ¯CZYZNA;18;20903562
TAGIR;MÊ¯CZYZNA;18;20903580
MYCHAYLO;MÊ¯CZYZNA;18;20903598
KYRY£O;MÊ¯CZYZNA;18;20903616
FREDY;MÊ¯CZYZNA;18;20903634
AYDEN;MÊ¯CZYZNA;18;20903652
HENRICUS;MÊ¯CZYZNA;18;20903670
HIROKI;MÊ¯CZYZNA;18;20903688
KEANU;MÊ¯CZYZNA;18;20903706
RITESH;MÊ¯CZYZNA;18;20903724
OMRY;MÊ¯CZYZNA;18;20903742
FRANS;MÊ¯CZYZNA;18;20903760
PIERPAOLO;MÊ¯CZYZNA;18;20903778
FULVIO;MÊ¯CZYZNA;18;20903796
MIRAS;MÊ¯CZYZNA;18;20903814
SALEEM;MÊ¯CZYZNA;18;20903832
YESHAYAHU;MÊ¯CZYZNA;18;20903850
MOHAMED ALI;MÊ¯CZYZNA;18;20903868
CENG?Z;MÊ¯CZYZNA;18;20903886
ANTONÍN;MÊ¯CZYZNA;18;20903904
KAKHRAMON;MÊ¯CZYZNA;18;20903922
JUSUF;MÊ¯CZYZNA;18;20903940
GARI;MÊ¯CZYZNA;18;20903958
TILO;MÊ¯CZYZNA;18;20903976
LAMIN;MÊ¯CZYZNA;18;20903994
LUDOS£AW;MÊ¯CZYZNA;18;20904012
NAHOM;MÊ¯CZYZNA;18;20904030
JURY;MÊ¯CZYZNA;18;20904048
ROLAN;MÊ¯CZYZNA;18;20904066
DANU;MÊ¯CZYZNA;18;20904084
PIO;MÊ¯CZYZNA;18;20904102
ZACHARIUSZ;MÊ¯CZYZNA;18;20904120
AAMIR;MÊ¯CZYZNA;18;20904138
KENTARO;MÊ¯CZYZNA;18;20904156
NIRANJAN;MÊ¯CZYZNA;18;20904174
SADI;MÊ¯CZYZNA;18;20904192
MASAYUKI;MÊ¯CZYZNA;18;20904210
JERONIMO;MÊ¯CZYZNA;18;20904228
ASTON;MÊ¯CZYZNA;18;20904246
HALID;MÊ¯CZYZNA;18;20904264
FIDELIS;MÊ¯CZYZNA;18;20904282
BESARIONI;MÊ¯CZYZNA;18;20904300
SPIROS;MÊ¯CZYZNA;18;20904318
WOLFRAM;MÊ¯CZYZNA;18;20904336
JONDO;MÊ¯CZYZNA;18;20904354
VIKTORIIA;MÊ¯CZYZNA;18;20904372
MARTEN;MÊ¯CZYZNA;18;20904390
DAVINDER;MÊ¯CZYZNA;18;20904408
SRINIVASA RAO;MÊ¯CZYZNA;18;20904426
DAMODAR;MÊ¯CZYZNA;18;20904444
FAYZULLO;MÊ¯CZYZNA;18;20904462
RATMYR;MÊ¯CZYZNA;18;20904480
RANDALL;MÊ¯CZYZNA;18;20904498
SHIV;MÊ¯CZYZNA;18;20904516
EDHARD;MÊ¯CZYZNA;18;20904534
GAMAL;MÊ¯CZYZNA;18;20904552
JURIY;MÊ¯CZYZNA;18;20904570
ABHAY;MÊ¯CZYZNA;18;20904588
TAKUNDA;MÊ¯CZYZNA;18;20904606
TARON;MÊ¯CZYZNA;18;20904624
MAKOTO;MÊ¯CZYZNA;18;20904642
WLADYSLAV;MÊ¯CZYZNA;18;20904660
AIVARAS;MÊ¯CZYZNA;18;20904678
ZHI;MÊ¯CZYZNA;18;20904696
TANGUY;MÊ¯CZYZNA;18;20904714
LEENDERT;MÊ¯CZYZNA;18;20904732
MIKHAL;MÊ¯CZYZNA;18;20904750
ISAC;MÊ¯CZYZNA;18;20904768
DANI£;MÊ¯CZYZNA;18;20904786
DANISH;MÊ¯CZYZNA;18;20904804
JONATHON;MÊ¯CZYZNA;18;20904822
HEN;MÊ¯CZYZNA;18;20904840
YULIIA;MÊ¯CZYZNA;18;20904858
WILFRED;MÊ¯CZYZNA;18;20904876
SRIKANTH;MÊ¯CZYZNA;18;20904894
JOSIF;MÊ¯CZYZNA;18;20904912
GERSZON;MÊ¯CZYZNA;18;20904930
GENADIJ;MÊ¯CZYZNA;18;20904948
EZIO;MÊ¯CZYZNA;18;20904966
JI;MÊ¯CZYZNA;18;20904984
GÉRARD;MÊ¯CZYZNA;18;20905002
UMED;MÊ¯CZYZNA;18;20905020
ARVYDAS;MÊ¯CZYZNA;18;20905038
PHUC;MÊ¯CZYZNA;18;20905056
FREDDIE;MÊ¯CZYZNA;18;20905074
MENG;MÊ¯CZYZNA;18;20905092
ABAS;MÊ¯CZYZNA;18;20905110
AKRAMJON;MÊ¯CZYZNA;18;20905128
VARTAN;MÊ¯CZYZNA;18;20905146
RIYAD;MÊ¯CZYZNA;18;20905164
ANDREII;MÊ¯CZYZNA;18;20905182
ALEJO;MÊ¯CZYZNA;18;20905200
NEAL;MÊ¯CZYZNA;18;20905218
ÁRON;MÊ¯CZYZNA;18;20905236
RUSTAMBEK;MÊ¯CZYZNA;18;20905254
EYLON;MÊ¯CZYZNA;18;20905272
JEVGENIJS;MÊ¯CZYZNA;18;20905290
KALIN;MÊ¯CZYZNA;18;20905308
YVAN;MÊ¯CZYZNA;18;20905326
VUK;MÊ¯CZYZNA;18;20905344
DAMON;MÊ¯CZYZNA;18;20905362
YERBOL;MÊ¯CZYZNA;18;20905380
MATÉO;MÊ¯CZYZNA;18;20905398
SILVESTER;MÊ¯CZYZNA;18;20905416
MANOJ KUMAR;MÊ¯CZYZNA;18;20905434
ZOKIR;MÊ¯CZYZNA;18;20905452
BAKYTZHAN;MÊ¯CZYZNA;18;20905470
DANIS;MÊ¯CZYZNA;18;20905488
SHAH;MÊ¯CZYZNA;18;20905506
JEWGENIJ;MÊ¯CZYZNA;18;20905524
KALMAN;MÊ¯CZYZNA;18;20905542
EMRULLAH;MÊ¯CZYZNA;18;20905560
BEKIM;MÊ¯CZYZNA;18;20905578
SHAHRIYAR;MÊ¯CZYZNA;18;20905596
JOVICA;MÊ¯CZYZNA;18;20905614
STEN;MÊ¯CZYZNA;18;20905632
ALTYNBEK;MÊ¯CZYZNA;18;20905650
QING;MÊ¯CZYZNA;18;20905668
SAJAN;MÊ¯CZYZNA;18;20905686
CRISTINEL;MÊ¯CZYZNA;18;20905704
VALIARYAN;MÊ¯CZYZNA;18;20905722
HYUNWOO;MÊ¯CZYZNA;18;20905740
HILLEL;MÊ¯CZYZNA;18;20905758
KRISTIÁN;MÊ¯CZYZNA;18;20905776
VEPHKHVIA;MÊ¯CZYZNA;18;20905794
HAVIER;MÊ¯CZYZNA;18;20905812
MORDKA;MÊ¯CZYZNA;18;20905830
IGNATIUS;MÊ¯CZYZNA;18;20905848
YACOV;MÊ¯CZYZNA;18;20905866
ELISHA;MÊ¯CZYZNA;18;20905884
ASILBEK;MÊ¯CZYZNA;18;20905902
BOZHIDAR;MÊ¯CZYZNA;18;20905920
LEMA;MÊ¯CZYZNA;18;20905938
EWGENIJ;MÊ¯CZYZNA;18;20905956
YELIZAR;MÊ¯CZYZNA;18;20905974
SONU;MÊ¯CZYZNA;18;20905992
I?IGO;MÊ¯CZYZNA;18;20906010
UTKIRBEK;MÊ¯CZYZNA;18;20906028
MIRSAD;MÊ¯CZYZNA;18;20906046
HIKMET;MÊ¯CZYZNA;18;20906064
WAHYU;MÊ¯CZYZNA;18;20906082
ABDELHAKIM;MÊ¯CZYZNA;18;20906100
ALGIS;MÊ¯CZYZNA;18;20906118
VITALLI;MÊ¯CZYZNA;18;20906136
RAVINDRA;MÊ¯CZYZNA;18;20906154
NHAT;MÊ¯CZYZNA;18;20906172
DANKO;MÊ¯CZYZNA;18;20906190
ADKHAMJON;MÊ¯CZYZNA;18;20906208
BAJRAM;MÊ¯CZYZNA;18;20906226
LAM;MÊ¯CZYZNA;18;20906244
AVIGDOR;MÊ¯CZYZNA;18;20906262
DILGAM;MÊ¯CZYZNA;18;20906280
AJI;MÊ¯CZYZNA;18;20906298
ASTRIT;MÊ¯CZYZNA;18;20906316
OM PRAKASH;MÊ¯CZYZNA;18;20906334
AMADEO;MÊ¯CZYZNA;18;20906352
KOSTANTIN;MÊ¯CZYZNA;18;20906370
NADAR;MÊ¯CZYZNA;18;20906388
VIGEN;MÊ¯CZYZNA;18;20906406
GERSHON;MÊ¯CZYZNA;18;20906424
SIEGBERT;MÊ¯CZYZNA;18;20906442
FEHMI;MÊ¯CZYZNA;18;20906460
DACJUSZ;MÊ¯CZYZNA;18;20906478
SHEIKH;MÊ¯CZYZNA;18;20906496
JANNIK;MÊ¯CZYZNA;18;20906514
IACOV;MÊ¯CZYZNA;18;20906532
AURIMAS;MÊ¯CZYZNA;18;20906550
KARO;MÊ¯CZYZNA;18;20906568
IURIY;MÊ¯CZYZNA;17;20906585
SOTIRIS;MÊ¯CZYZNA;17;20906602
REGIS;MÊ¯CZYZNA;17;20906619
SEUNG;MÊ¯CZYZNA;17;20906636
JIMSHERI;MÊ¯CZYZNA;17;20906653
GANGADHAR;MÊ¯CZYZNA;17;20906670
MANAS;MÊ¯CZYZNA;17;20906687
GOPI;MÊ¯CZYZNA;17;20906704
VAIDAS;MÊ¯CZYZNA;17;20906721
CHAD;MÊ¯CZYZNA;17;20906738
AFGAN;MÊ¯CZYZNA;17;20906755
BAKHRUZ;MÊ¯CZYZNA;17;20906772
AVSHALOM;MÊ¯CZYZNA;17;20906789
HAHIK;MÊ¯CZYZNA;17;20906806
VAN TUYEN;MÊ¯CZYZNA;17;20906823
SRI;MÊ¯CZYZNA;17;20906840
ADEEL;MÊ¯CZYZNA;17;20906857
HOVSEP;MÊ¯CZYZNA;17;20906874
THIEN;MÊ¯CZYZNA;17;20906891
SALAMBEK;MÊ¯CZYZNA;17;20906908
KAJUSZ;MÊ¯CZYZNA;17;20906925
GIEORGIJ;MÊ¯CZYZNA;17;20906942
MAYRBEK;MÊ¯CZYZNA;17;20906959
DIYAN;MÊ¯CZYZNA;17;20906976
JAROMIN;MÊ¯CZYZNA;17;20906993
ZIGGY;MÊ¯CZYZNA;17;20907010
IEVHEN;MÊ¯CZYZNA;17;20907027
BOTIRJON;MÊ¯CZYZNA;17;20907044
?RFAN;MÊ¯CZYZNA;17;20907061
AMOR;MÊ¯CZYZNA;17;20907078
ARUNKUMAR;MÊ¯CZYZNA;17;20907095
SANDY;MÊ¯CZYZNA;17;20907112
RIADH;MÊ¯CZYZNA;17;20907129
ALICAN;MÊ¯CZYZNA;17;20907146
OLIM;MÊ¯CZYZNA;17;20907163
ROGELIO;MÊ¯CZYZNA;17;20907180
MINAS;MÊ¯CZYZNA;17;20907197
KURBAN;MÊ¯CZYZNA;17;20907214
MARIS;MÊ¯CZYZNA;17;20907231
MEVLUD;MÊ¯CZYZNA;17;20907248
MICHAJLO;MÊ¯CZYZNA;17;20907265
BEREKET;MÊ¯CZYZNA;17;20907282
OLLI;MÊ¯CZYZNA;17;20907299
ABRORJON;MÊ¯CZYZNA;17;20907316
KURYLO;MÊ¯CZYZNA;17;20907333
DIN;MÊ¯CZYZNA;17;20907350
GIGO;MÊ¯CZYZNA;17;20907367
J?RGEN;MÊ¯CZYZNA;17;20907384
HARDEEP;MÊ¯CZYZNA;17;20907401
TAM;MÊ¯CZYZNA;17;20907418
ANILKUMAR;MÊ¯CZYZNA;17;20907435
SUHROB;MÊ¯CZYZNA;17;20907452
RÚBEN;MÊ¯CZYZNA;17;20907469
YINON;MÊ¯CZYZNA;17;20907486
ABDURASUL;MÊ¯CZYZNA;17;20907503
CHUKWUEMEKA;MÊ¯CZYZNA;17;20907520
PRASHANTH;MÊ¯CZYZNA;17;20907537
TEODORO;MÊ¯CZYZNA;17;20907554
ALAKBAR;MÊ¯CZYZNA;17;20907571
OLEKSNADR;MÊ¯CZYZNA;17;20907588
BLERIM;MÊ¯CZYZNA;17;20907605
HIERMAN;MÊ¯CZYZNA;17;20907622
TONG;MÊ¯CZYZNA;17;20907639
AVETIS;MÊ¯CZYZNA;17;20907656
KARI;MÊ¯CZYZNA;17;20907673
SANAT;MÊ¯CZYZNA;17;20907690
ATREM;MÊ¯CZYZNA;17;20907707
KUDAKWASHE;MÊ¯CZYZNA;17;20907724
FREDRICK;MÊ¯CZYZNA;17;20907741
GAGI;MÊ¯CZYZNA;17;20907758
PEKKA;MÊ¯CZYZNA;17;20907775
NURETTIN;MÊ¯CZYZNA;17;20907792
ASHIK;MÊ¯CZYZNA;17;20907809
PARAHAT;MÊ¯CZYZNA;17;20907826
GENO;MÊ¯CZYZNA;17;20907843
PETKO;MÊ¯CZYZNA;17;20907860
?OR?E;MÊ¯CZYZNA;17;20907877
LEOKADIUSZ;MÊ¯CZYZNA;17;20907894
RICK;MÊ¯CZYZNA;17;20907911
ASIER;MÊ¯CZYZNA;17;20907928
ALHERD;MÊ¯CZYZNA;17;20907945
FERUZ;MÊ¯CZYZNA;17;20907962
REX;MÊ¯CZYZNA;17;20907979
ZUKHRIDDIN;MÊ¯CZYZNA;17;20907996
RHYS;MÊ¯CZYZNA;17;20908013
VISKHAN;MÊ¯CZYZNA;17;20908030
SONY;MÊ¯CZYZNA;17;20908047
ALBERTI;MÊ¯CZYZNA;17;20908064
LAURYNAS;MÊ¯CZYZNA;17;20908081
DANYIIL;MÊ¯CZYZNA;17;20908098
TAKUMI;MÊ¯CZYZNA;17;20908115
ZANE;MÊ¯CZYZNA;17;20908132
RUBENS;MÊ¯CZYZNA;17;20908149
SUNAY;MÊ¯CZYZNA;17;20908166
KHIZIR;MÊ¯CZYZNA;17;20908183
DAT;MÊ¯CZYZNA;17;20908200
BINYAMIN;MÊ¯CZYZNA;17;20908217
ENDRE;MÊ¯CZYZNA;17;20908234
CAO;MÊ¯CZYZNA;17;20908251
JAVANSHIR;MÊ¯CZYZNA;17;20908268
MAKHMUDJON;MÊ¯CZYZNA;17;20908285
ELYES;MÊ¯CZYZNA;17;20908302
YASSIR;MÊ¯CZYZNA;17;20908319
FAYEZ;MÊ¯CZYZNA;17;20908336
BERNARDUS;MÊ¯CZYZNA;17;20908353
YOHANNES;MÊ¯CZYZNA;17;20908370
ARPAD;MÊ¯CZYZNA;17;20908387
JOSHGUN;MÊ¯CZYZNA;17;20908404
ARCHIBALD;MÊ¯CZYZNA;17;20908421
DANIYEL;MÊ¯CZYZNA;17;20908438
MYHAYLO;MÊ¯CZYZNA;17;20908455
JAKOV;MÊ¯CZYZNA;17;20908472
STANKO;MÊ¯CZYZNA;17;20908489
MENAHEM;MÊ¯CZYZNA;17;20908506
ERDINCH;MÊ¯CZYZNA;17;20908523
GUGLIELMO;MÊ¯CZYZNA;17;20908540
JAKOW;MÊ¯CZYZNA;17;20908557
NAVID;MÊ¯CZYZNA;17;20908574
TEJAS;MÊ¯CZYZNA;17;20908591
ALONSO;MÊ¯CZYZNA;17;20908608
LAITH;MÊ¯CZYZNA;17;20908625
ARPAN;MÊ¯CZYZNA;17;20908642
BEYTULLAH;MÊ¯CZYZNA;17;20908659
KHANH;MÊ¯CZYZNA;17;20908676
NICKY;MÊ¯CZYZNA;17;20908693
BIRUK;MÊ¯CZYZNA;17;20908710
TUOMAS;MÊ¯CZYZNA;17;20908727
ABUBAKR;MÊ¯CZYZNA;17;20908744
HAYDEN;MÊ¯CZYZNA;17;20908761
RAJESH KUMAR;MÊ¯CZYZNA;17;20908778
PUTU;MÊ¯CZYZNA;17;20908795
SHREYAS;MÊ¯CZYZNA;17;20908812
NAYDEN;MÊ¯CZYZNA;17;20908829
TALEH;MÊ¯CZYZNA;17;20908846
VARDGES;MÊ¯CZYZNA;17;20908863
LAMBROS;MÊ¯CZYZNA;17;20908880
QU?C;MÊ¯CZYZNA;17;20908897
SUBHAN;MÊ¯CZYZNA;17;20908914
DETLEV;MÊ¯CZYZNA;17;20908931
DZHAMSHED;MÊ¯CZYZNA;17;20908948
VÃN NAM;MÊ¯CZYZNA;17;20908965
BU?RA;MÊ¯CZYZNA;17;20908982
METEHAN;MÊ¯CZYZNA;17;20908999
CHOKRI;MÊ¯CZYZNA;17;20909016
BAO NAM;MÊ¯CZYZNA;17;20909033
DONIYORBEK;MÊ¯CZYZNA;17;20909050
NIALL;MÊ¯CZYZNA;17;20909067
ARTYR;MÊ¯CZYZNA;17;20909084
ABHIJIT;MÊ¯CZYZNA;17;20909101
TADEUS;MÊ¯CZYZNA;17;20909118
ETAI;MÊ¯CZYZNA;17;20909135
JIANMIN;MÊ¯CZYZNA;17;20909152
WIÊCES£AW;MÊ¯CZYZNA;17;20909169
EYAD;MÊ¯CZYZNA;17;20909186
BYRON;MÊ¯CZYZNA;17;20909203
DRITON;MÊ¯CZYZNA;17;20909220
TADIWANASHE;MÊ¯CZYZNA;17;20909237
SYDNEY;MÊ¯CZYZNA;17;20909254
RUPESH;MÊ¯CZYZNA;17;20909271
MORAN;MÊ¯CZYZNA;17;20909288
BARTOSCH;MÊ¯CZYZNA;17;20909305
DAVLAT;MÊ¯CZYZNA;17;20909322
YOHAN;MÊ¯CZYZNA;17;20909339
TAKAHIRO;MÊ¯CZYZNA;17;20909356
WALDEMARD;MÊ¯CZYZNA;17;20909373
MORTEZA;MÊ¯CZYZNA;17;20909390
ARUTIUN;MÊ¯CZYZNA;17;20909407
ZUBAIR;MÊ¯CZYZNA;17;20909424
SALEKH;MÊ¯CZYZNA;17;20909441
LEANARD;MÊ¯CZYZNA;17;20909458
JIJO;MÊ¯CZYZNA;17;20909475
SHAILESH;MÊ¯CZYZNA;17;20909492
BAKYT;MÊ¯CZYZNA;17;20909509
MADAN;MÊ¯CZYZNA;17;20909526
DAMYAN;MÊ¯CZYZNA;17;20909543
ADVIK;MÊ¯CZYZNA;17;20909560
TRAN;MÊ¯CZYZNA;17;20909577
TADEJ;MÊ¯CZYZNA;17;20909594
GURPREET SINGH;MÊ¯CZYZNA;17;20909611
SOURAV;MÊ¯CZYZNA;17;20909628
ATHUL;MÊ¯CZYZNA;17;20909645
ABIN;MÊ¯CZYZNA;17;20909662
RADZH;MÊ¯CZYZNA;17;20909679
NUSRET;MÊ¯CZYZNA;17;20909696
RAJKO;MÊ¯CZYZNA;17;20909713
DONOVAN;MÊ¯CZYZNA;17;20909730
TOR;MÊ¯CZYZNA;17;20909747
ALAEDDINE;MÊ¯CZYZNA;17;20909764
SYLVESTR;MÊ¯CZYZNA;17;20909781
SANTOSH KUMAR;MÊ¯CZYZNA;17;20909798
HUDSON;MÊ¯CZYZNA;17;20909815
YOSEPH;MÊ¯CZYZNA;17;20909832
SAMRAT;MÊ¯CZYZNA;17;20909849
RUDRA;MÊ¯CZYZNA;17;20909866
SUN;MÊ¯CZYZNA;17;20909883
SWAPNIL;MÊ¯CZYZNA;17;20909900
MEL?H;MÊ¯CZYZNA;17;20909917
KARTLOS;MÊ¯CZYZNA;17;20909934
STRAHIL;MÊ¯CZYZNA;17;20909951
DEDI;MÊ¯CZYZNA;17;20909968
SHLOMI;MÊ¯CZYZNA;17;20909985
EZECHIEL;MÊ¯CZYZNA;17;20910002
RENAUD;MÊ¯CZYZNA;17;20910019
FARMAN;MÊ¯CZYZNA;17;20910036
VANIK;MÊ¯CZYZNA;17;20910053
NAVRUZ;MÊ¯CZYZNA;17;20910070
MUKHAMED;MÊ¯CZYZNA;17;20910087
HERI;MÊ¯CZYZNA;17;20910104
NAHUM;MÊ¯CZYZNA;17;20910121
BARNIM;MÊ¯CZYZNA;17;20910138
HAYDER;MÊ¯CZYZNA;17;20910155
SHABAN;MÊ¯CZYZNA;17;20910172
KEISUKE;MÊ¯CZYZNA;17;20910189
DIDAR;MÊ¯CZYZNA;17;20910206
DOGAN;MÊ¯CZYZNA;17;20910223
VAHRAM;MÊ¯CZYZNA;17;20910240
NIAZ;MÊ¯CZYZNA;17;20910257
IASHA;MÊ¯CZYZNA;17;20910274
MUKHRIDDIN;MÊ¯CZYZNA;17;20910291
STJEPAN;MÊ¯CZYZNA;17;20910308
KHVTISO;MÊ¯CZYZNA;17;20910325
NAHID;MÊ¯CZYZNA;17;20910342
HELGE;MÊ¯CZYZNA;17;20910359
?SA;MÊ¯CZYZNA;17;20910376
RICKARD;MÊ¯CZYZNA;17;20910393
AMRITPAL;MÊ¯CZYZNA;17;20910410
INTIZAM;MÊ¯CZYZNA;17;20910427
TALEKH;MÊ¯CZYZNA;17;20910444
PETRONIUSZ;MÊ¯CZYZNA;17;20910461
LAZARO;MÊ¯CZYZNA;17;20910478
MIKO;MÊ¯CZYZNA;16;20910494
ALASTAIR;MÊ¯CZYZNA;16;20910510
SELMAN;MÊ¯CZYZNA;16;20910526
SLAVOMÍR;MÊ¯CZYZNA;16;20910542
KANG;MÊ¯CZYZNA;16;20910558
MARKS;MÊ¯CZYZNA;16;20910574
RUBEL;MÊ¯CZYZNA;16;20910590
ZEYNEL;MÊ¯CZYZNA;16;20910606
KUSHAL;MÊ¯CZYZNA;16;20910622
FADY;MÊ¯CZYZNA;16;20910638
BATU;MÊ¯CZYZNA;16;20910654
LORAN;MÊ¯CZYZNA;16;20910670
GEVA;MÊ¯CZYZNA;16;20910686
NEDIM;MÊ¯CZYZNA;16;20910702
RÃZVAN;MÊ¯CZYZNA;16;20910718
ARLEN;MÊ¯CZYZNA;16;20910734
ROBINSON;MÊ¯CZYZNA;16;20910750
CASSIAN;MÊ¯CZYZNA;16;20910766
IZHAK;MÊ¯CZYZNA;16;20910782
BAUTISTA;MÊ¯CZYZNA;16;20910798
XING;MÊ¯CZYZNA;16;20910814
ANSAR;MÊ¯CZYZNA;16;20910830
SHALEV;MÊ¯CZYZNA;16;20910846
SALAMON;MÊ¯CZYZNA;16;20910862
DARDAN;MÊ¯CZYZNA;16;20910878
RAMEZ;MÊ¯CZYZNA;16;20910894
KRISTÓF;MÊ¯CZYZNA;16;20910910
MILÁN;MÊ¯CZYZNA;16;20910926
ACHMAD;MÊ¯CZYZNA;16;20910942
ASSET;MÊ¯CZYZNA;16;20910958
NURDAULET;MÊ¯CZYZNA;16;20910974
SOKOL;MÊ¯CZYZNA;16;20910990
ACHIKO;MÊ¯CZYZNA;16;20911006
BINU;MÊ¯CZYZNA;16;20911022
DALE;MÊ¯CZYZNA;16;20911038
OLEKSYI;MÊ¯CZYZNA;16;20911054
KOLYO;MÊ¯CZYZNA;16;20911070
JUMA;MÊ¯CZYZNA;16;20911086
RAJINDER;MÊ¯CZYZNA;16;20911102
WEN;MÊ¯CZYZNA;16;20911118
MSTYSLAV;MÊ¯CZYZNA;16;20911134
BRENO;MÊ¯CZYZNA;16;20911150
LIDOR;MÊ¯CZYZNA;16;20911166
FAROUK;MÊ¯CZYZNA;16;20911182
YOURI;MÊ¯CZYZNA;16;20911198
MANUCHEHR;MÊ¯CZYZNA;16;20911214
LIBIN;MÊ¯CZYZNA;16;20911230
RENEUSZ;MÊ¯CZYZNA;16;20911246
SVITOSLAV;MÊ¯CZYZNA;16;20911262
YANAI;MÊ¯CZYZNA;16;20911278
PAU;MÊ¯CZYZNA;16;20911294
XABIER;MÊ¯CZYZNA;16;20911310
FILLIP;MÊ¯CZYZNA;16;20911326
HAVRYIL;MÊ¯CZYZNA;16;20911342
DAGOMIR;MÊ¯CZYZNA;16;20911358
APTI;MÊ¯CZYZNA;16;20911374
MEDET;MÊ¯CZYZNA;16;20911390
KOMILJON;MÊ¯CZYZNA;16;20911406
TOUFIK;MÊ¯CZYZNA;16;20911422
OLOF;MÊ¯CZYZNA;16;20911438
ANH TU;MÊ¯CZYZNA;16;20911454
ROMUALDAS;MÊ¯CZYZNA;16;20911470
SZLAMA;MÊ¯CZYZNA;16;20911486
JUNJIE;MÊ¯CZYZNA;16;20911502
KAMLESH;MÊ¯CZYZNA;16;20911518
ªEVKET;MÊ¯CZYZNA;16;20911534
YANEK;MÊ¯CZYZNA;16;20911550
NEEL;MÊ¯CZYZNA;16;20911566
ZAVEN;MÊ¯CZYZNA;16;20911582
SAFAR;MÊ¯CZYZNA;16;20911598
SANJAYA;MÊ¯CZYZNA;16;20911614
VAN NAM;MÊ¯CZYZNA;16;20911630
ALKHAZUR;MÊ¯CZYZNA;16;20911646
VÃN D?NG;MÊ¯CZYZNA;16;20911662
IVANOV;MÊ¯CZYZNA;16;20911678
I KOMANG;MÊ¯CZYZNA;16;20911694
SANTO;MÊ¯CZYZNA;16;20911710
DYZMA;MÊ¯CZYZNA;16;20911726
MARADI;MÊ¯CZYZNA;16;20911742
GOLAN;MÊ¯CZYZNA;16;20911758
LJUBOMIR;MÊ¯CZYZNA;16;20911774
AMANGELDI;MÊ¯CZYZNA;16;20911790
DENZEL;MÊ¯CZYZNA;16;20911806
GIENADIJ;MÊ¯CZYZNA;16;20911822
BEJAN;MÊ¯CZYZNA;16;20911838
HANG;MÊ¯CZYZNA;16;20911854
SIVAKUMAR;MÊ¯CZYZNA;16;20911870
ABHIJITH;MÊ¯CZYZNA;16;20911886
EDGARAS;MÊ¯CZYZNA;16;20911902
WAHID;MÊ¯CZYZNA;16;20911918
ISHAK;MÊ¯CZYZNA;16;20911934
SUJIT;MÊ¯CZYZNA;16;20911950
NIYAZI;MÊ¯CZYZNA;16;20911966
ISRAFIL;MÊ¯CZYZNA;16;20911982
DHAN;MÊ¯CZYZNA;16;20911998
SKYLER;MÊ¯CZYZNA;16;20912014
KI;MÊ¯CZYZNA;16;20912030
AVNI;MÊ¯CZYZNA;16;20912046
PRATEEK;MÊ¯CZYZNA;16;20912062
SAHAK;MÊ¯CZYZNA;16;20912078
HAVRYLO;MÊ¯CZYZNA;16;20912094
SHUKHRATJON;MÊ¯CZYZNA;16;20912110
TYRONE;MÊ¯CZYZNA;16;20912126
JAAFAR;MÊ¯CZYZNA;16;20912142
ALEKSII;MÊ¯CZYZNA;16;20912158
KONSTANT?NS;MÊ¯CZYZNA;16;20912174
JURGIS;MÊ¯CZYZNA;16;20912190
SHAHBAZ;MÊ¯CZYZNA;16;20912206
MURATBEK;MÊ¯CZYZNA;16;20912222
MNATSAKAN;MÊ¯CZYZNA;16;20912238
FAIZ;MÊ¯CZYZNA;16;20912254
PHU;MÊ¯CZYZNA;16;20912270
M?NH H?NG;MÊ¯CZYZNA;16;20912286
BLAISE;MÊ¯CZYZNA;16;20912302
UPENDRA;MÊ¯CZYZNA;16;20912318
JIA;MÊ¯CZYZNA;16;20912334
ANASTASIIA;MÊ¯CZYZNA;16;20912350
STERGIOS;MÊ¯CZYZNA;16;20912366
DO?UKAN;MÊ¯CZYZNA;16;20912382
SEMYON;MÊ¯CZYZNA;16;20912398
RAIMOND;MÊ¯CZYZNA;16;20912414
AAYAN;MÊ¯CZYZNA;16;20912430
BLEDAR;MÊ¯CZYZNA;16;20912446
SHUKRI;MÊ¯CZYZNA;16;20912462
SYGIT;MÊ¯CZYZNA;16;20912478
NUH;MÊ¯CZYZNA;16;20912494
GIOVANI;MÊ¯CZYZNA;16;20912510
WAQAR;MÊ¯CZYZNA;16;20912526
SURINDER;MÊ¯CZYZNA;16;20912542
SUDHAKAR;MÊ¯CZYZNA;16;20912558
WILLIAN;MÊ¯CZYZNA;16;20912574
XIAOJUN;MÊ¯CZYZNA;16;20912590
IANCU;MÊ¯CZYZNA;16;20912606
JACUB;MÊ¯CZYZNA;16;20912622
PROSPER;MÊ¯CZYZNA;16;20912638
KUTAY;MÊ¯CZYZNA;16;20912654
RAMINI;MÊ¯CZYZNA;16;20912670
BHARATH;MÊ¯CZYZNA;16;20912686
BLESSING;MÊ¯CZYZNA;16;20912702
ABDELGHANI;MÊ¯CZYZNA;16;20912718
GUMBAT;MÊ¯CZYZNA;16;20912734
AMRAH;MÊ¯CZYZNA;16;20912750
ZHIQIANG;MÊ¯CZYZNA;16;20912766
MUNYARADZI;MÊ¯CZYZNA;16;20912782
GENRIKH;MÊ¯CZYZNA;16;20912798
BAKHTIIAR;MÊ¯CZYZNA;16;20912814
CIARAN;MÊ¯CZYZNA;16;20912830
FALKO;MÊ¯CZYZNA;16;20912846
IYAD;MÊ¯CZYZNA;16;20912862
SRINIVASAN;MÊ¯CZYZNA;16;20912878
ROWAN;MÊ¯CZYZNA;16;20912894
ITALO;MÊ¯CZYZNA;16;20912910
VAN TIEN;MÊ¯CZYZNA;16;20912926
SELAHATT?N;MÊ¯CZYZNA;16;20912942
¼UBOMÍR;MÊ¯CZYZNA;16;20912958
GODZIS£AW;MÊ¯CZYZNA;16;20912974
LINO;MÊ¯CZYZNA;16;20912990
MOUHAMED;MÊ¯CZYZNA;16;20913006
VLADZIMIR;MÊ¯CZYZNA;16;20913022
TUNA;MÊ¯CZYZNA;16;20913038
DUY HUNG;MÊ¯CZYZNA;16;20913054
ILARII;MÊ¯CZYZNA;16;20913070
ALAM;MÊ¯CZYZNA;16;20913086
DIEMID;MÊ¯CZYZNA;16;20913102
BRICE;MÊ¯CZYZNA;16;20913118
SULIMAN;MÊ¯CZYZNA;16;20913134
HAGAY;MÊ¯CZYZNA;16;20913150
TEK;MÊ¯CZYZNA;16;20913166
THE;MÊ¯CZYZNA;16;20913182
ANATOLYI;MÊ¯CZYZNA;16;20913198
HEMANT;MÊ¯CZYZNA;16;20913214
JEFFERY;MÊ¯CZYZNA;16;20913230
IGNAZIO;MÊ¯CZYZNA;16;20913246
KEI;MÊ¯CZYZNA;16;20913262
MATEUSH;MÊ¯CZYZNA;16;20913278
RAFIG;MÊ¯CZYZNA;16;20913294
AREG;MÊ¯CZYZNA;16;20913310
NATALIAN;MÊ¯CZYZNA;16;20913326
ZORYAN;MÊ¯CZYZNA;16;20913342
MORAD;MÊ¯CZYZNA;16;20913358
LOTARIUSZ;MÊ¯CZYZNA;16;20913374
C?T?LIN;MÊ¯CZYZNA;16;20913390
ILHAR;MÊ¯CZYZNA;16;20913406
ODON;MÊ¯CZYZNA;16;20913422
KHAMZA;MÊ¯CZYZNA;16;20913438
ESSAM;MÊ¯CZYZNA;16;20913454
BASEM;MÊ¯CZYZNA;16;20913470
SERGEN;MÊ¯CZYZNA;16;20913486
BOBAN;MÊ¯CZYZNA;16;20913502
VAN QUANG;MÊ¯CZYZNA;16;20913518
GENADII;MÊ¯CZYZNA;16;20913534
THADDÄUS;MÊ¯CZYZNA;16;20913550
NURMUKHAMMAD;MÊ¯CZYZNA;16;20913566
YÜKSEL;MÊ¯CZYZNA;16;20913582
LUBOS£AW;MÊ¯CZYZNA;16;20913598
BILGUUN;MÊ¯CZYZNA;16;20913614
AAYUSH;MÊ¯CZYZNA;16;20913630
HENOK;MÊ¯CZYZNA;16;20913646
TYSON;MÊ¯CZYZNA;16;20913662
ARTEMIJ;MÊ¯CZYZNA;16;20913678
ZACHARIAH;MÊ¯CZYZNA;16;20913694
STANYSLAV;MÊ¯CZYZNA;16;20913710
KRYSTOF;MÊ¯CZYZNA;16;20913726
ADKHAM;MÊ¯CZYZNA;16;20913742
RIDHA;MÊ¯CZYZNA;16;20913758
BOGUSLAW;MÊ¯CZYZNA;16;20913774
IONU?;MÊ¯CZYZNA;16;20913790
VIHAAN;MÊ¯CZYZNA;16;20913806
VIRGINIJUS;MÊ¯CZYZNA;16;20913822
?HSAN;MÊ¯CZYZNA;16;20913838
ABDOULAYE;MÊ¯CZYZNA;16;20913854
TAOUFIK;MÊ¯CZYZNA;16;20913870
MANI;MÊ¯CZYZNA;16;20913886
MEKHMAN;MÊ¯CZYZNA;16;20913902
NARINDER;MÊ¯CZYZNA;16;20913918
CHAN;MÊ¯CZYZNA;16;20913934
MICHEAL;MÊ¯CZYZNA;16;20913950
PAWLOS;MÊ¯CZYZNA;16;20913966
JIAWEI;MÊ¯CZYZNA;16;20913982
GADI;MÊ¯CZYZNA;16;20913998
IDRISS;MÊ¯CZYZNA;16;20914014
SVEATOSLAV;MÊ¯CZYZNA;16;20914030
ERCHARD;MÊ¯CZYZNA;16;20914046
DURAN;MÊ¯CZYZNA;15;20914061
TELMO;MÊ¯CZYZNA;15;20914076
REMCO;MÊ¯CZYZNA;15;20914091
RUDIK;MÊ¯CZYZNA;15;20914106
HARRIS;MÊ¯CZYZNA;15;20914121
ARSALAN;MÊ¯CZYZNA;15;20914136
LIUDVIH;MÊ¯CZYZNA;15;20914151
VALERIJS;MÊ¯CZYZNA;15;20914166
AKMYRAT;MÊ¯CZYZNA;15;20914181
TENDAI;MÊ¯CZYZNA;15;20914196
MUROD;MÊ¯CZYZNA;15;20914211
O£EKSIJ;MÊ¯CZYZNA;15;20914226
MASUM;MÊ¯CZYZNA;15;20914241
GREGOIRE;MÊ¯CZYZNA;15;20914256
VAN HIEN;MÊ¯CZYZNA;15;20914271
JEONG;MÊ¯CZYZNA;15;20914286
BEKZAT;MÊ¯CZYZNA;15;20914301
REMIGIJUS;MÊ¯CZYZNA;15;20914316
TOMMI;MÊ¯CZYZNA;15;20914331
VALDIS;MÊ¯CZYZNA;15;20914346
ABISHEK;MÊ¯CZYZNA;15;20914361
URSYN;MÊ¯CZYZNA;15;20914376
HIDIR;MÊ¯CZYZNA;15;20914391
AGAJAN;MÊ¯CZYZNA;15;20914406
ELIRAN;MÊ¯CZYZNA;15;20914421
IRAKLII;MÊ¯CZYZNA;15;20914436
ABDULMALIK;MÊ¯CZYZNA;15;20914451
DOLEV;MÊ¯CZYZNA;15;20914466
VASKO;MÊ¯CZYZNA;15;20914481
EYTAN;MÊ¯CZYZNA;15;20914496
MANUK;MÊ¯CZYZNA;15;20914511
SIAMEN;MÊ¯CZYZNA;15;20914526
MUSSA;MÊ¯CZYZNA;15;20914541
CHINONSO;MÊ¯CZYZNA;15;20914556
KESHAB;MÊ¯CZYZNA;15;20914571
HAIFENG;MÊ¯CZYZNA;15;20914586
SHRAGA;MÊ¯CZYZNA;15;20914601
VITALIJUS;MÊ¯CZYZNA;15;20914616
TANMAY;MÊ¯CZYZNA;15;20914631
VINAYAK;MÊ¯CZYZNA;15;20914646
KISHOR;MÊ¯CZYZNA;15;20914661
NETRA;MÊ¯CZYZNA;15;20914676
ELMADIN;MÊ¯CZYZNA;15;20914691
KHOA;MÊ¯CZYZNA;15;20914706
LOKMAN;MÊ¯CZYZNA;15;20914721
SHAN;MÊ¯CZYZNA;15;20914736
SATORU;MÊ¯CZYZNA;15;20914751
ERSAN;MÊ¯CZYZNA;15;20914766
BAKHROMJON;MÊ¯CZYZNA;15;20914781
ELIZAR;MÊ¯CZYZNA;15;20914796
MATTEUS;MÊ¯CZYZNA;15;20914811
WARCIS£AW;MÊ¯CZYZNA;15;20914826
MAXIMILIAAN;MÊ¯CZYZNA;15;20914841
RANJAN;MÊ¯CZYZNA;15;20914856
LECHI;MÊ¯CZYZNA;15;20914871
VARGHESE;MÊ¯CZYZNA;15;20914886
LEOPOLDO;MÊ¯CZYZNA;15;20914901
TAKIS;MÊ¯CZYZNA;15;20914916
CHASE;MÊ¯CZYZNA;15;20914931
DIONISII;MÊ¯CZYZNA;15;20914946
VIATCHESLAV;MÊ¯CZYZNA;15;20914961
YANNIS;MÊ¯CZYZNA;15;20914976
DIMITRO;MÊ¯CZYZNA;15;20914991
HIREN;MÊ¯CZYZNA;15;20915006
SEAD;MÊ¯CZYZNA;15;20915021
GANGA;MÊ¯CZYZNA;15;20915036
ZAURBEK;MÊ¯CZYZNA;15;20915051
VALERYI;MÊ¯CZYZNA;15;20915066
IKRAM;MÊ¯CZYZNA;15;20915081
DRISS;MÊ¯CZYZNA;15;20915096
JAI;MÊ¯CZYZNA;15;20915111
DWI;MÊ¯CZYZNA;15;20915126
YIFTACH;MÊ¯CZYZNA;15;20915141
ENOCH;MÊ¯CZYZNA;15;20915156
SEMKO;MÊ¯CZYZNA;15;20915171
ZYGMUND;MÊ¯CZYZNA;15;20915186
TILEK;MÊ¯CZYZNA;15;20915201
ISHAY;MÊ¯CZYZNA;15;20915216
RIKHARD;MÊ¯CZYZNA;15;20915231
RIKU;MÊ¯CZYZNA;15;20915246
FERDINANDO;MÊ¯CZYZNA;15;20915261
MAZHAR;MÊ¯CZYZNA;15;20915276
ARNAV;MÊ¯CZYZNA;15;20915291
GIANLUIGI;MÊ¯CZYZNA;15;20915306
BARTOLOMEO;MÊ¯CZYZNA;15;20915321
MAJDI;MÊ¯CZYZNA;15;20915336
REIMUND;MÊ¯CZYZNA;15;20915351
RAINDI;MÊ¯CZYZNA;15;20915366
JACKY;MÊ¯CZYZNA;15;20915381
ZAKRO;MÊ¯CZYZNA;15;20915396
TAMAS;MÊ¯CZYZNA;15;20915411
TEJ;MÊ¯CZYZNA;15;20915426
RADZIMIERZ;MÊ¯CZYZNA;15;20915441
DILEEP;MÊ¯CZYZNA;15;20915456
DZIER¯YS£AW;MÊ¯CZYZNA;15;20915471
FARKHODJON;MÊ¯CZYZNA;15;20915486
DORUK;MÊ¯CZYZNA;15;20915501
VIDMANTAS;MÊ¯CZYZNA;15;20915516
GAJUSZ;MÊ¯CZYZNA;15;20915531
ISKENDER;MÊ¯CZYZNA;15;20915546
MAGDI;MÊ¯CZYZNA;15;20915561
NETANEL;MÊ¯CZYZNA;15;20915576
ANKUSH;MÊ¯CZYZNA;15;20915591
DARIJ;MÊ¯CZYZNA;15;20915606
ILYOSBEK;MÊ¯CZYZNA;15;20915621
NAEL;MÊ¯CZYZNA;15;20915636
VITAS;MÊ¯CZYZNA;15;20915651
IGO;MÊ¯CZYZNA;15;20915666
REYANSH;MÊ¯CZYZNA;15;20915681
AMI;MÊ¯CZYZNA;15;20915696
HILMI;MÊ¯CZYZNA;15;20915711
AIDIN;MÊ¯CZYZNA;15;20915726
HERMES;MÊ¯CZYZNA;15;20915741
TOSHIYUKI;MÊ¯CZYZNA;15;20915756
VALON;MÊ¯CZYZNA;15;20915771
MOJSZE;MÊ¯CZYZNA;15;20915786
PROMETEUSZ;MÊ¯CZYZNA;15;20915801
GRACIAN;MÊ¯CZYZNA;15;20915816
ROGERIO;MÊ¯CZYZNA;15;20915831
TSUTOMU;MÊ¯CZYZNA;15;20915846
HAITHEM;MÊ¯CZYZNA;15;20915861
GIERARD;MÊ¯CZYZNA;15;20915876
GÜVEN;MÊ¯CZYZNA;15;20915891
ABRORBEK;MÊ¯CZYZNA;15;20915906
WISSAM;MÊ¯CZYZNA;15;20915921
ETAN;MÊ¯CZYZNA;15;20915936
D¯ORDAN;MÊ¯CZYZNA;15;20915951
DZIAMYAN;MÊ¯CZYZNA;15;20915966
MINJAE;MÊ¯CZYZNA;15;20915981
YE;MÊ¯CZYZNA;15;20915996
AMOL;MÊ¯CZYZNA;15;20916011
CRUZ;MÊ¯CZYZNA;15;20916026
YIGAL;MÊ¯CZYZNA;15;20916041
ZAFARJON;MÊ¯CZYZNA;15;20916056
HASHEM;MÊ¯CZYZNA;15;20916071
NITESH;MÊ¯CZYZNA;15;20916086
RAJIB;MÊ¯CZYZNA;15;20916101
NIKOL;MÊ¯CZYZNA;15;20916116
EDAN;MÊ¯CZYZNA;15;20916131
GENNADI;MÊ¯CZYZNA;15;20916146
CAFER;MÊ¯CZYZNA;15;20916161
SULIS£AW;MÊ¯CZYZNA;15;20916176
PUNEET;MÊ¯CZYZNA;15;20916191
REI;MÊ¯CZYZNA;15;20916206
VOLODYA;MÊ¯CZYZNA;15;20916221
ARTURAS;MÊ¯CZYZNA;15;20916236
ISMAT;MÊ¯CZYZNA;15;20916251
ATTILIO;MÊ¯CZYZNA;15;20916266
ERLEND;MÊ¯CZYZNA;15;20916281
LAURENCJUSZ;MÊ¯CZYZNA;15;20916296
TOLIB;MÊ¯CZYZNA;15;20916311
ABUL;MÊ¯CZYZNA;15;20916326
TARKHAN;MÊ¯CZYZNA;15;20916341
OGÜN;MÊ¯CZYZNA;15;20916356
ALTER;MÊ¯CZYZNA;15;20916371
TARA;MÊ¯CZYZNA;15;20916386
KONDRAD;MÊ¯CZYZNA;15;20916401
GENAD;MÊ¯CZYZNA;15;20916416
ORESTIS;MÊ¯CZYZNA;15;20916431
SHUNSUKE;MÊ¯CZYZNA;15;20916446
YERKIN;MÊ¯CZYZNA;15;20916461
ROYAL;MÊ¯CZYZNA;15;20916476
OSKARS;MÊ¯CZYZNA;15;20916491
PHI;MÊ¯CZYZNA;15;20916506
SATYANARAYANA;MÊ¯CZYZNA;15;20916521
KASTOR;MÊ¯CZYZNA;15;20916536
SULIM;MÊ¯CZYZNA;15;20916551
GÖKSEL;MÊ¯CZYZNA;15;20916566
MUKOLA;MÊ¯CZYZNA;15;20916581
UMUD;MÊ¯CZYZNA;15;20916596
ARAFAT;MÊ¯CZYZNA;15;20916611
YOGEV;MÊ¯CZYZNA;15;20916626
JUDA;MÊ¯CZYZNA;15;20916641
VAN CHIEN;MÊ¯CZYZNA;15;20916656
TAWANDA;MÊ¯CZYZNA;15;20916671
BEZHANI;MÊ¯CZYZNA;15;20916686
NAOKI;MÊ¯CZYZNA;15;20916701
DHARMENDRA;MÊ¯CZYZNA;15;20916716
AKBARJON;MÊ¯CZYZNA;15;20916731
GIA HUY;MÊ¯CZYZNA;15;20916746
YAFIM;MÊ¯CZYZNA;15;20916761
MASAKI;MÊ¯CZYZNA;15;20916776
SANDU;MÊ¯CZYZNA;15;20916791
GIULI;MÊ¯CZYZNA;15;20916806
TRAJAN;MÊ¯CZYZNA;15;20916821
GIGI;MÊ¯CZYZNA;15;20916836
LIAVONTSI;MÊ¯CZYZNA;15;20916851
ERNESTAS;MÊ¯CZYZNA;15;20916866
AVISHAY;MÊ¯CZYZNA;15;20916881
FATMIR;MÊ¯CZYZNA;15;20916896
NYKYFOR;MÊ¯CZYZNA;15;20916911
WITALII;MÊ¯CZYZNA;15;20916926
NABEEL;MÊ¯CZYZNA;15;20916941
ROBEL;MÊ¯CZYZNA;15;20916956
KAMRUL;MÊ¯CZYZNA;15;20916971
SALWIN;MÊ¯CZYZNA;15;20916986
YUSEIN;MÊ¯CZYZNA;15;20917001
JEAN-MARIE;MÊ¯CZYZNA;15;20917016
SAEID;MÊ¯CZYZNA;15;20917031
LIRIDON;MÊ¯CZYZNA;15;20917046
AYAD;MÊ¯CZYZNA;15;20917061
LEONE;MÊ¯CZYZNA;15;20917076
KASTRIOT;MÊ¯CZYZNA;15;20917091
FRANJO;MÊ¯CZYZNA;15;20917106
AIKHAN;MÊ¯CZYZNA;15;20917121
ZACHARIAS;MÊ¯CZYZNA;15;20917136
SAYAN;MÊ¯CZYZNA;15;20917151
DYMITRO;MÊ¯CZYZNA;15;20917166
ALEKSANDRU;MÊ¯CZYZNA;15;20917181
ADRII;MÊ¯CZYZNA;15;20917196
NICKLAS;MÊ¯CZYZNA;15;20917211
VAN HA;MÊ¯CZYZNA;15;20917226
WEIJUN;MÊ¯CZYZNA;15;20917241
SUDHIR;MÊ¯CZYZNA;15;20917256
DRAGOª;MÊ¯CZYZNA;15;20917271
QUANG ANH;MÊ¯CZYZNA;15;20917286
GRAZIANO;MÊ¯CZYZNA;15;20917301
SHER;MÊ¯CZYZNA;15;20917316
AKHROR;MÊ¯CZYZNA;15;20917331
ANDREJUS;MÊ¯CZYZNA;15;20917346
JANOSCH;MÊ¯CZYZNA;15;20917361
DYTMAR;MÊ¯CZYZNA;15;20917376
ELEAZAR;MÊ¯CZYZNA;15;20917391
SHAKHRIYOR;MÊ¯CZYZNA;15;20917406
WAWAN;MÊ¯CZYZNA;15;20917421
GANI;MÊ¯CZYZNA;15;20917436
DRAGOS;MÊ¯CZYZNA;15;20917451
ARNAS;MÊ¯CZYZNA;15;20917466
RAJI;MÊ¯CZYZNA;15;20917481
DYMITROS;MÊ¯CZYZNA;15;20917496
RAOUF;MÊ¯CZYZNA;15;20917511
PATRYCY;MÊ¯CZYZNA;15;20917526
CARMEL;MÊ¯CZYZNA;15;20917541
YUTA;MÊ¯CZYZNA;15;20917556
SAID-MAGOMED;MÊ¯CZYZNA;14;20917570
QUOC ANH;MÊ¯CZYZNA;14;20917584
MIKO£A;MÊ¯CZYZNA;14;20917598
GAVRIIL;MÊ¯CZYZNA;14;20917612
BYUNG;MÊ¯CZYZNA;14;20917626
ROSTISLAW;MÊ¯CZYZNA;14;20917640
DEEP;MÊ¯CZYZNA;14;20917654
GAGANDEEP;MÊ¯CZYZNA;14;20917668
ALIKO;MÊ¯CZYZNA;14;20917682
RABI;MÊ¯CZYZNA;14;20917696
HENRICH;MÊ¯CZYZNA;14;20917710
SUBHASH;MÊ¯CZYZNA;14;20917724
MANSURJON;MÊ¯CZYZNA;14;20917738
KYONG;MÊ¯CZYZNA;14;20917752
SUBIN;MÊ¯CZYZNA;14;20917766
NUTSU;MÊ¯CZYZNA;14;20917780
TERJE;MÊ¯CZYZNA;14;20917794
JOSELITO;MÊ¯CZYZNA;14;20917808
ELAN;MÊ¯CZYZNA;14;20917822
AN;MÊ¯CZYZNA;14;20917836
FRANCESC;MÊ¯CZYZNA;14;20917850
UTKARSH;MÊ¯CZYZNA;14;20917864
BAKHRAM;MÊ¯CZYZNA;14;20917878
FIKRAT;MÊ¯CZYZNA;14;20917892
ZHANAT;MÊ¯CZYZNA;14;20917906
GOSHGAR;MÊ¯CZYZNA;14;20917920
ZHANIBEK;MÊ¯CZYZNA;14;20917934
MEVLÜT;MÊ¯CZYZNA;14;20917948
RAMAKRISHNA;MÊ¯CZYZNA;14;20917962
MOH'D;MÊ¯CZYZNA;14;20917976
ALEXIOS;MÊ¯CZYZNA;14;20917990
MICHA;MÊ¯CZYZNA;14;20918004
FATON;MÊ¯CZYZNA;14;20918018
ASKER;MÊ¯CZYZNA;14;20918032
JUERGEN;MÊ¯CZYZNA;14;20918046
ABZAL;MÊ¯CZYZNA;14;20918060
HI?U;MÊ¯CZYZNA;14;20918074
BABKEN;MÊ¯CZYZNA;14;20918088
DEMJAN;MÊ¯CZYZNA;14;20918102
-;MÊ¯CZYZNA;14;20918116
TAUFIK;MÊ¯CZYZNA;14;20918130
JAROSZ;MÊ¯CZYZNA;14;20918144
THANH BINH;MÊ¯CZYZNA;14;20918158
CEYHUN;MÊ¯CZYZNA;14;20918172
JASPREET;MÊ¯CZYZNA;14;20918186
RODRYK;MÊ¯CZYZNA;14;20918200
KAUSHIK;MÊ¯CZYZNA;14;20918214
JIANZHONG;MÊ¯CZYZNA;14;20918228
PROT;MÊ¯CZYZNA;14;20918242
ALTAN;MÊ¯CZYZNA;14;20918256
FRAN;MÊ¯CZYZNA;14;20918270
MEHMET ALI;MÊ¯CZYZNA;14;20918284
JANAK;MÊ¯CZYZNA;14;20918298
PRITAM;MÊ¯CZYZNA;14;20918312
RAFET;MÊ¯CZYZNA;14;20918326
YUSTYN;MÊ¯CZYZNA;14;20918340
ANDREIS;MÊ¯CZYZNA;14;20918354
JOSE LUIS;MÊ¯CZYZNA;14;20918368
UMAIR;MÊ¯CZYZNA;14;20918382
ODYSSEAS;MÊ¯CZYZNA;14;20918396
SHISHIR;MÊ¯CZYZNA;14;20918410
JOMAR;MÊ¯CZYZNA;14;20918424
ILHOM;MÊ¯CZYZNA;14;20918438
KYLIAN;MÊ¯CZYZNA;14;20918452
YAQOOB;MÊ¯CZYZNA;14;20918466
VÃN H?I;MÊ¯CZYZNA;14;20918480
JUSTAS;MÊ¯CZYZNA;14;20918494
ABAY;MÊ¯CZYZNA;14;20918508
DEIVID;MÊ¯CZYZNA;14;20918522
LAURI;MÊ¯CZYZNA;14;20918536
EZEKIEL;MÊ¯CZYZNA;14;20918550
MÁRCIO;MÊ¯CZYZNA;14;20918564
ISROIL;MÊ¯CZYZNA;14;20918578
SHIBU;MÊ¯CZYZNA;14;20918592
MALICK;MÊ¯CZYZNA;14;20918606
ROSTIS£AW;MÊ¯CZYZNA;14;20918620
THANH TUNG;MÊ¯CZYZNA;14;20918634
KHAN;MÊ¯CZYZNA;14;20918648
CHUKWUEBUKA;MÊ¯CZYZNA;14;20918662
ALGIRDAS;MÊ¯CZYZNA;14;20918676
SOKRATIS;MÊ¯CZYZNA;14;20918690
HAYATO;MÊ¯CZYZNA;14;20918704
THUAN;MÊ¯CZYZNA;14;20918718
KONSTANTSIN;MÊ¯CZYZNA;14;20918732
GERNOT;MÊ¯CZYZNA;14;20918746
MITHUN;MÊ¯CZYZNA;14;20918760
VAN BINH;MÊ¯CZYZNA;14;20918774
HARDIKKUMAR;MÊ¯CZYZNA;14;20918788
RAMUNAS;MÊ¯CZYZNA;14;20918802
VI?T;MÊ¯CZYZNA;14;20918816
ADIS;MÊ¯CZYZNA;14;20918830
KHOJIAKBAR;MÊ¯CZYZNA;14;20918844
LIUBOV;MÊ¯CZYZNA;14;20918858
LACHLAN;MÊ¯CZYZNA;14;20918872
LUDVIG;MÊ¯CZYZNA;14;20918886
SRIDHAR;MÊ¯CZYZNA;14;20918900
SEUNGWOO;MÊ¯CZYZNA;14;20918914
VLODYMYR;MÊ¯CZYZNA;14;20918928
VAN DONG;MÊ¯CZYZNA;14;20918942
DORI;MÊ¯CZYZNA;14;20918956
KOMRON;MÊ¯CZYZNA;14;20918970
DRITAN;MÊ¯CZYZNA;14;20918984
VASILIJS;MÊ¯CZYZNA;14;20918998
DILIAVER;MÊ¯CZYZNA;14;20919012
ARTIEM;MÊ¯CZYZNA;14;20919026
OLDØICH;MÊ¯CZYZNA;14;20919040
BALWINDER;MÊ¯CZYZNA;14;20919054
JAROMÍR;MÊ¯CZYZNA;14;20919068
ESKENDER;MÊ¯CZYZNA;14;20919082
JUNWOO;MÊ¯CZYZNA;14;20919096
JAEHYUN;MÊ¯CZYZNA;14;20919110
STERIOS;MÊ¯CZYZNA;14;20919124
AKYLBEK;MÊ¯CZYZNA;14;20919138
SOSLAN;MÊ¯CZYZNA;14;20919152
KHURSHIDBEK;MÊ¯CZYZNA;14;20919166
SAFA;MÊ¯CZYZNA;14;20919180
WANGELIS;MÊ¯CZYZNA;14;20919194
ULISES;MÊ¯CZYZNA;14;20919208
CATHAL;MÊ¯CZYZNA;14;20919222
MICIOS;MÊ¯CZYZNA;14;20919236
WILI;MÊ¯CZYZNA;14;20919250
EVALDAS;MÊ¯CZYZNA;14;20919264
JEAN-CHARLES;MÊ¯CZYZNA;14;20919278
LAMBERTUS;MÊ¯CZYZNA;14;20919292
VÍT;MÊ¯CZYZNA;14;20919306
MARO;MÊ¯CZYZNA;14;20919320
RADOSTIN;MÊ¯CZYZNA;14;20919334
ORKUN;MÊ¯CZYZNA;14;20919348
SIEMION;MÊ¯CZYZNA;14;20919362
JIHUN;MÊ¯CZYZNA;14;20919376
REMIS£AW;MÊ¯CZYZNA;14;20919390
NEHEMIASZ;MÊ¯CZYZNA;14;20919404
GEDE;MÊ¯CZYZNA;14;20919418
GELODI;MÊ¯CZYZNA;14;20919432
VIACHESLAW;MÊ¯CZYZNA;14;20919446
KALLE;MÊ¯CZYZNA;14;20919460
RAUPH;MÊ¯CZYZNA;14;20919474
DUARTE;MÊ¯CZYZNA;14;20919488
VLADO;MÊ¯CZYZNA;14;20919502
JIBIN;MÊ¯CZYZNA;14;20919516
QASIM;MÊ¯CZYZNA;14;20919530
ELWIR;MÊ¯CZYZNA;14;20919544
KUZEY;MÊ¯CZYZNA;14;20919558
ÇA?LAR;MÊ¯CZYZNA;14;20919572
YAHLI;MÊ¯CZYZNA;14;20919586
WIECZES£AW;MÊ¯CZYZNA;14;20919600
VAN LONG;MÊ¯CZYZNA;14;20919614
RADII;MÊ¯CZYZNA;14;20919628
MATYAS;MÊ¯CZYZNA;14;20919642
ANASTAS;MÊ¯CZYZNA;14;20919656
MAROUANE;MÊ¯CZYZNA;14;20919670
VÃN C??NG;MÊ¯CZYZNA;14;20919684
EVERT;MÊ¯CZYZNA;14;20919698
SERHI;MÊ¯CZYZNA;14;20919712
BOGUCHWA£;MÊ¯CZYZNA;14;20919726
ISIDORO;MÊ¯CZYZNA;14;20919740
OKECHUKWU;MÊ¯CZYZNA;14;20919754
JEAN-LOUIS;MÊ¯CZYZNA;14;20919768
GORDIJ;MÊ¯CZYZNA;14;20919782
NECULAI;MÊ¯CZYZNA;14;20919796
TICHON;MÊ¯CZYZNA;14;20919810
MUHAMMADJON;MÊ¯CZYZNA;14;20919824
UCHE;MÊ¯CZYZNA;14;20919838
EMANUIL;MÊ¯CZYZNA;14;20919852
EDMUNDS;MÊ¯CZYZNA;14;20919866
JUNHAO;MÊ¯CZYZNA;14;20919880
YUTO;MÊ¯CZYZNA;14;20919894
VITALIS;MÊ¯CZYZNA;14;20919908
MOHAMMADREZA;MÊ¯CZYZNA;14;20919922
FAKHRI;MÊ¯CZYZNA;14;20919936
DHAVALKUMAR;MÊ¯CZYZNA;14;20919950
HEYDAR;MÊ¯CZYZNA;14;20919964
TANAS;MÊ¯CZYZNA;14;20919978
NHAT MINH;MÊ¯CZYZNA;14;20919992
HITOSHI;MÊ¯CZYZNA;14;20920006
ULDIS;MÊ¯CZYZNA;14;20920020
ROGÉRIO;MÊ¯CZYZNA;14;20920034
VÃN TH?NG;MÊ¯CZYZNA;14;20920048
KODIRJON;MÊ¯CZYZNA;14;20920062
ZHE;MÊ¯CZYZNA;14;20920076
WOLODIMIR;MÊ¯CZYZNA;14;20920090
ENEI;MÊ¯CZYZNA;14;20920104
SEMUR;MÊ¯CZYZNA;14;20920118
ROBBERT;MÊ¯CZYZNA;14;20920132
KHOI;MÊ¯CZYZNA;14;20920146
CRISTOFORO;MÊ¯CZYZNA;14;20920160
HILMAR;MÊ¯CZYZNA;14;20920174
YAROMIR;MÊ¯CZYZNA;14;20920188
KONSTYANTYN;MÊ¯CZYZNA;14;20920202
ROELOF;MÊ¯CZYZNA;14;20920216
MIECZYSLAW;MÊ¯CZYZNA;14;20920230
ZAYNIDDIN;MÊ¯CZYZNA;14;20920244
ISHAAN;MÊ¯CZYZNA;14;20920258
ATLAS;MÊ¯CZYZNA;14;20920272
THE ANH;MÊ¯CZYZNA;14;20920286
FOZILJON;MÊ¯CZYZNA;14;20920300
TEGUH;MÊ¯CZYZNA;14;20920314
DINESH KUMAR;MÊ¯CZYZNA;14;20920328
SAMAD;MÊ¯CZYZNA;14;20920342
JOB;MÊ¯CZYZNA;14;20920356
SIGIT;MÊ¯CZYZNA;14;20920370
ERMIR;MÊ¯CZYZNA;14;20920384
BENY;MÊ¯CZYZNA;14;20920398
ANIKET;MÊ¯CZYZNA;14;20920412
MADHAV;MÊ¯CZYZNA;14;20920426
EBENEZER;MÊ¯CZYZNA;14;20920440
ELGIZ;MÊ¯CZYZNA;14;20920454
NIZAM;MÊ¯CZYZNA;14;20920468
VÃN TU?N;MÊ¯CZYZNA;14;20920482
ARTIS;MÊ¯CZYZNA;14;20920496
YIMING;MÊ¯CZYZNA;14;20920510
VIKASH;MÊ¯CZYZNA;14;20920524
HAMAD;MÊ¯CZYZNA;14;20920538
MANJIT;MÊ¯CZYZNA;14;20920552
SEKOU;MÊ¯CZYZNA;14;20920566
GARRETT;MÊ¯CZYZNA;14;20920580
NAGARAJU;MÊ¯CZYZNA;14;20920594
OTHMAN;MÊ¯CZYZNA;14;20920608
REMO;MÊ¯CZYZNA;14;20920622
BUBA;MÊ¯CZYZNA;14;20920636
YONGJUN;MÊ¯CZYZNA;14;20920650
NÉSTOR;MÊ¯CZYZNA;14;20920664
ARBEL;MÊ¯CZYZNA;14;20920678
URS;MÊ¯CZYZNA;14;20920692
YULIY;MÊ¯CZYZNA;14;20920706
POVILAS;MÊ¯CZYZNA;14;20920720
JALOLIDDIN;MÊ¯CZYZNA;14;20920734
RAYANE;MÊ¯CZYZNA;14;20920748
YAHEL;MÊ¯CZYZNA;14;20920762
?LHAN;MÊ¯CZYZNA;14;20920776
KAMRONBEK;MÊ¯CZYZNA;14;20920790
ELJASZ;MÊ¯CZYZNA;14;20920804
TULKIN;MÊ¯CZYZNA;14;20920818
DOMICJAN;MÊ¯CZYZNA;14;20920832
YUTAKA;MÊ¯CZYZNA;14;20920846
DAINIS;MÊ¯CZYZNA;14;20920860
NURULLO;MÊ¯CZYZNA;14;20920874
MIZANUR;MÊ¯CZYZNA;14;20920888
EGZON;MÊ¯CZYZNA;14;20920902
MASANORI;MÊ¯CZYZNA;14;20920916
RASULJON;MÊ¯CZYZNA;14;20920930
FARRUH;MÊ¯CZYZNA;14;20920944
IBROHIM;MÊ¯CZYZNA;14;20920958
ALDIYAR;MÊ¯CZYZNA;14;20920972
AYOMIDE;MÊ¯CZYZNA;14;20920986
COLM;MÊ¯CZYZNA;14;20921000
GOTTHARD;MÊ¯CZYZNA;14;20921014
YASUHIRO;MÊ¯CZYZNA;14;20921028
ARLO;MÊ¯CZYZNA;14;20921042
VIRGIL;MÊ¯CZYZNA;14;20921056
ANIBAL;MÊ¯CZYZNA;14;20921070
HRVOJE;MÊ¯CZYZNA;14;20921084
IHAB;MÊ¯CZYZNA;14;20921098
JEAN-CHRISTOPHE;MÊ¯CZYZNA;14;20921112
ALLA;MÊ¯CZYZNA;14;20921126
MAGARAM;MÊ¯CZYZNA;14;20921140
YUFENG;MÊ¯CZYZNA;14;20921154
ARYE;MÊ¯CZYZNA;14;20921168
AGSHIN;MÊ¯CZYZNA;14;20921182
ZAYAN;MÊ¯CZYZNA;14;20921196
RAKHMATILLO;MÊ¯CZYZNA;14;20921210
DICK;MÊ¯CZYZNA;14;20921224
KHAZAR;MÊ¯CZYZNA;14;20921238
ZOHRAB;MÊ¯CZYZNA;14;20921252
IGNAC;MÊ¯CZYZNA;14;20921266
VAN TUNG;MÊ¯CZYZNA;14;20921280
BABAR;MÊ¯CZYZNA;14;20921294
KUVVAT;MÊ¯CZYZNA;14;20921308
SALOKHIDDIN;MÊ¯CZYZNA;14;20921322
MARCU;MÊ¯CZYZNA;14;20921336
ZHONG;MÊ¯CZYZNA;14;20921350
CHIMA;MÊ¯CZYZNA;14;20921364
KHOREN;MÊ¯CZYZNA;14;20921378
OLEKSI;MÊ¯CZYZNA;14;20921392
PAZ;MÊ¯CZYZNA;14;20921406
KARLHEINZ;MÊ¯CZYZNA;14;20921420
VIPUL;MÊ¯CZYZNA;14;20921434
MOULOUD;MÊ¯CZYZNA;14;20921448
EVGUENI;MÊ¯CZYZNA;14;20921462
TORU;MÊ¯CZYZNA;14;20921476
GULADI;MÊ¯CZYZNA;14;20921490
BORUCH;MÊ¯CZYZNA;14;20921504
IUSIF;MÊ¯CZYZNA;14;20921518
JUSTINAS;MÊ¯CZYZNA;14;20921532
SVIATOZAR;MÊ¯CZYZNA;14;20921546
ROBBIE;MÊ¯CZYZNA;14;20921560
ÇETIN;MÊ¯CZYZNA;14;20921574
MEET;MÊ¯CZYZNA;14;20921588
MAËL;MÊ¯CZYZNA;14;20921602
MUZAFAR;MÊ¯CZYZNA;14;20921616
AKZHOL;MÊ¯CZYZNA;14;20921630
TANVIR;MÊ¯CZYZNA;14;20921644
SYMFORIAN;MÊ¯CZYZNA;14;20921658
NIKUNJ;MÊ¯CZYZNA;14;20921672
YERKEBULAN;MÊ¯CZYZNA;14;20921686
THAO;MÊ¯CZYZNA;14;20921700
REDOUANE;MÊ¯CZYZNA;14;20921714
FAJWEL;MÊ¯CZYZNA;14;20921728
NUMAN;MÊ¯CZYZNA;14;20921742
OLIMPIUSZ;MÊ¯CZYZNA;14;20921756
HAMIT;MÊ¯CZYZNA;14;20921770
GWALBERT;MÊ¯CZYZNA;13;20921783
DIMITRIJE;MÊ¯CZYZNA;13;20921796
KHAVAZHI;MÊ¯CZYZNA;13;20921809
HALUK;MÊ¯CZYZNA;13;20921822
WITO;MÊ¯CZYZNA;13;20921835
ANDRY;MÊ¯CZYZNA;13;20921848
LUDGER;MÊ¯CZYZNA;13;20921861
ABDULKAD?R;MÊ¯CZYZNA;13;20921874
EKHARD;MÊ¯CZYZNA;13;20921887
FAOUZI;MÊ¯CZYZNA;13;20921900
SHIN;MÊ¯CZYZNA;13;20921913
O?UZ;MÊ¯CZYZNA;13;20921926
MICHAYLO;MÊ¯CZYZNA;13;20921939
ANIRUDH;MÊ¯CZYZNA;13;20921952
TOBIÁ;MÊ¯CZYZNA;13;20921965
ALADIN;MÊ¯CZYZNA;13;20921978
MEDHAT;MÊ¯CZYZNA;13;20921991
AARUSH;MÊ¯CZYZNA;13;20922004
GUNTIS;MÊ¯CZYZNA;13;20922017
NEDKO;MÊ¯CZYZNA;13;20922030
JAMOL;MÊ¯CZYZNA;13;20922043
NICOLAY;MÊ¯CZYZNA;13;20922056
TIMM;MÊ¯CZYZNA;13;20922069
AMEL;MÊ¯CZYZNA;13;20922082
MUHSIN;MÊ¯CZYZNA;13;20922095
SHINICHI;MÊ¯CZYZNA;13;20922108
MURALI;MÊ¯CZYZNA;13;20922121
MOHANAD;MÊ¯CZYZNA;13;20922134
RADOUANE;MÊ¯CZYZNA;13;20922147
AIDYN;MÊ¯CZYZNA;13;20922160
CHASKIEL;MÊ¯CZYZNA;13;20922173
ILVINAS;MÊ¯CZYZNA;13;20922186
AKHMADJON;MÊ¯CZYZNA;13;20922199
DJORDJE;MÊ¯CZYZNA;13;20922212
IMDAT;MÊ¯CZYZNA;13;20922225
MD.;MÊ¯CZYZNA;13;20922238
GIOELE;MÊ¯CZYZNA;13;20922251
ISLAMBEK;MÊ¯CZYZNA;13;20922264
JAYA;MÊ¯CZYZNA;13;20922277
SHIJU;MÊ¯CZYZNA;13;20922290
LAURENZ;MÊ¯CZYZNA;13;20922303
SRUL;MÊ¯CZYZNA;13;20922316
VILIUS;MÊ¯CZYZNA;13;20922329
RABAH;MÊ¯CZYZNA;13;20922342
SLAVAMIR;MÊ¯CZYZNA;13;20922355
ZHIYONG;MÊ¯CZYZNA;13;20922368
ATABEK;MÊ¯CZYZNA;13;20922381
TOLIBJON;MÊ¯CZYZNA;13;20922394
TOMI£;MÊ¯CZYZNA;13;20922407
K?RLIS;MÊ¯CZYZNA;13;20922420
KRISTIYAN;MÊ¯CZYZNA;13;20922433
NIDHIN;MÊ¯CZYZNA;13;20922446
IL;MÊ¯CZYZNA;13;20922459
MATFEI;MÊ¯CZYZNA;13;20922472
ERVIS;MÊ¯CZYZNA;13;20922485
EDUARDI;MÊ¯CZYZNA;13;20922498
RATKO;MÊ¯CZYZNA;13;20922511
KOLA;MÊ¯CZYZNA;13;20922524
ARKO;MÊ¯CZYZNA;13;20922537
NYASHA;MÊ¯CZYZNA;13;20922550
SANKAR;MÊ¯CZYZNA;13;20922563
DOMINYKAS;MÊ¯CZYZNA;13;20922576
ABDULWAHAB;MÊ¯CZYZNA;13;20922589
RADWAN;MÊ¯CZYZNA;13;20922602
BEQA;MÊ¯CZYZNA;13;20922615
VALERIJUS;MÊ¯CZYZNA;13;20922628
TYRON;MÊ¯CZYZNA;13;20922641
ZION;MÊ¯CZYZNA;13;20922654
CHINH;MÊ¯CZYZNA;13;20922667
FLORENTIN;MÊ¯CZYZNA;13;20922680
DENIRO;MÊ¯CZYZNA;13;20922693
STANIS£AV;MÊ¯CZYZNA;13;20922706
MAMMAD;MÊ¯CZYZNA;13;20922719
HAL?T;MÊ¯CZYZNA;13;20922732
SAIFULLA;MÊ¯CZYZNA;13;20922745
VARAZDAT;MÊ¯CZYZNA;13;20922758
SOFIEN;MÊ¯CZYZNA;13;20922771
ARTEMIE;MÊ¯CZYZNA;13;20922784
VIRENDRA;MÊ¯CZYZNA;13;20922797
JIVAN;MÊ¯CZYZNA;13;20922810
ALADYN;MÊ¯CZYZNA;13;20922823
SHINGO;MÊ¯CZYZNA;13;20922836
SULEJMAN;MÊ¯CZYZNA;13;20922849
KETAN;MÊ¯CZYZNA;13;20922862
MINH QUAN;MÊ¯CZYZNA;13;20922875
BAHRI;MÊ¯CZYZNA;13;20922888
NECAT?;MÊ¯CZYZNA;13;20922901
OLEKSNDR;MÊ¯CZYZNA;13;20922914
MILOVAN;MÊ¯CZYZNA;13;20922927
MÁXIMO;MÊ¯CZYZNA;13;20922940
THÉOPHILE;MÊ¯CZYZNA;13;20922953
PANTELEI;MÊ¯CZYZNA;13;20922966
ALPASLAN;MÊ¯CZYZNA;13;20922979
ESER;MÊ¯CZYZNA;13;20922992
NADIIA;MÊ¯CZYZNA;13;20923005
AWAIS;MÊ¯CZYZNA;13;20923018
JAYME;MÊ¯CZYZNA;13;20923031
DZIAMID;MÊ¯CZYZNA;13;20923044
MICHAJ£O;MÊ¯CZYZNA;13;20923057
DONGHYUN;MÊ¯CZYZNA;13;20923070
FAWZI;MÊ¯CZYZNA;13;20923083
EWGEN;MÊ¯CZYZNA;13;20923096
MADI;MÊ¯CZYZNA;13;20923109
HARTWIG;MÊ¯CZYZNA;13;20923122
YING;MÊ¯CZYZNA;13;20923135
DEMIS;MÊ¯CZYZNA;13;20923148
WIKTORIAN;MÊ¯CZYZNA;13;20923161
PETRICÃ;MÊ¯CZYZNA;13;20923174
NURBOL;MÊ¯CZYZNA;13;20923187
ALEXSANDR;MÊ¯CZYZNA;13;20923200
RAVSHANJON;MÊ¯CZYZNA;13;20923213
MORDKO;MÊ¯CZYZNA;13;20923226
JAISON;MÊ¯CZYZNA;13;20923239
TAE;MÊ¯CZYZNA;13;20923252
SERGHII;MÊ¯CZYZNA;13;20923265
ONDRASZ;MÊ¯CZYZNA;13;20923278
LUDÌK;MÊ¯CZYZNA;13;20923291
NORMUNDS;MÊ¯CZYZNA;13;20923304
VACLAV;MÊ¯CZYZNA;13;20923317
CAROL;MÊ¯CZYZNA;13;20923330
TRUNG HIEU;MÊ¯CZYZNA;13;20923343
BIROL;MÊ¯CZYZNA;13;20923356
ABUBAKIR;MÊ¯CZYZNA;13;20923369
DANE;MÊ¯CZYZNA;13;20923382
MILOS;MÊ¯CZYZNA;13;20923395
MINGYU;MÊ¯CZYZNA;13;20923408
REFAT;MÊ¯CZYZNA;13;20923421
ILES;MÊ¯CZYZNA;13;20923434
ARISTOTELIS;MÊ¯CZYZNA;13;20923447
OLIN;MÊ¯CZYZNA;13;20923460
ZAKHIR;MÊ¯CZYZNA;13;20923473
JOSE ANTONIO;MÊ¯CZYZNA;13;20923486
JETON;MÊ¯CZYZNA;13;20923499
MOKHTAR;MÊ¯CZYZNA;13;20923512
LIU;MÊ¯CZYZNA;13;20923525
GASPARE;MÊ¯CZYZNA;13;20923538
KIR;MÊ¯CZYZNA;13;20923551
BACHUK;MÊ¯CZYZNA;13;20923564
UMER;MÊ¯CZYZNA;13;20923577
ANDER;MÊ¯CZYZNA;13;20923590
SERDAL;MÊ¯CZYZNA;13;20923603
MICAEL;MÊ¯CZYZNA;13;20923616
ARTIN;MÊ¯CZYZNA;13;20923629
SID;MÊ¯CZYZNA;13;20923642
TALAT;MÊ¯CZYZNA;13;20923655
ZAKARYA;MÊ¯CZYZNA;13;20923668
MUHAMET;MÊ¯CZYZNA;13;20923681
AYODEJI;MÊ¯CZYZNA;13;20923694
GAYGYSYZ;MÊ¯CZYZNA;13;20923707
TÌPÁN;MÊ¯CZYZNA;13;20923720
MISHEL;MÊ¯CZYZNA;13;20923733
TOMS;MÊ¯CZYZNA;13;20923746
SOS;MÊ¯CZYZNA;13;20923759
SANI;MÊ¯CZYZNA;13;20923772
MILENIUSZ;MÊ¯CZYZNA;13;20923785
DYMITRIS;MÊ¯CZYZNA;13;20923798
JAROWIT;MÊ¯CZYZNA;13;20923811
HEITOR;MÊ¯CZYZNA;13;20923824
ERS?N;MÊ¯CZYZNA;13;20923837
ABDULLAKH;MÊ¯CZYZNA;13;20923850
BIJOY;MÊ¯CZYZNA;13;20923863
GYUNAY;MÊ¯CZYZNA;13;20923876
VASSILI;MÊ¯CZYZNA;13;20923889
SRDAN;MÊ¯CZYZNA;13;20923902
RYOTA;MÊ¯CZYZNA;13;20923915
NAZMUL;MÊ¯CZYZNA;13;20923928
ROGIER;MÊ¯CZYZNA;13;20923941
ZOUHAIR;MÊ¯CZYZNA;13;20923954
AMIT KUMAR;MÊ¯CZYZNA;13;20923967
JAMBULAT;MÊ¯CZYZNA;13;20923980
FISZEL;MÊ¯CZYZNA;13;20923993
MOHAMED AMINE;MÊ¯CZYZNA;13;20924006
BASANTA;MÊ¯CZYZNA;13;20924019
XI;MÊ¯CZYZNA;13;20924032
VAN HUY;MÊ¯CZYZNA;13;20924045
RAIVIS;MÊ¯CZYZNA;13;20924058
OLIVERS;MÊ¯CZYZNA;13;20924071
AURELI;MÊ¯CZYZNA;13;20924084
SAM?;MÊ¯CZYZNA;13;20924097
UDAY;MÊ¯CZYZNA;13;20924110
CANBERK;MÊ¯CZYZNA;13;20924123
HÜSNÜ;MÊ¯CZYZNA;13;20924136
SHAVKATBEK;MÊ¯CZYZNA;13;20924149
SAIM;MÊ¯CZYZNA;13;20924162
THO;MÊ¯CZYZNA;13;20924175
WOLODYMIR;MÊ¯CZYZNA;13;20924188
ROLDAN;MÊ¯CZYZNA;13;20924201
SHAVLEGI;MÊ¯CZYZNA;13;20924214
HARJINDER;MÊ¯CZYZNA;13;20924227
ALPHA;MÊ¯CZYZNA;13;20924240
RETO;MÊ¯CZYZNA;13;20924253
MYKITA;MÊ¯CZYZNA;13;20924266
CALUM;MÊ¯CZYZNA;13;20924279
ARUN KUMAR;MÊ¯CZYZNA;13;20924292
LAL;MÊ¯CZYZNA;13;20924305
SHOAIB;MÊ¯CZYZNA;13;20924318
RAPIK;MÊ¯CZYZNA;13;20924331
AFIS;MÊ¯CZYZNA;13;20924344
JEWHEN;MÊ¯CZYZNA;13;20924357
KHASANBOY;MÊ¯CZYZNA;13;20924370
IWAR;MÊ¯CZYZNA;13;20924383
MANH CUONG;MÊ¯CZYZNA;13;20924396
GAYRATJON;MÊ¯CZYZNA;13;20924409
HIMAL;MÊ¯CZYZNA;13;20924422
FEODOSII;MÊ¯CZYZNA;13;20924435
VASO;MÊ¯CZYZNA;13;20924448
MIRJALOL;MÊ¯CZYZNA;13;20924461
ELOY;MÊ¯CZYZNA;13;20924474
SAVIO;MÊ¯CZYZNA;13;20924487
IUNUS;MÊ¯CZYZNA;13;20924500
FRANTSYSK;MÊ¯CZYZNA;13;20924513
SOKRATES;MÊ¯CZYZNA;13;20924526
JIANXIN;MÊ¯CZYZNA;13;20924539
COLE;MÊ¯CZYZNA;13;20924552
SKENDER;MÊ¯CZYZNA;13;20924565
SHAHEN;MÊ¯CZYZNA;13;20924578
ROKAS;MÊ¯CZYZNA;13;20924591
AIDAS;MÊ¯CZYZNA;13;20924604
ALDRIN;MÊ¯CZYZNA;13;20924617
HAMZAH;MÊ¯CZYZNA;13;20924630
CHUKWUDI;MÊ¯CZYZNA;13;20924643
HARUKI;MÊ¯CZYZNA;13;20924656
UCHENNA;MÊ¯CZYZNA;13;20924669
PARSA;MÊ¯CZYZNA;13;20924682
HIROAKI;MÊ¯CZYZNA;13;20924695
MARTIROS;MÊ¯CZYZNA;13;20924708
HUSNIDDIN;MÊ¯CZYZNA;13;20924721
SHOKIRJON;MÊ¯CZYZNA;13;20924734
FORTUNATO;MÊ¯CZYZNA;13;20924747
VAN DUC;MÊ¯CZYZNA;13;20924760
BJARNE;MÊ¯CZYZNA;13;20924773
ZABAR;MÊ¯CZYZNA;13;20924786
INNOCENTY;MÊ¯CZYZNA;13;20924799
KELECHI;MÊ¯CZYZNA;13;20924812
TEKIN;MÊ¯CZYZNA;13;20924825
JUNHO;MÊ¯CZYZNA;13;20924838
DOAN;MÊ¯CZYZNA;13;20924851
VIMAL;MÊ¯CZYZNA;13;20924864
ANGELITO;MÊ¯CZYZNA;13;20924877
MANUELE;MÊ¯CZYZNA;13;20924890
VAN HIEU;MÊ¯CZYZNA;13;20924903
ALGIMANTAS;MÊ¯CZYZNA;13;20924916
KAZIK;MÊ¯CZYZNA;13;20924929
JIANGUO;MÊ¯CZYZNA;13;20924942
MOATAZ;MÊ¯CZYZNA;13;20924955
MATLAB;MÊ¯CZYZNA;13;20924968
ALAKHVERDI;MÊ¯CZYZNA;13;20924981
YARAMIR;MÊ¯CZYZNA;13;20924994
ÖZER;MÊ¯CZYZNA;13;20925007
SYULEYMAN;MÊ¯CZYZNA;13;20925020
KAITO;MÊ¯CZYZNA;13;20925033
ALICJAN;MÊ¯CZYZNA;13;20925046
MENA;MÊ¯CZYZNA;13;20925059
MATFII;MÊ¯CZYZNA;13;20925072
SOFIENE;MÊ¯CZYZNA;13;20925085
SERHAN;MÊ¯CZYZNA;13;20925098
SELAMI;MÊ¯CZYZNA;13;20925111
XIAODONG;MÊ¯CZYZNA;13;20925124
ZEFIR;MÊ¯CZYZNA;13;20925137
ROMIK;MÊ¯CZYZNA;13;20925150
DARIN;MÊ¯CZYZNA;13;20925163
KHAI;MÊ¯CZYZNA;13;20925176
TRISTIAN;MÊ¯CZYZNA;13;20925189
MARKEL;MÊ¯CZYZNA;13;20925202
VAN LINH;MÊ¯CZYZNA;13;20925215
JIANFENG;MÊ¯CZYZNA;13;20925228
KHANG;MÊ¯CZYZNA;13;20925241
IFTACH;MÊ¯CZYZNA;13;20925254
DHEERAJ;MÊ¯CZYZNA;13;20925267
TARKAN;MÊ¯CZYZNA;13;20925280
BASTIAAN;MÊ¯CZYZNA;13;20925293
ALEKSANDRO;MÊ¯CZYZNA;13;20925306
MATEY;MÊ¯CZYZNA;13;20925319
RAM PRASAD;MÊ¯CZYZNA;13;20925332
ESPEN;MÊ¯CZYZNA;13;20925345
SAIAN;MÊ¯CZYZNA;13;20925358
ROMANO;MÊ¯CZYZNA;13;20925371
AYRTON;MÊ¯CZYZNA;13;20925384
ROHITH;MÊ¯CZYZNA;13;20925397
P?TERIS;MÊ¯CZYZNA;13;20925410
GURMEET;MÊ¯CZYZNA;13;20925423
FIDEL;MÊ¯CZYZNA;13;20925436
HABIL;MÊ¯CZYZNA;13;20925449
RIHARDS;MÊ¯CZYZNA;13;20925462
ASIP;MÊ¯CZYZNA;13;20925475
KHEM;MÊ¯CZYZNA;13;20925488
HAYKAZ;MÊ¯CZYZNA;13;20925501
YHLAS;MÊ¯CZYZNA;13;20925514
AYMERIC;MÊ¯CZYZNA;13;20925527
KOSUKE;MÊ¯CZYZNA;13;20925540
ADAMO;MÊ¯CZYZNA;13;20925553
MYKHAJLO;MÊ¯CZYZNA;13;20925566
IAKOBI;MÊ¯CZYZNA;13;20925579
LARION;MÊ¯CZYZNA;13;20925592
TOHIR;MÊ¯CZYZNA;13;20925605
KUANYSH;MÊ¯CZYZNA;13;20925618
CHIL;MÊ¯CZYZNA;13;20925631
CARLITO;MÊ¯CZYZNA;13;20925644
ORR;MÊ¯CZYZNA;13;20925657
DARYL;MÊ¯CZYZNA;13;20925670
BAHROM;MÊ¯CZYZNA;13;20925683
VAN MANH;MÊ¯CZYZNA;13;20925696
LAN;MÊ¯CZYZNA;13;20925709
TAKUYA;MÊ¯CZYZNA;13;20925722
PAVIEL;MÊ¯CZYZNA;13;20925735
MARSHALL;MÊ¯CZYZNA;13;20925748
YERASSYL;MÊ¯CZYZNA;13;20925761
JASIM;MÊ¯CZYZNA;13;20925774
TETSUYA;MÊ¯CZYZNA;13;20925787
LEVIN;MÊ¯CZYZNA;13;20925800
VACHIK;MÊ¯CZYZNA;13;20925813
LARBI;MÊ¯CZYZNA;13;20925826
KLAUDIUS;MÊ¯CZYZNA;13;20925839
VIVAAN;MÊ¯CZYZNA;13;20925852
LYOVA;MÊ¯CZYZNA;13;20925865
ZOKHRAB;MÊ¯CZYZNA;13;20925878
BASILE;MÊ¯CZYZNA;13;20925891
EVANS;MÊ¯CZYZNA;13;20925904
DARÍO;MÊ¯CZYZNA;13;20925917
YANIR;MÊ¯CZYZNA;13;20925930
KOTARO;MÊ¯CZYZNA;13;20925943
FAYCAL;MÊ¯CZYZNA;13;20925956
ANDRIJA;MÊ¯CZYZNA;13;20925969
ÇA?ATAY;MÊ¯CZYZNA;13;20925982
DRAGO;MÊ¯CZYZNA;13;20925995
BHASKAR;MÊ¯CZYZNA;13;20926008
MARWEN;MÊ¯CZYZNA;13;20926021
NAGENDRA;MÊ¯CZYZNA;13;20926034
SHAMSIDDIN;MÊ¯CZYZNA;13;20926047
KIRYLL;MÊ¯CZYZNA;13;20926060
BOGUSLAV;MÊ¯CZYZNA;13;20926073
AISSA;MÊ¯CZYZNA;13;20926086
MIQUEL;MÊ¯CZYZNA;13;20926099
MAKHARE;MÊ¯CZYZNA;13;20926112
KOKI;MÊ¯CZYZNA;13;20926125
SANJIB;MÊ¯CZYZNA;13;20926138
MADIYAR;MÊ¯CZYZNA;13;20926151
JIHAD;MÊ¯CZYZNA;13;20926164
MUKUL;MÊ¯CZYZNA;13;20926177
NEMAT;MÊ¯CZYZNA;13;20926190
TORE;MÊ¯CZYZNA;13;20926203
MYHAJLO;MÊ¯CZYZNA;13;20926216
TÉO;MÊ¯CZYZNA;13;20926229
RASHEED;MÊ¯CZYZNA;13;20926242
EAMONN;MÊ¯CZYZNA;13;20926255
KYUNG;MÊ¯CZYZNA;12;20926267
YUNUS EMRE;MÊ¯CZYZNA;12;20926279
RIDWAN;MÊ¯CZYZNA;12;20926291
BEGLI;MÊ¯CZYZNA;12;20926303
VILAIAT;MÊ¯CZYZNA;12;20926315
GAI;MÊ¯CZYZNA;12;20926327
ALPAY;MÊ¯CZYZNA;12;20926339
BEKSULTAN;MÊ¯CZYZNA;12;20926351
BILGIN;MÊ¯CZYZNA;12;20926363
FRANTISEK;MÊ¯CZYZNA;12;20926375
QUYET;MÊ¯CZYZNA;12;20926387
PAMIL;MÊ¯CZYZNA;12;20926399
MAEL;MÊ¯CZYZNA;12;20926411
RAZHDEN;MÊ¯CZYZNA;12;20926423
BAGRATI;MÊ¯CZYZNA;12;20926435
ADNANE;MÊ¯CZYZNA;12;20926447
AJAYA;MÊ¯CZYZNA;12;20926459
VIKENTSI;MÊ¯CZYZNA;12;20926471
HOAI NAM;MÊ¯CZYZNA;12;20926483
JEFFRY;MÊ¯CZYZNA;12;20926495
LONGINUS;MÊ¯CZYZNA;12;20926507
TRUNG KIEN;MÊ¯CZYZNA;12;20926519
MAMURJON;MÊ¯CZYZNA;12;20926531
DZHONI;MÊ¯CZYZNA;12;20926543
WOOJIN;MÊ¯CZYZNA;12;20926555
RAJAT;MÊ¯CZYZNA;12;20926567
BILLAL;MÊ¯CZYZNA;12;20926579
RIAZ;MÊ¯CZYZNA;12;20926591
NAVE;MÊ¯CZYZNA;12;20926603
ALADDIN;MÊ¯CZYZNA;12;20926615
IANIS;MÊ¯CZYZNA;12;20926627
GENADIY;MÊ¯CZYZNA;12;20926639
JIGNESH;MÊ¯CZYZNA;12;20926651
RIVER;MÊ¯CZYZNA;12;20926663
DANI£A;MÊ¯CZYZNA;12;20926675
SABATINO;MÊ¯CZYZNA;12;20926687
ROKO;MÊ¯CZYZNA;12;20926699
PINKUS;MÊ¯CZYZNA;12;20926711
MARS;MÊ¯CZYZNA;12;20926723
OLEKSEY;MÊ¯CZYZNA;12;20926735
ARCADII;MÊ¯CZYZNA;12;20926747
ANSHUL;MÊ¯CZYZNA;12;20926759
BADIS;MÊ¯CZYZNA;12;20926771
BEKTUR;MÊ¯CZYZNA;12;20926783
MADOX;MÊ¯CZYZNA;12;20926795
MORDEHAI;MÊ¯CZYZNA;12;20926807
TUAN KIET;MÊ¯CZYZNA;12;20926819
ABDUSALOM;MÊ¯CZYZNA;12;20926831
SIJO;MÊ¯CZYZNA;12;20926843
NIKKO;MÊ¯CZYZNA;12;20926855
ZAFARBEK;MÊ¯CZYZNA;12;20926867
ALEKSA;MÊ¯CZYZNA;12;20926879
BHAVIN;MÊ¯CZYZNA;12;20926891
GARIB;MÊ¯CZYZNA;12;20926903
ELNAR;MÊ¯CZYZNA;12;20926915
TATSUYA;MÊ¯CZYZNA;12;20926927
ARSIM;MÊ¯CZYZNA;12;20926939
MATYÁ;MÊ¯CZYZNA;12;20926951
FARAI;MÊ¯CZYZNA;12;20926963
BOBIRJON;MÊ¯CZYZNA;12;20926975
TCHABUKA;MÊ¯CZYZNA;12;20926987
CHYNGYZ;MÊ¯CZYZNA;12;20926999
INBAR;MÊ¯CZYZNA;12;20927011
BIRENDRA;MÊ¯CZYZNA;12;20927023
ERMANNO;MÊ¯CZYZNA;12;20927035
LULZIM;MÊ¯CZYZNA;12;20927047
OLEKSANR;MÊ¯CZYZNA;12;20927059
SEDRAK;MÊ¯CZYZNA;12;20927071
JUSSI;MÊ¯CZYZNA;12;20927083
SVETLIN;MÊ¯CZYZNA;12;20927095
O?ULCAN;MÊ¯CZYZNA;12;20927107
KRZYS£AW;MÊ¯CZYZNA;12;20927119
JIHOON;MÊ¯CZYZNA;12;20927131
SLAMET;MÊ¯CZYZNA;12;20927143
SAKIT;MÊ¯CZYZNA;12;20927155
AVIRAM;MÊ¯CZYZNA;12;20927167
LIO;MÊ¯CZYZNA;12;20927179
TEUNIS;MÊ¯CZYZNA;12;20927191
ABIL;MÊ¯CZYZNA;12;20927203
SANDIS;MÊ¯CZYZNA;12;20927215
MOKHMAD;MÊ¯CZYZNA;12;20927227
PIET;MÊ¯CZYZNA;12;20927239
PÁL;MÊ¯CZYZNA;12;20927251
IAIR;MÊ¯CZYZNA;12;20927263
VAL?RIJS;MÊ¯CZYZNA;12;20927275
SUAD;MÊ¯CZYZNA;12;20927287
BUDI;MÊ¯CZYZNA;12;20927299
ZHIPENG;MÊ¯CZYZNA;12;20927311
MATTHEUS;MÊ¯CZYZNA;12;20927323
HEM;MÊ¯CZYZNA;12;20927335
DA;MÊ¯CZYZNA;12;20927347
ABENEZER;MÊ¯CZYZNA;12;20927359
YEHEZKEL;MÊ¯CZYZNA;12;20927371
MIRALI;MÊ¯CZYZNA;12;20927383
SUNILKUMAR;MÊ¯CZYZNA;12;20927395
LORENCO;MÊ¯CZYZNA;12;20927407
ACHILLE;MÊ¯CZYZNA;12;20927419
GÉZA;MÊ¯CZYZNA;12;20927431
MAHMET;MÊ¯CZYZNA;12;20927443
CLINT;MÊ¯CZYZNA;12;20927455
GIDON;MÊ¯CZYZNA;12;20927467
PAVIAL;MÊ¯CZYZNA;12;20927479
VLADYMYR;MÊ¯CZYZNA;12;20927491
ORIFJON;MÊ¯CZYZNA;12;20927503
ERGIN;MÊ¯CZYZNA;12;20927515
NOVICA;MÊ¯CZYZNA;12;20927527
DAWOOD;MÊ¯CZYZNA;12;20927539
ANH MINH;MÊ¯CZYZNA;12;20927551
USZER;MÊ¯CZYZNA;12;20927563
REINOLD;MÊ¯CZYZNA;12;20927575
ILLIYA;MÊ¯CZYZNA;12;20927587
URIASZ;MÊ¯CZYZNA;12;20927599
HARM;MÊ¯CZYZNA;12;20927611
DILOVAR;MÊ¯CZYZNA;12;20927623
RABIH;MÊ¯CZYZNA;12;20927635
BENEDETTO;MÊ¯CZYZNA;12;20927647
VLADIK;MÊ¯CZYZNA;12;20927659
SAVELY;MÊ¯CZYZNA;12;20927671
CEBRAIL;MÊ¯CZYZNA;12;20927683
CRISTOFER;MÊ¯CZYZNA;12;20927695
SUNGMIN;MÊ¯CZYZNA;12;20927707
HENG;MÊ¯CZYZNA;12;20927719
KIAAN;MÊ¯CZYZNA;12;20927731
KUB?LAY;MÊ¯CZYZNA;12;20927743
LEIB;MÊ¯CZYZNA;12;20927755
FRYDOLIN;MÊ¯CZYZNA;12;20927767
SONAM;MÊ¯CZYZNA;12;20927779
JUANITO;MÊ¯CZYZNA;12;20927791
ORIOL;MÊ¯CZYZNA;12;20927803
RICHÁRD;MÊ¯CZYZNA;12;20927815
SUBRATA;MÊ¯CZYZNA;12;20927827
ZDZISLAW;MÊ¯CZYZNA;12;20927839
JAYESH;MÊ¯CZYZNA;12;20927851
TAHER;MÊ¯CZYZNA;12;20927863
ROBSON;MÊ¯CZYZNA;12;20927875
T?NG;MÊ¯CZYZNA;12;20927887
EUGENIJ;MÊ¯CZYZNA;12;20927899
FORTUNE;MÊ¯CZYZNA;12;20927911
GAËTAN;MÊ¯CZYZNA;12;20927923
SIMO;MÊ¯CZYZNA;12;20927935
NYKOLA;MÊ¯CZYZNA;12;20927947
HAROUN;MÊ¯CZYZNA;12;20927959
CHIDI;MÊ¯CZYZNA;12;20927971
RUPI;MÊ¯CZYZNA;12;20927983
MERLIN;MÊ¯CZYZNA;12;20927995
VASILIJ;MÊ¯CZYZNA;12;20928007
YOGENDRA;MÊ¯CZYZNA;12;20928019
TIMOFEJ;MÊ¯CZYZNA;12;20928031
EROS;MÊ¯CZYZNA;12;20928043
JUNSEO;MÊ¯CZYZNA;12;20928055
BERIKA;MÊ¯CZYZNA;12;20928067
OBID;MÊ¯CZYZNA;12;20928079
ABDURAHMON;MÊ¯CZYZNA;12;20928091
HANS-DIETER;MÊ¯CZYZNA;12;20928103
BAKIR;MÊ¯CZYZNA;12;20928115
YEN;MÊ¯CZYZNA;12;20928127
SHEROZ;MÊ¯CZYZNA;12;20928139
CHAVDAR;MÊ¯CZYZNA;12;20928151
ROALD;MÊ¯CZYZNA;12;20928163
HEMANTH;MÊ¯CZYZNA;12;20928175
MAVERICK;MÊ¯CZYZNA;12;20928187
SATNAM;MÊ¯CZYZNA;12;20928199
DARYUSH;MÊ¯CZYZNA;12;20928211
HERIBERT;MÊ¯CZYZNA;12;20928223
DOMAGOJ;MÊ¯CZYZNA;12;20928235
AZIS;MÊ¯CZYZNA;12;20928247
SERYOZHA;MÊ¯CZYZNA;12;20928259
VIGO;MÊ¯CZYZNA;12;20928271
EVHENIY;MÊ¯CZYZNA;12;20928283
ORAZIO;MÊ¯CZYZNA;12;20928295
AFZAL;MÊ¯CZYZNA;12;20928307
MASATO;MÊ¯CZYZNA;12;20928319
NAJI;MÊ¯CZYZNA;12;20928331
RAJAB;MÊ¯CZYZNA;12;20928343
BAS;MÊ¯CZYZNA;12;20928355
PHARIZ;MÊ¯CZYZNA;12;20928367
THANH T?NG;MÊ¯CZYZNA;12;20928379
TIMOFY;MÊ¯CZYZNA;12;20928391
VAN HOA;MÊ¯CZYZNA;12;20928403
YOSIF;MÊ¯CZYZNA;12;20928415
IEVHENII;MÊ¯CZYZNA;12;20928427
CORY;MÊ¯CZYZNA;12;20928439
DJAMAL;MÊ¯CZYZNA;12;20928451
NEVEN;MÊ¯CZYZNA;12;20928463
GIAMPIERO;MÊ¯CZYZNA;12;20928475
HANIF;MÊ¯CZYZNA;12;20928487
GERONTI;MÊ¯CZYZNA;12;20928499
THIJS;MÊ¯CZYZNA;12;20928511
KIRIAKOS;MÊ¯CZYZNA;12;20928523
TEMO;MÊ¯CZYZNA;12;20928535
ULIAN;MÊ¯CZYZNA;12;20928547
N?HAT;MÊ¯CZYZNA;12;20928559
HAYTHAM;MÊ¯CZYZNA;12;20928571
VISHALKUMAR;MÊ¯CZYZNA;12;20928583
SANJU;MÊ¯CZYZNA;12;20928595
ANDRIES;MÊ¯CZYZNA;12;20928607
MILENKO;MÊ¯CZYZNA;12;20928619
JO?O PEDRO;MÊ¯CZYZNA;12;20928631
BROOKLYN;MÊ¯CZYZNA;12;20928643
LUBOMÍR;MÊ¯CZYZNA;12;20928655
SILVESTR;MÊ¯CZYZNA;12;20928667
ABOLFAZL;MÊ¯CZYZNA;12;20928679
LIDIUSZ;MÊ¯CZYZNA;12;20928691
CLOVIS;MÊ¯CZYZNA;12;20928703
ABDELLATIF;MÊ¯CZYZNA;12;20928715
ROBIZON;MÊ¯CZYZNA;12;20928727
TYHON;MÊ¯CZYZNA;12;20928739
YUKSEL;MÊ¯CZYZNA;12;20928751
MUSAB;MÊ¯CZYZNA;12;20928763
RAIM;MÊ¯CZYZNA;12;20928775
ANMOL;MÊ¯CZYZNA;12;20928787
SADRIDDIN;MÊ¯CZYZNA;12;20928799
ZOKHIDJON;MÊ¯CZYZNA;12;20928811
ZAMAN;MÊ¯CZYZNA;12;20928823
AFTAB;MÊ¯CZYZNA;12;20928835
RAGHU;MÊ¯CZYZNA;12;20928847
HOANG ANH;MÊ¯CZYZNA;12;20928859
RODI;MÊ¯CZYZNA;12;20928871
MOHAND;MÊ¯CZYZNA;12;20928883
LAURENÞIU;MÊ¯CZYZNA;12;20928895
JEFIM;MÊ¯CZYZNA;12;20928907
RONEL;MÊ¯CZYZNA;12;20928919
DEVRIM;MÊ¯CZYZNA;12;20928931
SEYIT;MÊ¯CZYZNA;12;20928943
MORENO;MÊ¯CZYZNA;12;20928955
JAXON;MÊ¯CZYZNA;12;20928967
KHUSANBOY;MÊ¯CZYZNA;12;20928979
ªEYHMUS;MÊ¯CZYZNA;12;20928991
SUFYAN;MÊ¯CZYZNA;12;20929003
JAGADEESH;MÊ¯CZYZNA;12;20929015
HANC;MÊ¯CZYZNA;12;20929027
LES;MÊ¯CZYZNA;12;20929039
JAVED;MÊ¯CZYZNA;12;20929051
ANTO;MÊ¯CZYZNA;12;20929063
RENIUSZ;MÊ¯CZYZNA;12;20929075
SOL;MÊ¯CZYZNA;12;20929087
FYLYP;MÊ¯CZYZNA;12;20929099
NURYAGDY;MÊ¯CZYZNA;12;20929111
DAYANCH;MÊ¯CZYZNA;12;20929123
IMTIAZ;MÊ¯CZYZNA;12;20929135
PALASH;MÊ¯CZYZNA;12;20929147
EM?N;MÊ¯CZYZNA;12;20929159
AURELIU;MÊ¯CZYZNA;12;20929171
ZYGBERT;MÊ¯CZYZNA;12;20929183
B?NH;MÊ¯CZYZNA;12;20929195
KHARYTON;MÊ¯CZYZNA;12;20929207
JAMEL;MÊ¯CZYZNA;12;20929219
FLEMMING;MÊ¯CZYZNA;12;20929231
JOMON;MÊ¯CZYZNA;12;20929243
XUDONG;MÊ¯CZYZNA;12;20929255
IGNAZ;MÊ¯CZYZNA;12;20929267
ARIP;MÊ¯CZYZNA;12;20929279
OUMAR;MÊ¯CZYZNA;12;20929291
FADIL;MÊ¯CZYZNA;12;20929303
INOMJON;MÊ¯CZYZNA;12;20929315
HONGBIN;MÊ¯CZYZNA;12;20929327
MAURÍCIO;MÊ¯CZYZNA;12;20929339
DIONYSIOS;MÊ¯CZYZNA;12;20929351
SHAVKATJON;MÊ¯CZYZNA;12;20929363
DIL;MÊ¯CZYZNA;12;20929375
RAFFAELLO;MÊ¯CZYZNA;12;20929387
ROMARIO;MÊ¯CZYZNA;12;20929399
ABDELMALEK;MÊ¯CZYZNA;12;20929411
USTYN;MÊ¯CZYZNA;12;20929423
CEM?L;MÊ¯CZYZNA;12;20929435
ªENOL;MÊ¯CZYZNA;12;20929447
NAVIN;MÊ¯CZYZNA;12;20929459
BAYSANGUR;MÊ¯CZYZNA;12;20929471
KÜRªAT;MÊ¯CZYZNA;12;20929483
ZACH;MÊ¯CZYZNA;12;20929495
KAZUKI;MÊ¯CZYZNA;12;20929507
JANNICK;MÊ¯CZYZNA;12;20929519
BEDRI;MÊ¯CZYZNA;12;20929531
MAHSUM;MÊ¯CZYZNA;12;20929543
VELJKO;MÊ¯CZYZNA;12;20929555
ANES;MÊ¯CZYZNA;12;20929567
JOVEN;MÊ¯CZYZNA;12;20929579
OZOD;MÊ¯CZYZNA;12;20929591
ARLIND;MÊ¯CZYZNA;12;20929603
BAIR;MÊ¯CZYZNA;12;20929615
NNAEMEKA;MÊ¯CZYZNA;12;20929627
RAVI KUMAR;MÊ¯CZYZNA;12;20929639
YURIK;MÊ¯CZYZNA;12;20929651
BOTOND;MÊ¯CZYZNA;12;20929663
RAIMUNDAS;MÊ¯CZYZNA;12;20929675
BARTHOLOMÄUS;MÊ¯CZYZNA;12;20929687
AKHRORBEK;MÊ¯CZYZNA;12;20929699
EMILS;MÊ¯CZYZNA;12;20929711
UTKIR;MÊ¯CZYZNA;12;20929723
TYMOFYI;MÊ¯CZYZNA;12;20929735
FROIM;MÊ¯CZYZNA;12;20929747
YARED;MÊ¯CZYZNA;12;20929759
SVATOSLAV;MÊ¯CZYZNA;12;20929771
CEDRICK;MÊ¯CZYZNA;12;20929783
GUANG;MÊ¯CZYZNA;12;20929795
WISDOM;MÊ¯CZYZNA;12;20929807
ASHIM;MÊ¯CZYZNA;12;20929819
BACHO;MÊ¯CZYZNA;12;20929831
ALMAT;MÊ¯CZYZNA;12;20929843
SILAS;MÊ¯CZYZNA;12;20929855
SHEKHAR;MÊ¯CZYZNA;12;20929867
DURMUª;MÊ¯CZYZNA;12;20929879
SLAVIK;MÊ¯CZYZNA;12;20929891
HARLEY;MÊ¯CZYZNA;12;20929903
JAVLON;MÊ¯CZYZNA;12;20929915
MAZAKHIR;MÊ¯CZYZNA;12;20929927
YICHEN;MÊ¯CZYZNA;12;20929939
RAFAT;MÊ¯CZYZNA;12;20929951
CRISPIN;MÊ¯CZYZNA;12;20929963
AUGUSTE;MÊ¯CZYZNA;12;20929975
NICOL?;MÊ¯CZYZNA;12;20929987
ALYAKSANDR;MÊ¯CZYZNA;12;20929999
AKHTEM;MÊ¯CZYZNA;12;20930011
JO?O;MÊ¯CZYZNA;12;20930023
NACER;MÊ¯CZYZNA;12;20930035
METODI;MÊ¯CZYZNA;12;20930047
TRYSTAN;MÊ¯CZYZNA;12;20930059
SEAMUS;MÊ¯CZYZNA;12;20930071
HARPREET SINGH;MÊ¯CZYZNA;12;20930083
SHUO;MÊ¯CZYZNA;12;20930095
YONA;MÊ¯CZYZNA;12;20930107
AIK;MÊ¯CZYZNA;12;20930119
HABRIEL;MÊ¯CZYZNA;12;20930131
SHIR;MÊ¯CZYZNA;12;20930143
TAJINDER;MÊ¯CZYZNA;12;20930155
UMEDJON;MÊ¯CZYZNA;12;20930167
VALENTYNA;MÊ¯CZYZNA;12;20930179
SANDEEP KUMAR;MÊ¯CZYZNA;12;20930191
HELMI;MÊ¯CZYZNA;12;20930203
ULANBEK;MÊ¯CZYZNA;12;20930215
KANNAN;MÊ¯CZYZNA;12;20930227
TEODOZY;MÊ¯CZYZNA;12;20930239
OMKAR;MÊ¯CZYZNA;12;20930251
BOLESLAW;MÊ¯CZYZNA;12;20930263
CHAITANYA;MÊ¯CZYZNA;12;20930275
ERDI;MÊ¯CZYZNA;12;20930287
AIRAT;MÊ¯CZYZNA;12;20930299
WAQAS;MÊ¯CZYZNA;12;20930311
SUNDAR;MÊ¯CZYZNA;12;20930323
SERGEJUS;MÊ¯CZYZNA;12;20930335
SHAMKHAL;MÊ¯CZYZNA;12;20930347
RAIAN;MÊ¯CZYZNA;12;20930359
GINTS;MÊ¯CZYZNA;12;20930371
RAHMAT;MÊ¯CZYZNA;12;20930383
YONAS;MÊ¯CZYZNA;12;20930395
ELIMKHAN;MÊ¯CZYZNA;12;20930407
JUNICHI;MÊ¯CZYZNA;12;20930419
JOLAN;MÊ¯CZYZNA;12;20930431
TANISH;MÊ¯CZYZNA;12;20930443
TEWODROS;MÊ¯CZYZNA;12;20930455
CIAN;MÊ¯CZYZNA;12;20930467
PIZULI;MÊ¯CZYZNA;12;20930479
AVIEL;MÊ¯CZYZNA;12;20930491
SPARTAKI;MÊ¯CZYZNA;12;20930503
AZ?Z;MÊ¯CZYZNA;12;20930515
AMIRHOSSEIN;MÊ¯CZYZNA;12;20930527
CASTIEL;MÊ¯CZYZNA;12;20930539
YONI;MÊ¯CZYZNA;12;20930551
SNIR;MÊ¯CZYZNA;12;20930563
ANASTASIS;MÊ¯CZYZNA;12;20930575
ALIEKS;MÊ¯CZYZNA;12;20930587
KUSH;MÊ¯CZYZNA;12;20930599
TILAK;MÊ¯CZYZNA;12;20930611
SINH;MÊ¯CZYZNA;12;20930623
ONUFRII;MÊ¯CZYZNA;12;20930635
IZET;MÊ¯CZYZNA;12;20930647
RENANTE;MÊ¯CZYZNA;12;20930659
ASHKAN;MÊ¯CZYZNA;12;20930671
CORMAC;MÊ¯CZYZNA;12;20930683
KHAYYAM;MÊ¯CZYZNA;12;20930695
OVE;MÊ¯CZYZNA;12;20930707
ISHWOR;MÊ¯CZYZNA;12;20930719
ABDELMAJID;MÊ¯CZYZNA;12;20930731
DOVYDAS;MÊ¯CZYZNA;12;20930743
NOMAN;MÊ¯CZYZNA;12;20930755
MAMUN;MÊ¯CZYZNA;12;20930767
GERCHARD;MÊ¯CZYZNA;12;20930779
SARP;MÊ¯CZYZNA;12;20930791
LOUAY;MÊ¯CZYZNA;12;20930803
ILSHAT;MÊ¯CZYZNA;12;20930815
BATYRKHAN;MÊ¯CZYZNA;12;20930827
JIANYONG;MÊ¯CZYZNA;12;20930839
MARK ANTHONY;MÊ¯CZYZNA;12;20930851
ANTE;MÊ¯CZYZNA;12;20930863
TURAB;MÊ¯CZYZNA;12;20930875
ABED;MÊ¯CZYZNA;12;20930887
ISMOILJON;MÊ¯CZYZNA;12;20930899
DWAYNE;MÊ¯CZYZNA;12;20930911
AARYAN;MÊ¯CZYZNA;12;20930923
ALUDA;MÊ¯CZYZNA;12;20930935
SELAHATTIN;MÊ¯CZYZNA;12;20930947
F?KRET;MÊ¯CZYZNA;12;20930959
VALEKH;MÊ¯CZYZNA;12;20930971
PINHAS;MÊ¯CZYZNA;12;20930983
KIMMO;MÊ¯CZYZNA;12;20930995
RAZIM;MÊ¯CZYZNA;12;20931007
FREDERYK;MÊ¯CZYZNA;12;20931019
APPALA;MÊ¯CZYZNA;12;20931031
ZAHIR;MÊ¯CZYZNA;12;20931043
ANATOLIJS;MÊ¯CZYZNA;12;20931055
SANAL;MÊ¯CZYZNA;12;20931067
BENSON;MÊ¯CZYZNA;12;20931079
MAMIKON;MÊ¯CZYZNA;12;20931091
CHADI;MÊ¯CZYZNA;12;20931103
DO?AN;MÊ¯CZYZNA;11;20931114
ANANII;MÊ¯CZYZNA;11;20931125
PERMAN;MÊ¯CZYZNA;11;20931136
ÉRIC;MÊ¯CZYZNA;11;20931147
LAURIN;MÊ¯CZYZNA;11;20931158
ALEKSAN;MÊ¯CZYZNA;11;20931169
ANTONIE;MÊ¯CZYZNA;11;20931180
BAKHTIER;MÊ¯CZYZNA;11;20931191
MARICEL;MÊ¯CZYZNA;11;20931202
INTIZAR;MÊ¯CZYZNA;11;20931213
SURAFEL;MÊ¯CZYZNA;11;20931224
MOZES;MÊ¯CZYZNA;11;20931235
AKIPH;MÊ¯CZYZNA;11;20931246
VOKHID;MÊ¯CZYZNA;11;20931257
DZHAMBULAT;MÊ¯CZYZNA;11;20931268
CYPRIEN;MÊ¯CZYZNA;11;20931279
LIJO;MÊ¯CZYZNA;11;20931290
TUVIA;MÊ¯CZYZNA;11;20931301
BHUPINDER;MÊ¯CZYZNA;11;20931312
KOBI;MÊ¯CZYZNA;11;20931323
ISHAI;MÊ¯CZYZNA;11;20931334
GUILHEM;MÊ¯CZYZNA;11;20931345
AVEL;MÊ¯CZYZNA;11;20931356
HOANG MINH;MÊ¯CZYZNA;11;20931367
EFRAIN;MÊ¯CZYZNA;11;20931378
MALVIN;MÊ¯CZYZNA;11;20931389
WESAM;MÊ¯CZYZNA;11;20931400
HIRENKUMAR;MÊ¯CZYZNA;11;20931411
BOBOMUROD;MÊ¯CZYZNA;11;20931422
PRIYANK;MÊ¯CZYZNA;11;20931433
MUSHEGH;MÊ¯CZYZNA;11;20931444
EUGENIJUS;MÊ¯CZYZNA;11;20931455
JAGDEEP;MÊ¯CZYZNA;11;20931466
FRANTSISHAK;MÊ¯CZYZNA;11;20931477
KHÁNH;MÊ¯CZYZNA;11;20931488
ORESTE;MÊ¯CZYZNA;11;20931499
ORÇUN;MÊ¯CZYZNA;11;20931510
EFSTRATIOS;MÊ¯CZYZNA;11;20931521
XIAOPING;MÊ¯CZYZNA;11;20931532
LENUR;MÊ¯CZYZNA;11;20931543
KANYBEK;MÊ¯CZYZNA;11;20931554
JIAJUN;MÊ¯CZYZNA;11;20931565
GIROLAMO;MÊ¯CZYZNA;11;20931576
NATIAN;MÊ¯CZYZNA;11;20931587
EVIATAR;MÊ¯CZYZNA;11;20931598
XIAOMING;MÊ¯CZYZNA;11;20931609
REJNARD;MÊ¯CZYZNA;11;20931620
SLAVCHO;MÊ¯CZYZNA;11;20931631
YAGUB;MÊ¯CZYZNA;11;20931642
IRAKLIS;MÊ¯CZYZNA;11;20931653
VELIZAR;MÊ¯CZYZNA;11;20931664
ZELMAN;MÊ¯CZYZNA;11;20931675
TIAN;MÊ¯CZYZNA;11;20931686
STELIYAN;MÊ¯CZYZNA;11;20931697
VINU;MÊ¯CZYZNA;11;20931708
ENCHO;MÊ¯CZYZNA;11;20931719
TOMOHIRO;MÊ¯CZYZNA;11;20931730
ULAS;MÊ¯CZYZNA;11;20931741
BARTOSH;MÊ¯CZYZNA;11;20931752
BEHRUZ;MÊ¯CZYZNA;11;20931763
REEF;MÊ¯CZYZNA;11;20931774
SASA;MÊ¯CZYZNA;11;20931785
JUSTICE;MÊ¯CZYZNA;11;20931796
NIRAV;MÊ¯CZYZNA;11;20931807
WENIAMIN;MÊ¯CZYZNA;11;20931818
GIANPAOLO;MÊ¯CZYZNA;11;20931829
TING;MÊ¯CZYZNA;11;20931840
GIEDYMIN;MÊ¯CZYZNA;11;20931851
SEONG;MÊ¯CZYZNA;11;20931862
YEHYA;MÊ¯CZYZNA;11;20931873
HATIM;MÊ¯CZYZNA;11;20931884
KUDZAI;MÊ¯CZYZNA;11;20931895
VAN TRUNG;MÊ¯CZYZNA;11;20931906
MEHMET AL?;MÊ¯CZYZNA;11;20931917
ELWIN;MÊ¯CZYZNA;11;20931928
ALISTER;MÊ¯CZYZNA;11;20931939
AKSHAT;MÊ¯CZYZNA;11;20931950
MUTLU;MÊ¯CZYZNA;11;20931961
DIMOS;MÊ¯CZYZNA;11;20931972
RUSTAN;MÊ¯CZYZNA;11;20931983
MORFEUSZ;MÊ¯CZYZNA;11;20931994
STELIOS;MÊ¯CZYZNA;11;20932005
SIM?O;MÊ¯CZYZNA;11;20932016
KHIZAR;MÊ¯CZYZNA;11;20932027
DEKEL;MÊ¯CZYZNA;11;20932038
IORDAN;MÊ¯CZYZNA;11;20932049
NEMATJON;MÊ¯CZYZNA;11;20932060
REINIER;MÊ¯CZYZNA;11;20932071
EPHREM;MÊ¯CZYZNA;11;20932082
JIGAR;MÊ¯CZYZNA;11;20932093
AKIO;MÊ¯CZYZNA;11;20932104
WU;MÊ¯CZYZNA;11;20932115
BAL;MÊ¯CZYZNA;11;20932126
GAUTIER;MÊ¯CZYZNA;11;20932137
JOBIN;MÊ¯CZYZNA;11;20932148
BRAD;MÊ¯CZYZNA;11;20932159
DARJU;MÊ¯CZYZNA;11;20932170
EMRECAN;MÊ¯CZYZNA;11;20932181
MANDAR;MÊ¯CZYZNA;11;20932192
VAN QUAN;MÊ¯CZYZNA;11;20932203
BAKYTBEK;MÊ¯CZYZNA;11;20932214
VÃN TH?NH;MÊ¯CZYZNA;11;20932225
GUEORGUI;MÊ¯CZYZNA;11;20932236
HRACH;MÊ¯CZYZNA;11;20932247
ADE;MÊ¯CZYZNA;11;20932258
HUDAYBERDI;MÊ¯CZYZNA;11;20932269
TADEÁ;MÊ¯CZYZNA;11;20932280
MENNO;MÊ¯CZYZNA;11;20932291
ARKADZ;MÊ¯CZYZNA;11;20932302
PRANAY;MÊ¯CZYZNA;11;20932313
WLADISLAV;MÊ¯CZYZNA;11;20932324
VAN NGOC;MÊ¯CZYZNA;11;20932335
MOHANNAD;MÊ¯CZYZNA;11;20932346
JINHO;MÊ¯CZYZNA;11;20932357
ADILBEK;MÊ¯CZYZNA;11;20932368
JABIR;MÊ¯CZYZNA;11;20932379
SHAURYA;MÊ¯CZYZNA;11;20932390
JOSE MARIA;MÊ¯CZYZNA;11;20932401
ABDO;MÊ¯CZYZNA;11;20932412
QUÂN;MÊ¯CZYZNA;11;20932423
DOMOKOS;MÊ¯CZYZNA;11;20932434
SOMCHAI;MÊ¯CZYZNA;11;20932445
MIEROS£AW;MÊ¯CZYZNA;11;20932456
JUSTYNIAN;MÊ¯CZYZNA;11;20932467
H?NG;MÊ¯CZYZNA;11;20932478
JEAN-FRANCOIS;MÊ¯CZYZNA;11;20932489
JAAKKO;MÊ¯CZYZNA;11;20932500
VINCE;MÊ¯CZYZNA;11;20932511
ERIKAS;MÊ¯CZYZNA;11;20932522
NIRAVKUMAR;MÊ¯CZYZNA;11;20932533
ARIFUL;MÊ¯CZYZNA;11;20932544
VITALYI;MÊ¯CZYZNA;11;20932555
ANUPAM;MÊ¯CZYZNA;11;20932566
ALA;MÊ¯CZYZNA;11;20932577
HARDY;MÊ¯CZYZNA;11;20932588
ARISTIDIS;MÊ¯CZYZNA;11;20932599
MAHOMED;MÊ¯CZYZNA;11;20932610
RASHED;MÊ¯CZYZNA;11;20932621
ABY;MÊ¯CZYZNA;11;20932632
YOUSUF;MÊ¯CZYZNA;11;20932643
C??NG;MÊ¯CZYZNA;11;20932654
VIRAJ;MÊ¯CZYZNA;11;20932665
I PUTU;MÊ¯CZYZNA;11;20932676
SVILEN;MÊ¯CZYZNA;11;20932687
BRANIMIR;MÊ¯CZYZNA;11;20932698
NURUL;MÊ¯CZYZNA;11;20932709
NAZMI;MÊ¯CZYZNA;11;20932720
HAI DANG;MÊ¯CZYZNA;11;20932731
JAEWON;MÊ¯CZYZNA;11;20932742
ERIKS;MÊ¯CZYZNA;11;20932753
NICOL?;MÊ¯CZYZNA;11;20932764
SORAN;MÊ¯CZYZNA;11;20932775
VINOTH;MÊ¯CZYZNA;11;20932786
LOVEPREET;MÊ¯CZYZNA;11;20932797
GULOMJON;MÊ¯CZYZNA;11;20932808
REGIE;MÊ¯CZYZNA;11;20932819
SANJAYKUMAR;MÊ¯CZYZNA;11;20932830
POLAT;MÊ¯CZYZNA;11;20932841
ABNER;MÊ¯CZYZNA;11;20932852
JIMI;MÊ¯CZYZNA;11;20932863
VÍTÌZSLAV;MÊ¯CZYZNA;11;20932874
BAKHRIDDIN;MÊ¯CZYZNA;11;20932885
ODILBEK;MÊ¯CZYZNA;11;20932896
ADIB;MÊ¯CZYZNA;11;20932907
HARSHAL;MÊ¯CZYZNA;11;20932918
EKARD;MÊ¯CZYZNA;11;20932929
QAMAR;MÊ¯CZYZNA;11;20932940
ALEXY;MÊ¯CZYZNA;11;20932951
VOITSEKH;MÊ¯CZYZNA;11;20932962
IMANTS;MÊ¯CZYZNA;11;20932973
KARNA;MÊ¯CZYZNA;11;20932984
LAZO;MÊ¯CZYZNA;11;20932995
OSWALDO;MÊ¯CZYZNA;11;20933006
EDIS;MÊ¯CZYZNA;11;20933017
IBRAHEEM;MÊ¯CZYZNA;11;20933028
AVTANDII;MÊ¯CZYZNA;11;20933039
AZZAM;MÊ¯CZYZNA;11;20933050
VU;MÊ¯CZYZNA;11;20933061
VÃN TO?N;MÊ¯CZYZNA;11;20933072
TANNER;MÊ¯CZYZNA;11;20933083
GAVRIEL;MÊ¯CZYZNA;11;20933094
ETHEM;MÊ¯CZYZNA;11;20933105
ZORO;MÊ¯CZYZNA;11;20933116
PUNKHAN;MÊ¯CZYZNA;11;20933127
DAGMAWI;MÊ¯CZYZNA;11;20933138
NASIMI;MÊ¯CZYZNA;11;20933149
BEAT;MÊ¯CZYZNA;11;20933160
AJEESH;MÊ¯CZYZNA;11;20933171
YUVRAJ;MÊ¯CZYZNA;11;20933182
DÃNUÞ;MÊ¯CZYZNA;11;20933193
DARRYL;MÊ¯CZYZNA;11;20933204
RADKO;MÊ¯CZYZNA;11;20933215
BABAJAN;MÊ¯CZYZNA;11;20933226
MARTON;MÊ¯CZYZNA;11;20933237
SZYJA;MÊ¯CZYZNA;11;20933248
ZISIS;MÊ¯CZYZNA;11;20933259
GISBERT;MÊ¯CZYZNA;11;20933270
THANH SON;MÊ¯CZYZNA;11;20933281
WISSEM;MÊ¯CZYZNA;11;20933292
KRZES£AW;MÊ¯CZYZNA;11;20933303
D¯OWANI;MÊ¯CZYZNA;11;20933314
BAKHMAN;MÊ¯CZYZNA;11;20933325
SIBI;MÊ¯CZYZNA;11;20933336
NAJIB;MÊ¯CZYZNA;11;20933347
HOANG NAM;MÊ¯CZYZNA;11;20933358
ABDULHAMID;MÊ¯CZYZNA;11;20933369
BA;MÊ¯CZYZNA;11;20933380
BOUBACAR;MÊ¯CZYZNA;11;20933391
ABDULKARIM;MÊ¯CZYZNA;11;20933402
ORIF;MÊ¯CZYZNA;11;20933413
BACHIR;MÊ¯CZYZNA;11;20933424
KIRUBEL;MÊ¯CZYZNA;11;20933435
JETMIR;MÊ¯CZYZNA;11;20933446
BOYKO;MÊ¯CZYZNA;11;20933457
HURAM;MÊ¯CZYZNA;11;20933468
WAGNER;MÊ¯CZYZNA;11;20933479
GURBANGELDI;MÊ¯CZYZNA;11;20933490
ÖMER FARUK;MÊ¯CZYZNA;11;20933501
OHANES;MÊ¯CZYZNA;11;20933512
KAYDEN;MÊ¯CZYZNA;11;20933523
AL?CAN;MÊ¯CZYZNA;11;20933534
KENECHUKWU;MÊ¯CZYZNA;11;20933545
DONI;MÊ¯CZYZNA;11;20933556
TADEU;MÊ¯CZYZNA;11;20933567
NICOLAJ;MÊ¯CZYZNA;11;20933578
MISAK;MÊ¯CZYZNA;11;20933589
KASPERS;MÊ¯CZYZNA;11;20933600
ILHOMJON;MÊ¯CZYZNA;11;20933611
VÃN D??NG;MÊ¯CZYZNA;11;20933622
VINZENT;MÊ¯CZYZNA;11;20933633
MOTI;MÊ¯CZYZNA;11;20933644
ARNAU;MÊ¯CZYZNA;11;20933655
KHAYRULLO;MÊ¯CZYZNA;11;20933666
XAVI;MÊ¯CZYZNA;11;20933677
ABDULKHAMID;MÊ¯CZYZNA;11;20933688
UDI;MÊ¯CZYZNA;11;20933699
CASIMIRO;MÊ¯CZYZNA;11;20933710
YAKOB;MÊ¯CZYZNA;11;20933721
VAN HUAN;MÊ¯CZYZNA;11;20933732
TIEN DUNG;MÊ¯CZYZNA;11;20933743
CONAN;MÊ¯CZYZNA;11;20933754
VIJAYKUMAR;MÊ¯CZYZNA;11;20933765
ABDI;MÊ¯CZYZNA;11;20933776
ERMAL;MÊ¯CZYZNA;11;20933787
ARCANGELO;MÊ¯CZYZNA;11;20933798
UMUTCAN;MÊ¯CZYZNA;11;20933809
VAN HAO;MÊ¯CZYZNA;11;20933820
MUZAFFARJON;MÊ¯CZYZNA;11;20933831
ISHTVAN;MÊ¯CZYZNA;11;20933842
GAËL;MÊ¯CZYZNA;11;20933853
GRAYSON;MÊ¯CZYZNA;11;20933864
IBRAM;MÊ¯CZYZNA;11;20933875
GULU;MÊ¯CZYZNA;11;20933886
MOUAD;MÊ¯CZYZNA;11;20933897
FYODOR;MÊ¯CZYZNA;11;20933908
EMILI;MÊ¯CZYZNA;11;20933919
TAPAN;MÊ¯CZYZNA;11;20933930
CIHAT;MÊ¯CZYZNA;11;20933941
YERVAND;MÊ¯CZYZNA;11;20933952
JORDY;MÊ¯CZYZNA;11;20933963
WAJDI;MÊ¯CZYZNA;11;20933974
VIET HUNG;MÊ¯CZYZNA;11;20933985
SHUKHRATBEK;MÊ¯CZYZNA;11;20933996
ILGIZ;MÊ¯CZYZNA;11;20934007
VENU;MÊ¯CZYZNA;11;20934018
PHAN;MÊ¯CZYZNA;11;20934029
MINWOO;MÊ¯CZYZNA;11;20934040
TURGAI;MÊ¯CZYZNA;11;20934051
JONEL;MÊ¯CZYZNA;11;20934062
NECDET;MÊ¯CZYZNA;11;20934073
CHINGIS;MÊ¯CZYZNA;11;20934084
KARLIS;MÊ¯CZYZNA;11;20934095
DARIU;MÊ¯CZYZNA;11;20934106
LYES;MÊ¯CZYZNA;11;20934117
ARPIT;MÊ¯CZYZNA;11;20934128
LAUREN;MÊ¯CZYZNA;11;20934139
WASILI;MÊ¯CZYZNA;11;20934150
DEEPU;MÊ¯CZYZNA;11;20934161
JOSEK;MÊ¯CZYZNA;11;20934172
SLAVIA;MÊ¯CZYZNA;11;20934183
QUYEN;MÊ¯CZYZNA;11;20934194
CACPER;MÊ¯CZYZNA;11;20934205
ZEKERIYA;MÊ¯CZYZNA;11;20934216
GRZYMIS£AW;MÊ¯CZYZNA;11;20934227
GIJSBERT;MÊ¯CZYZNA;11;20934238
SAGIV;MÊ¯CZYZNA;11;20934249
MAHARRAM;MÊ¯CZYZNA;11;20934260
STAMATIOS;MÊ¯CZYZNA;11;20934271
ELDORBEK;MÊ¯CZYZNA;11;20934282
BOYAN;MÊ¯CZYZNA;11;20934293
DANEL;MÊ¯CZYZNA;11;20934304
AT?LLA;MÊ¯CZYZNA;11;20934315
DANYLA;MÊ¯CZYZNA;11;20934326
SULAYMAN;MÊ¯CZYZNA;11;20934337
RENATAS;MÊ¯CZYZNA;11;20934348
ODIN;MÊ¯CZYZNA;11;20934359
KAMOL;MÊ¯CZYZNA;11;20934370
JEFERSON;MÊ¯CZYZNA;11;20934381
SAVASH;MÊ¯CZYZNA;11;20934392
GIANNIS;MÊ¯CZYZNA;11;20934403
JINWOO;MÊ¯CZYZNA;11;20934414
LIEON;MÊ¯CZYZNA;11;20934425
RESHAM;MÊ¯CZYZNA;11;20934436
SEIFEDDINE;MÊ¯CZYZNA;11;20934447
WENBIN;MÊ¯CZYZNA;11;20934458
KONSTIANTIN;MÊ¯CZYZNA;11;20934469
ILIYAS;MÊ¯CZYZNA;11;20934480
GAKHRAMAN;MÊ¯CZYZNA;11;20934491
KASSIAN;MÊ¯CZYZNA;11;20934502
TYKHIN;MÊ¯CZYZNA;11;20934513
TROFYM;MÊ¯CZYZNA;11;20934524
VÃN TRUNG;MÊ¯CZYZNA;11;20934535
CRISTOF;MÊ¯CZYZNA;11;20934546
WIACZESLAW;MÊ¯CZYZNA;11;20934557
STOYCHO;MÊ¯CZYZNA;11;20934568
ROSTOMI;MÊ¯CZYZNA;11;20934579
DEDE;MÊ¯CZYZNA;11;20934590
THEOPHILE;MÊ¯CZYZNA;11;20934601
VASYLII;MÊ¯CZYZNA;11;20934612
OLIINYK;MÊ¯CZYZNA;11;20934623
VAIDOTAS;MÊ¯CZYZNA;11;20934634
FATEH;MÊ¯CZYZNA;11;20934645
MAXAT;MÊ¯CZYZNA;11;20934656
BHARGAV;MÊ¯CZYZNA;11;20934667
ASLIDDIN;MÊ¯CZYZNA;11;20934678
MITHAT;MÊ¯CZYZNA;11;20934689
Y???T;MÊ¯CZYZNA;11;20934700
VUONG;MÊ¯CZYZNA;11;20934711
YIGIT;MÊ¯CZYZNA;11;20934722
TOBÍAS;MÊ¯CZYZNA;11;20934733
DREW;MÊ¯CZYZNA;11;20934744
DZINTARS;MÊ¯CZYZNA;11;20934755
ROK;MÊ¯CZYZNA;11;20934766
KATERYNA;MÊ¯CZYZNA;11;20934777
DAMIANOS;MÊ¯CZYZNA;11;20934788
ÖMÜR;MÊ¯CZYZNA;11;20934799
ARTJOM;MÊ¯CZYZNA;11;20934810
EMERIC;MÊ¯CZYZNA;11;20934821
MD ABDUL;MÊ¯CZYZNA;11;20934832
TINH;MÊ¯CZYZNA;11;20934843
MOMÈILO;MÊ¯CZYZNA;11;20934854
ELYORBEK;MÊ¯CZYZNA;11;20934865
MANOLIS;MÊ¯CZYZNA;11;20934876
VLADAS;MÊ¯CZYZNA;11;20934887
NDUBUISI;MÊ¯CZYZNA;11;20934898
BECHIR;MÊ¯CZYZNA;11;20934909
SHINJI;MÊ¯CZYZNA;11;20934920
ARMEL;MÊ¯CZYZNA;11;20934931
JOKO;MÊ¯CZYZNA;11;20934942
TAHSIN;MÊ¯CZYZNA;11;20934953
DHANANJAY;MÊ¯CZYZNA;11;20934964
TO?N;MÊ¯CZYZNA;11;20934975
ARTAVAZD;MÊ¯CZYZNA;11;20934986
GHASSEN;MÊ¯CZYZNA;11;20934997
M?NH C??NG;MÊ¯CZYZNA;11;20935008
JEAN-JACQUES;MÊ¯CZYZNA;11;20935019
SAFWAN;MÊ¯CZYZNA;11;20935030
INGOLF;MÊ¯CZYZNA;11;20935041
MINH ANH;MÊ¯CZYZNA;11;20935052
KLIMENT;MÊ¯CZYZNA;11;20935063
SHAKIL;MÊ¯CZYZNA;11;20935074
WINFRID;MÊ¯CZYZNA;11;20935085
GÖKAY;MÊ¯CZYZNA;11;20935096
ANU;MÊ¯CZYZNA;11;20935107
ELIMELECH;MÊ¯CZYZNA;11;20935118
KAMILL;MÊ¯CZYZNA;11;20935129
W£ADIS£AW;MÊ¯CZYZNA;11;20935140
GADAM;MÊ¯CZYZNA;11;20935151
ROLANDS;MÊ¯CZYZNA;11;20935162
PARMINDER;MÊ¯CZYZNA;11;20935173
YERMEK;MÊ¯CZYZNA;11;20935184
JAUME;MÊ¯CZYZNA;11;20935195
RUSSEL;MÊ¯CZYZNA;11;20935206
THANH LONG;MÊ¯CZYZNA;11;20935217
YELISEY;MÊ¯CZYZNA;11;20935228
RAIL;MÊ¯CZYZNA;11;20935239
YUNIS;MÊ¯CZYZNA;11;20935250
AKIHIRO;MÊ¯CZYZNA;11;20935261
PAVLIN;MÊ¯CZYZNA;11;20935272
MAR'YAN;MÊ¯CZYZNA;11;20935283
KNUD;MÊ¯CZYZNA;11;20935294
WEIDONG;MÊ¯CZYZNA;11;20935305
EDUARDAS;MÊ¯CZYZNA;11;20935316
ODO;MÊ¯CZYZNA;11;20935327
D¯ON;MÊ¯CZYZNA;11;20935338
ALMAZBEK;MÊ¯CZYZNA;11;20935349
RAPAEL;MÊ¯CZYZNA;11;20935360
OUALID;MÊ¯CZYZNA;11;20935371
KENICHI;MÊ¯CZYZNA;11;20935382
LEX;MÊ¯CZYZNA;11;20935393
ADEMOLA;MÊ¯CZYZNA;11;20935404
BILOL;MÊ¯CZYZNA;11;20935415
ELGIUN;MÊ¯CZYZNA;11;20935426
JIANPING;MÊ¯CZYZNA;11;20935437
JISHNU;MÊ¯CZYZNA;11;20935448
PROKOP;MÊ¯CZYZNA;11;20935459
ERLAND;MÊ¯CZYZNA;11;20935470
GURWINDER;MÊ¯CZYZNA;11;20935481
PRAVEEN KUMAR;MÊ¯CZYZNA;11;20935492
ANIELLO;MÊ¯CZYZNA;11;20935503
HAMISH;MÊ¯CZYZNA;11;20935514
WALDEK;MÊ¯CZYZNA;11;20935525
ASROR;MÊ¯CZYZNA;11;20935536
SUKHRAB;MÊ¯CZYZNA;11;20935547
AHMADJON;MÊ¯CZYZNA;11;20935558
TRUONG GIANG;MÊ¯CZYZNA;11;20935569
AªKIN;MÊ¯CZYZNA;11;20935580
KHIM;MÊ¯CZYZNA;11;20935591
SANTHOSH KUMAR;MÊ¯CZYZNA;11;20935602
RUGGERO;MÊ¯CZYZNA;11;20935613
SHAHAF;MÊ¯CZYZNA;11;20935624
SHAROFIDDIN;MÊ¯CZYZNA;11;20935635
WALDY;MÊ¯CZYZNA;11;20935646
JIHO;MÊ¯CZYZNA;11;20935657
CONSTANTINO;MÊ¯CZYZNA;11;20935668
TIBERIU;MÊ¯CZYZNA;11;20935679
RAHEEM;MÊ¯CZYZNA;11;20935690
VÃN HO?NG;MÊ¯CZYZNA;11;20935701
ZBYNÌK;MÊ¯CZYZNA;11;20935712
JERIN;MÊ¯CZYZNA;11;20935723
ALIAKSANDER;MÊ¯CZYZNA;11;20935734
LUKA;MÊ¯CZYZNA;11;20935745
JEIRAN;MÊ¯CZYZNA;11;20935756
V'YACHESLAV;MÊ¯CZYZNA;11;20935767
W£ADYMIR;MÊ¯CZYZNA;11;20935778
OGNJEN;MÊ¯CZYZNA;11;20935789
MIN BAHADUR;MÊ¯CZYZNA;11;20935800
ABESALOMI;MÊ¯CZYZNA;11;20935811
OLIVÉR;MÊ¯CZYZNA;11;20935822
FERID;MÊ¯CZYZNA;11;20935833
ANER;MÊ¯CZYZNA;11;20935844
NAVJOT;MÊ¯CZYZNA;11;20935855
SIGMUND;MÊ¯CZYZNA;11;20935866
SHAKEEL;MÊ¯CZYZNA;11;20935877
ZHIWEI;MÊ¯CZYZNA;11;20935888
ELY;MÊ¯CZYZNA;11;20935899
IDDO;MÊ¯CZYZNA;11;20935910
H?U;MÊ¯CZYZNA;11;20935921
YUSUFJON;MÊ¯CZYZNA;11;20935932
AGAMYRAT;MÊ¯CZYZNA;11;20935943
SARTHAK;MÊ¯CZYZNA;11;20935954
GEGI;MÊ¯CZYZNA;11;20935965
HRACHIK;MÊ¯CZYZNA;11;20935976
ABDOU;MÊ¯CZYZNA;11;20935987
ITSHAK;MÊ¯CZYZNA;11;20935998
KALYAN;MÊ¯CZYZNA;11;20936009
SATYA;MÊ¯CZYZNA;11;20936020
FILEMON;MÊ¯CZYZNA;11;20936031
KORNELII;MÊ¯CZYZNA;11;20936042
VINEET;MÊ¯CZYZNA;11;20936053
MIHAYLO;MÊ¯CZYZNA;11;20936064
MULKADAR;MÊ¯CZYZNA;11;20936075
MERUZHAN;MÊ¯CZYZNA;11;20936086
FERI;MÊ¯CZYZNA;11;20936097
ÓSCAR;MÊ¯CZYZNA;11;20936108
SYMCHA;MÊ¯CZYZNA;11;20936119
SAMID;MÊ¯CZYZNA;10;20936129
TAIWO;MÊ¯CZYZNA;10;20936139
OSTIN;MÊ¯CZYZNA;10;20936149
SEVASTSYAN;MÊ¯CZYZNA;10;20936159
ANDIS;MÊ¯CZYZNA;10;20936169
SIARHEJ;MÊ¯CZYZNA;10;20936179
ENKHBAYAR;MÊ¯CZYZNA;10;20936189
NICOLE;MÊ¯CZYZNA;10;20936199
KHABIB;MÊ¯CZYZNA;10;20936209
RAMANA;MÊ¯CZYZNA;10;20936219
KARTHICK;MÊ¯CZYZNA;10;20936229
JIANHUI;MÊ¯CZYZNA;10;20936239
BHAVINKUMAR;MÊ¯CZYZNA;10;20936249
UZI;MÊ¯CZYZNA;10;20936259
HEE;MÊ¯CZYZNA;10;20936269
HAMADA;MÊ¯CZYZNA;10;20936279
MIKAËL;MÊ¯CZYZNA;10;20936289
SEID;MÊ¯CZYZNA;10;20936299
ENNIO;MÊ¯CZYZNA;10;20936309
?IKITA;MÊ¯CZYZNA;10;20936319
STEPANE;MÊ¯CZYZNA;10;20936329
SEGEV;MÊ¯CZYZNA;10;20936339
JELLE;MÊ¯CZYZNA;10;20936349
EMIEL;MÊ¯CZYZNA;10;20936359
SATHEESH;MÊ¯CZYZNA;10;20936369
GIAMPAOLO;MÊ¯CZYZNA;10;20936379
JANS;MÊ¯CZYZNA;10;20936389
HARII;MÊ¯CZYZNA;10;20936399
OSAMU;MÊ¯CZYZNA;10;20936409
SHAMIM;MÊ¯CZYZNA;10;20936419
FORTUNAT;MÊ¯CZYZNA;10;20936429
TOCHUKWU;MÊ¯CZYZNA;10;20936439
BAURZHAN;MÊ¯CZYZNA;10;20936449
PRAVIN;MÊ¯CZYZNA;10;20936459
MANJEET;MÊ¯CZYZNA;10;20936469
YASAR;MÊ¯CZYZNA;10;20936479
DIMITRY;MÊ¯CZYZNA;10;20936489
RAGHAVENDRA;MÊ¯CZYZNA;10;20936499
KALOYAN;MÊ¯CZYZNA;10;20936509
AKHILESH;MÊ¯CZYZNA;10;20936519
TURKHAN;MÊ¯CZYZNA;10;20936529
KHUMOYUN;MÊ¯CZYZNA;10;20936539
OSAMAH;MÊ¯CZYZNA;10;20936549
ZOKHID;MÊ¯CZYZNA;10;20936559
SAYDULLO;MÊ¯CZYZNA;10;20936569
DAI;MÊ¯CZYZNA;10;20936579
GAZI;MÊ¯CZYZNA;10;20936589
ANANDA;MÊ¯CZYZNA;10;20936599
PHIZULI;MÊ¯CZYZNA;10;20936609
DANIELS;MÊ¯CZYZNA;10;20936619
ZHYRGALBEK;MÊ¯CZYZNA;10;20936629
IMEDI;MÊ¯CZYZNA;10;20936639
BHUWAN;MÊ¯CZYZNA;10;20936649
CHIDIEBERE;MÊ¯CZYZNA;10;20936659
ABIR;MÊ¯CZYZNA;10;20936669
AYDAN;MÊ¯CZYZNA;10;20936679
SYIMYK;MÊ¯CZYZNA;10;20936689
DEONIS;MÊ¯CZYZNA;10;20936699
ISHKHAN;MÊ¯CZYZNA;10;20936709
BEHNAM;MÊ¯CZYZNA;10;20936719
NURLANBEK;MÊ¯CZYZNA;10;20936729
MAIS;MÊ¯CZYZNA;10;20936739
ALBANO;MÊ¯CZYZNA;10;20936749
WLODZIMIERZ;MÊ¯CZYZNA;10;20936759
KSHITIJ;MÊ¯CZYZNA;10;20936769
VOJISLAV;MÊ¯CZYZNA;10;20936779
LAMINE;MÊ¯CZYZNA;10;20936789
MANJINDER;MÊ¯CZYZNA;10;20936799
KEEGAN;MÊ¯CZYZNA;10;20936809
PANTELEIMON;MÊ¯CZYZNA;10;20936819
RASHKO;MÊ¯CZYZNA;10;20936829
HAYRETTIN;MÊ¯CZYZNA;10;20936839
ªAFAK;MÊ¯CZYZNA;10;20936849
RAJEESH;MÊ¯CZYZNA;10;20936859
ONIK;MÊ¯CZYZNA;10;20936869
EDMON;MÊ¯CZYZNA;10;20936879
SABAH;MÊ¯CZYZNA;10;20936889
DUC MINH;MÊ¯CZYZNA;10;20936899
SLAVEN;MÊ¯CZYZNA;10;20936909
NAIF;MÊ¯CZYZNA;10;20936919
JESSY;MÊ¯CZYZNA;10;20936929
FERRAN;MÊ¯CZYZNA;10;20936939
BHUPENDRA;MÊ¯CZYZNA;10;20936949
GALYMZHAN;MÊ¯CZYZNA;10;20936959
GYTIS;MÊ¯CZYZNA;10;20936969
NEMATULLO;MÊ¯CZYZNA;10;20936979
AIMABLE;MÊ¯CZYZNA;10;20936989
SUMEET;MÊ¯CZYZNA;10;20936999
GABRIËL;MÊ¯CZYZNA;10;20937009
JUNE;MÊ¯CZYZNA;10;20937019
ÜNAL;MÊ¯CZYZNA;10;20937029
PENGFEI;MÊ¯CZYZNA;10;20937039
KOREN;MÊ¯CZYZNA;10;20937049
UMANG;MÊ¯CZYZNA;10;20937059
ARIN;MÊ¯CZYZNA;10;20937069
SVEIN;MÊ¯CZYZNA;10;20937079
KOSTIAN;MÊ¯CZYZNA;10;20937089
ZINEDINE;MÊ¯CZYZNA;10;20937099
ROTYSLAV;MÊ¯CZYZNA;10;20937109
ARISTARKH;MÊ¯CZYZNA;10;20937119
ARRAN;MÊ¯CZYZNA;10;20937129
KAYA;MÊ¯CZYZNA;10;20937139
JUAN MANUEL;MÊ¯CZYZNA;10;20937149
ALFIO;MÊ¯CZYZNA;10;20937159
SUDHANSHU;MÊ¯CZYZNA;10;20937169
MAGSUD;MÊ¯CZYZNA;10;20937179
GORKA;MÊ¯CZYZNA;10;20937189
SU;MÊ¯CZYZNA;10;20937199
MIKAYIL;MÊ¯CZYZNA;10;20937209
NAJMIDDIN;MÊ¯CZYZNA;10;20937219
TYKHOMYR;MÊ¯CZYZNA;10;20937229
KLYMENT;MÊ¯CZYZNA;10;20937239
AMAND;MÊ¯CZYZNA;10;20937249
TRIFON;MÊ¯CZYZNA;10;20937259
WO£ODYMIR;MÊ¯CZYZNA;10;20937269
NOVAC;MÊ¯CZYZNA;10;20937279
JUR;MÊ¯CZYZNA;10;20937289
PARVEEN;MÊ¯CZYZNA;10;20937299
JÕRG;MÊ¯CZYZNA;10;20937309
ZARIF;MÊ¯CZYZNA;10;20937319
ARYA;MÊ¯CZYZNA;10;20937329
MIRCHA;MÊ¯CZYZNA;10;20937339
ABDULLAH AL;MÊ¯CZYZNA;10;20937349
JEPPE;MÊ¯CZYZNA;10;20937359
VAN DUONG;MÊ¯CZYZNA;10;20937369
MAKARIJ;MÊ¯CZYZNA;10;20937379
SORBON;MÊ¯CZYZNA;10;20937389
DYMIR;MÊ¯CZYZNA;10;20937399
SEVGIN;MÊ¯CZYZNA;10;20937409
ASAAD;MÊ¯CZYZNA;10;20937419
VLASII;MÊ¯CZYZNA;10;20937429
ELON;MÊ¯CZYZNA;10;20937439
ENKHBAATAR;MÊ¯CZYZNA;10;20937449
DAKSH;MÊ¯CZYZNA;10;20937459
YOUNGJIN;MÊ¯CZYZNA;10;20937469
KHAYRULLA;MÊ¯CZYZNA;10;20937479
JAROMI£;MÊ¯CZYZNA;10;20937489
NOZIM;MÊ¯CZYZNA;10;20937499
SA?T;MÊ¯CZYZNA;10;20937509
RABIE;MÊ¯CZYZNA;10;20937519
ZHIMING;MÊ¯CZYZNA;10;20937529
KRISH;MÊ¯CZYZNA;10;20937539
JANIKO;MÊ¯CZYZNA;10;20937549
JAYANT;MÊ¯CZYZNA;10;20937559
ORFEAS;MÊ¯CZYZNA;10;20937569
VENKAT;MÊ¯CZYZNA;10;20937579
ANTUAN;MÊ¯CZYZNA;10;20937589
ARBËR;MÊ¯CZYZNA;10;20937599
MUMINJON;MÊ¯CZYZNA;10;20937609
YOUNGHO;MÊ¯CZYZNA;10;20937619
H?U;MÊ¯CZYZNA;10;20937629
MONTASSAR;MÊ¯CZYZNA;10;20937639
ITTAI;MÊ¯CZYZNA;10;20937649
ARRON;MÊ¯CZYZNA;10;20937659
TOKHIRJON;MÊ¯CZYZNA;10;20937669
AKOBIR;MÊ¯CZYZNA;10;20937679
EUGENI;MÊ¯CZYZNA;10;20937689
ORTWIN;MÊ¯CZYZNA;10;20937699
PRASANTA;MÊ¯CZYZNA;10;20937709
JAVOKHIRBEK;MÊ¯CZYZNA;10;20937719
YANNIK;MÊ¯CZYZNA;10;20937729
KUJTIM;MÊ¯CZYZNA;10;20937739
JARNO;MÊ¯CZYZNA;10;20937749
JUNWEI;MÊ¯CZYZNA;10;20937759
YOUNIS;MÊ¯CZYZNA;10;20937769
GAZMEND;MÊ¯CZYZNA;10;20937779
GYAN;MÊ¯CZYZNA;10;20937789
CELESTINO;MÊ¯CZYZNA;10;20937799
FIROZ;MÊ¯CZYZNA;10;20937809
PIRUZ;MÊ¯CZYZNA;10;20937819
NITAY;MÊ¯CZYZNA;10;20937829
FOMA;MÊ¯CZYZNA;10;20937839
TANVEER;MÊ¯CZYZNA;10;20937849
VIACHASLAV;MÊ¯CZYZNA;10;20937859
RADYS£AW;MÊ¯CZYZNA;10;20937869
ZHANBOLAT;MÊ¯CZYZNA;10;20937879
SADETTIN;MÊ¯CZYZNA;10;20937889
IASIN;MÊ¯CZYZNA;10;20937899
GENTIAN;MÊ¯CZYZNA;10;20937909
TOLEK;MÊ¯CZYZNA;10;20937919
TIMOTEO;MÊ¯CZYZNA;10;20937929
FLORJAN;MÊ¯CZYZNA;10;20937939
AZHAR;MÊ¯CZYZNA;10;20937949
ZHOU;MÊ¯CZYZNA;10;20937959
RAMBABU;MÊ¯CZYZNA;10;20937969
AR?NAS;MÊ¯CZYZNA;10;20937979
ZIHAO;MÊ¯CZYZNA;10;20937989
JOJO;MÊ¯CZYZNA;10;20937999
MESROP;MÊ¯CZYZNA;10;20938009
NAURIS;MÊ¯CZYZNA;10;20938019
RAITIS;MÊ¯CZYZNA;10;20938029
HYDYR;MÊ¯CZYZNA;10;20938039
LAURENTY;MÊ¯CZYZNA;10;20938049
SEVERINO;MÊ¯CZYZNA;10;20938059
MONDHER;MÊ¯CZYZNA;10;20938069
ABDESSAMAD;MÊ¯CZYZNA;10;20938079
AFANASII;MÊ¯CZYZNA;10;20938089
GIORGOS;MÊ¯CZYZNA;10;20938099
EYYÜP;MÊ¯CZYZNA;10;20938109
ESA;MÊ¯CZYZNA;10;20938119
ISKREN;MÊ¯CZYZNA;10;20938129
RÉGIS;MÊ¯CZYZNA;10;20938139
NAVDEEP;MÊ¯CZYZNA;10;20938149
MAHAMED;MÊ¯CZYZNA;10;20938159
ABYLAY;MÊ¯CZYZNA;10;20938169
TOMOYUKI;MÊ¯CZYZNA;10;20938179
XINYU;MÊ¯CZYZNA;10;20938189
JAQUES;MÊ¯CZYZNA;10;20938199
NICOD?ME;MÊ¯CZYZNA;10;20938209
AL?HAN;MÊ¯CZYZNA;10;20938219
MASHKHURBEK;MÊ¯CZYZNA;10;20938229
TH?;MÊ¯CZYZNA;10;20938239
DRAEN;MÊ¯CZYZNA;10;20938249
SILVESTRO;MÊ¯CZYZNA;10;20938259
NAZARIUSZ;MÊ¯CZYZNA;10;20938269
RADENKO;MÊ¯CZYZNA;10;20938279
ZHENHUA;MÊ¯CZYZNA;10;20938289
PARTHA;MÊ¯CZYZNA;10;20938299
ENDRI;MÊ¯CZYZNA;10;20938309
ALLADYN;MÊ¯CZYZNA;10;20938319
YULI;MÊ¯CZYZNA;10;20938329
IZZET;MÊ¯CZYZNA;10;20938339
J?RN;MÊ¯CZYZNA;10;20938349
BAMBANG;MÊ¯CZYZNA;10;20938359
HELIO;MÊ¯CZYZNA;10;20938369
FERGUS;MÊ¯CZYZNA;10;20938379
BAKHTOVAR;MÊ¯CZYZNA;10;20938389
MAXMILIAN;MÊ¯CZYZNA;10;20938399
AIN?RS;MÊ¯CZYZNA;10;20938409
EDIKA;MÊ¯CZYZNA;10;20938419
VICKY;MÊ¯CZYZNA;10;20938429
BOHODAR;MÊ¯CZYZNA;10;20938439
¼UDOVÍT;MÊ¯CZYZNA;10;20938449
AMITAI;MÊ¯CZYZNA;10;20938459
RAFFY;MÊ¯CZYZNA;10;20938469
BRAK;MÊ¯CZYZNA;10;20938479
SHRIKANT;MÊ¯CZYZNA;10;20938489
NIKANDER;MÊ¯CZYZNA;10;20938499
THANH TRUNG;MÊ¯CZYZNA;10;20938509
WSIEWO£OD;MÊ¯CZYZNA;10;20938519
ELISEO;MÊ¯CZYZNA;10;20938529
SEVERIAN;MÊ¯CZYZNA;10;20938539
NETA;MÊ¯CZYZNA;10;20938549
LIWEI;MÊ¯CZYZNA;10;20938559
SHERMADIN;MÊ¯CZYZNA;10;20938569
SIDDHANT;MÊ¯CZYZNA;10;20938579
FILON;MÊ¯CZYZNA;10;20938589
HOM;MÊ¯CZYZNA;10;20938599
JOON;MÊ¯CZYZNA;10;20938609
SHAMISTAN;MÊ¯CZYZNA;10;20938619
ARIER;MÊ¯CZYZNA;10;20938629
SR?AN;MÊ¯CZYZNA;10;20938639
GAMLET;MÊ¯CZYZNA;10;20938649
DERICK;MÊ¯CZYZNA;10;20938659
DIYOR;MÊ¯CZYZNA;10;20938669
ELAI;MÊ¯CZYZNA;10;20938679
DITO;MÊ¯CZYZNA;10;20938689
MYKOLAJ;MÊ¯CZYZNA;10;20938699
PARAS;MÊ¯CZYZNA;10;20938709
GORGONIUSZ;MÊ¯CZYZNA;10;20938719
MUBARAK;MÊ¯CZYZNA;10;20938729
CHIRAGKUMAR;MÊ¯CZYZNA;10;20938739
TOLULOPE;MÊ¯CZYZNA;10;20938749
NAVEH;MÊ¯CZYZNA;10;20938759
SUHAIL;MÊ¯CZYZNA;10;20938769
YEVHENI;MÊ¯CZYZNA;10;20938779
SENAN;MÊ¯CZYZNA;10;20938789
WENBO;MÊ¯CZYZNA;10;20938799
ZEYAD;MÊ¯CZYZNA;10;20938809
SAIKHAN;MÊ¯CZYZNA;10;20938819
YAAKOUB;MÊ¯CZYZNA;10;20938829
KRZESIS£AW;MÊ¯CZYZNA;10;20938839
VEDRAN;MÊ¯CZYZNA;10;20938849
LEWON;MÊ¯CZYZNA;10;20938859
DYMYTRYI;MÊ¯CZYZNA;10;20938869
AURELIUS;MÊ¯CZYZNA;10;20938879
AIVAZ;MÊ¯CZYZNA;10;20938889
GILI;MÊ¯CZYZNA;10;20938899
JONGHO;MÊ¯CZYZNA;10;20938909
ARNIS;MÊ¯CZYZNA;10;20938919
HARNIK;MÊ¯CZYZNA;10;20938929
PRECIOUS;MÊ¯CZYZNA;10;20938939
KRISHAN;MÊ¯CZYZNA;10;20938949
BERNDT;MÊ¯CZYZNA;10;20938959
DILSHAD;MÊ¯CZYZNA;10;20938969
FAZAL;MÊ¯CZYZNA;10;20938979
YEVSTAKHIY;MÊ¯CZYZNA;10;20938989
MARC-ANTOINE;MÊ¯CZYZNA;10;20938999
EYMEN;MÊ¯CZYZNA;10;20939009
SUDHEER;MÊ¯CZYZNA;10;20939019
VACHE;MÊ¯CZYZNA;10;20939029
MATIS;MÊ¯CZYZNA;10;20939039
DOVLETMYRAT;MÊ¯CZYZNA;10;20939049
BEREND;MÊ¯CZYZNA;10;20939059
SHIVANSH;MÊ¯CZYZNA;10;20939069
SAMAR;MÊ¯CZYZNA;10;20939079
ERFAN;MÊ¯CZYZNA;10;20939089
ASHWANI;MÊ¯CZYZNA;10;20939099
N?YAZ?;MÊ¯CZYZNA;10;20939109
MEKHTI;MÊ¯CZYZNA;10;20939119
DOMENTI;MÊ¯CZYZNA;10;20939129
D¯ULIAN;MÊ¯CZYZNA;10;20939139
RIKARD;MÊ¯CZYZNA;10;20939149
OGUZ;MÊ¯CZYZNA;10;20939159
ABDULLATIF;MÊ¯CZYZNA;10;20939169
JEVGENIJUS;MÊ¯CZYZNA;10;20939179
REJNHARD;MÊ¯CZYZNA;10;20939189
STILIYAN;MÊ¯CZYZNA;10;20939199
RUSLANAS;MÊ¯CZYZNA;10;20939209
IRMGARD;MÊ¯CZYZNA;10;20939219
MATVI;MÊ¯CZYZNA;10;20939229
MINSEOK;MÊ¯CZYZNA;10;20939239
JAIR;MÊ¯CZYZNA;10;20939249
SAQIB;MÊ¯CZYZNA;10;20939259
TIEN DAT;MÊ¯CZYZNA;10;20939269
YOUNGMIN;MÊ¯CZYZNA;10;20939279
RIKI;MÊ¯CZYZNA;10;20939289
LAURIS;MÊ¯CZYZNA;10;20939299
NAYAN;MÊ¯CZYZNA;10;20939309
LEIGH;MÊ¯CZYZNA;10;20939319
SRHII;MÊ¯CZYZNA;10;20939329
CRISANTO;MÊ¯CZYZNA;10;20939339
IUSUF;MÊ¯CZYZNA;10;20939349
BATBAYAR;MÊ¯CZYZNA;10;20939359
MINH KHOI;MÊ¯CZYZNA;10;20939369
ERAST;MÊ¯CZYZNA;10;20939379
CLAES;MÊ¯CZYZNA;10;20939389
EL;MÊ¯CZYZNA;10;20939399
ANDZHEY;MÊ¯CZYZNA;10;20939409
EUGENII;MÊ¯CZYZNA;10;20939419
SUMESH;MÊ¯CZYZNA;10;20939429
GÖKMEN;MÊ¯CZYZNA;10;20939439
KUSHTRIM;MÊ¯CZYZNA;10;20939449
KHAC;MÊ¯CZYZNA;10;20939459
YI?IT;MÊ¯CZYZNA;10;20939469
SAYAT;MÊ¯CZYZNA;10;20939479
FROL;MÊ¯CZYZNA;10;20939489
VAN THAI;MÊ¯CZYZNA;10;20939499
ANSGAR;MÊ¯CZYZNA;10;20939509
VLADYLEN;MÊ¯CZYZNA;10;20939519
JUWON;MÊ¯CZYZNA;10;20939529
EIVAZ;MÊ¯CZYZNA;10;20939539
WULF;MÊ¯CZYZNA;10;20939549
ZHIYUAN;MÊ¯CZYZNA;10;20939559
NEVILLE;MÊ¯CZYZNA;10;20939569
AMITKUMAR;MÊ¯CZYZNA;10;20939579
PATRYCK;MÊ¯CZYZNA;10;20939589
NACHKO;MÊ¯CZYZNA;10;20939599
HURHEN;MÊ¯CZYZNA;10;20939609
ADEN;MÊ¯CZYZNA;10;20939619
BERIK;MÊ¯CZYZNA;10;20939629
ARAMAIS;MÊ¯CZYZNA;10;20939639
VAN QUYET;MÊ¯CZYZNA;10;20939649
SULTON;MÊ¯CZYZNA;10;20939659
RAAD;MÊ¯CZYZNA;10;20939669
AJAY KUMAR;MÊ¯CZYZNA;10;20939679
CONRADO;MÊ¯CZYZNA;10;20939689
HAYRULLAH;MÊ¯CZYZNA;10;20939699
KOKA;MÊ¯CZYZNA;10;20939709
RYSLAN;MÊ¯CZYZNA;10;20939719
EUGENIY;MÊ¯CZYZNA;10;20939729
NUNZIO;MÊ¯CZYZNA;10;20939739
ARSIENII;MÊ¯CZYZNA;10;20939749
TAHAR;MÊ¯CZYZNA;10;20939759
SEBASTIJAN;MÊ¯CZYZNA;10;20939769
THEOPHILUS;MÊ¯CZYZNA;10;20939779
ªABAN;MÊ¯CZYZNA;10;20939789
ELAY;MÊ¯CZYZNA;10;20939799
KNIAZ;MÊ¯CZYZNA;10;20939809
ZALMAN;MÊ¯CZYZNA;10;20939819
ANDREE;MÊ¯CZYZNA;10;20939829
HE;MÊ¯CZYZNA;10;20939839
UYGAR;MÊ¯CZYZNA;10;20939849
LUTFI;MÊ¯CZYZNA;10;20939859
VIJESH;MÊ¯CZYZNA;10;20939869
THILO;MÊ¯CZYZNA;10;20939879
SHUICHI;MÊ¯CZYZNA;10;20939889
BARNABÁS;MÊ¯CZYZNA;10;20939899
EARL;MÊ¯CZYZNA;10;20939909
ENSAR;MÊ¯CZYZNA;10;20939919
QUOC HUNG;MÊ¯CZYZNA;10;20939929
NACHUM;MÊ¯CZYZNA;10;20939939
NAIB;MÊ¯CZYZNA;10;20939949
IHEB;MÊ¯CZYZNA;10;20939959
BLA;MÊ¯CZYZNA;10;20939969
BALTHAZAR;MÊ¯CZYZNA;10;20939979
KORNELIUS;MÊ¯CZYZNA;10;20939989
HAMZAT;MÊ¯CZYZNA;10;20939999
JINCHENG;MÊ¯CZYZNA;10;20940009
JAOUAD;MÊ¯CZYZNA;10;20940019
UTSAV;MÊ¯CZYZNA;10;20940029
MILANKUMAR;MÊ¯CZYZNA;10;20940039
RAI;MÊ¯CZYZNA;10;20940049
BIAO;MÊ¯CZYZNA;10;20940059
SANASAR;MÊ¯CZYZNA;10;20940069
GEROLD;MÊ¯CZYZNA;10;20940079
RATIBOR;MÊ¯CZYZNA;10;20940089
AKMUHAMMET;MÊ¯CZYZNA;10;20940099
UCHKUN;MÊ¯CZYZNA;10;20940109
HELDER;MÊ¯CZYZNA;10;20940119
ARIA;MÊ¯CZYZNA;10;20940129
REMIGIUS;MÊ¯CZYZNA;10;20940139
DJAKHONGIR;MÊ¯CZYZNA;10;20940149
JAGADISH;MÊ¯CZYZNA;10;20940159
SUFIAN;MÊ¯CZYZNA;10;20940169
PACO;MÊ¯CZYZNA;10;20940179
TERO;MÊ¯CZYZNA;10;20940189
JANNES;MÊ¯CZYZNA;10;20940199
CEVDET;MÊ¯CZYZNA;10;20940209
REN?;MÊ¯CZYZNA;10;20940219
GURWINDER SINGH;MÊ¯CZYZNA;10;20940229
FRANCISCO JAVIER;MÊ¯CZYZNA;10;20940239
HAIBO;MÊ¯CZYZNA;10;20940249
IMIR;MÊ¯CZYZNA;10;20940259
GEGA;MÊ¯CZYZNA;10;20940269
JAESUNG;MÊ¯CZYZNA;10;20940279
VALEH;MÊ¯CZYZNA;10;20940289
DIMITROS;MÊ¯CZYZNA;10;20940299
WEIJIE;MÊ¯CZYZNA;10;20940309
HENK;MÊ¯CZYZNA;10;20940319
VÃN TI?N;MÊ¯CZYZNA;10;20940329
MCIWOJ;MÊ¯CZYZNA;10;20940339
GUILLEM;MÊ¯CZYZNA;10;20940349
NEZAR;MÊ¯CZYZNA;10;20940359
JORGEN;MÊ¯CZYZNA;10;20940369
DEVANSH;MÊ¯CZYZNA;10;20940379
RASEL;MÊ¯CZYZNA;10;20940389
JIWAN;MÊ¯CZYZNA;10;20940399
ERMEK;MÊ¯CZYZNA;10;20940409
MEKHRIDDIN;MÊ¯CZYZNA;10;20940419
LIXIN;MÊ¯CZYZNA;10;20940429
LING;MÊ¯CZYZNA;10;20940439
FRIDON;MÊ¯CZYZNA;10;20940449
MEHRDAD;MÊ¯CZYZNA;10;20940459
ANAKIN;MÊ¯CZYZNA;10;20940469
QUOC VIET;MÊ¯CZYZNA;10;20940479
NEBI;MÊ¯CZYZNA;10;20940489
SERGYI;MÊ¯CZYZNA;10;20940499
ARMAAN;MÊ¯CZYZNA;10;20940509
M?KA?L;MÊ¯CZYZNA;10;20940519
VEERA;MÊ¯CZYZNA;10;20940529
VARLAMI;MÊ¯CZYZNA;10;20940539
MIRSAID;MÊ¯CZYZNA;10;20940549
SAWIN;MÊ¯CZYZNA;10;20940559
SASUN;MÊ¯CZYZNA;10;20940569
NUR?;MÊ¯CZYZNA;10;20940579
ABDURASHID;MÊ¯CZYZNA;10;20940589
DAWEI;MÊ¯CZYZNA;10;20940599
MAO;MÊ¯CZYZNA;10;20940609
WYATT;MÊ¯CZYZNA;10;20940619
STACH;MÊ¯CZYZNA;10;20940629
DUKO;MÊ¯CZYZNA;10;20940639
SALAVAT;MÊ¯CZYZNA;10;20940649
VILÉM;MÊ¯CZYZNA;10;20940659
ERJON;MÊ¯CZYZNA;10;20940669
RASSUL;MÊ¯CZYZNA;10;20940679
DARCY;MÊ¯CZYZNA;10;20940689
ALVYDAS;MÊ¯CZYZNA;10;20940699
OTHMANE;MÊ¯CZYZNA;10;20940709
?LKER;MÊ¯CZYZNA;10;20940719
PRITESH;MÊ¯CZYZNA;10;20940729
YIBO;MÊ¯CZYZNA;10;20940739
IDAIAT;MÊ¯CZYZNA;10;20940749
JOONAS;MÊ¯CZYZNA;10;20940759
ALVIAN;MÊ¯CZYZNA;10;20940769
SHAIG;MÊ¯CZYZNA;10;20940779
VILHELM;MÊ¯CZYZNA;10;20940789
RICARD;MÊ¯CZYZNA;10;20940799
HARMEET;MÊ¯CZYZNA;10;20940809
FAKHRADDIN;MÊ¯CZYZNA;10;20940819
RADZYM;MÊ¯CZYZNA;10;20940829
ANDRYIAN;MÊ¯CZYZNA;10;20940839
SAVVAS;MÊ¯CZYZNA;10;20940849
PØEMYSL;MÊ¯CZYZNA;10;20940859
MAXYMILLIAN;MÊ¯CZYZNA;10;20940869
SANTI;MÊ¯CZYZNA;10;20940879
MOVSES;MÊ¯CZYZNA;10;20940889
KIAMRAN;MÊ¯CZYZNA;10;20940899
LANDON;MÊ¯CZYZNA;10;20940909
VAN TRUONG;MÊ¯CZYZNA;10;20940919
MEHUL;MÊ¯CZYZNA;10;20940929
EVEN;MÊ¯CZYZNA;10;20940939
AZARII;MÊ¯CZYZNA;10;20940949
STEIN;MÊ¯CZYZNA;10;20940959
DO?UKAN;MÊ¯CZYZNA;10;20940969
BAYU;MÊ¯CZYZNA;10;20940979
LEROY;MÊ¯CZYZNA;10;20940989
NEDAD;MÊ¯CZYZNA;10;20940999
JULIO CESAR;MÊ¯CZYZNA;10;20941009
BUJAR;MÊ¯CZYZNA;10;20941019
IMER;MÊ¯CZYZNA;10;20941029
KOHEI;MÊ¯CZYZNA;10;20941039
AMARJEET;MÊ¯CZYZNA;10;20941049
JA;MÊ¯CZYZNA;10;20941059
UJJWAL;MÊ¯CZYZNA;10;20941069
LACHEZAR;MÊ¯CZYZNA;10;20941079
CHUKWUMA;MÊ¯CZYZNA;10;20941089
RAZVAN;MÊ¯CZYZNA;10;20941099
CAHIT;MÊ¯CZYZNA;10;20941109
ASLAM;MÊ¯CZYZNA;10;20941119
WASYLI;MÊ¯CZYZNA;10;20941129
VAN HOANG;MÊ¯CZYZNA;10;20941139
DANIIAL;MÊ¯CZYZNA;10;20941149
KHAMIS;MÊ¯CZYZNA;10;20941159
SIDDIK;MÊ¯CZYZNA;10;20941169
DRAGIA;MÊ¯CZYZNA;10;20941179
JEWHENIJ;MÊ¯CZYZNA;10;20941189
FRASER;MÊ¯CZYZNA;10;20941199
BINALI;MÊ¯CZYZNA;10;20941209
ANSELMO;MÊ¯CZYZNA;10;20941219
ARGYRIOS;MÊ¯CZYZNA;10;20941229
ZBIGNEV;MÊ¯CZYZNA;10;20941239
ETAY;MÊ¯CZYZNA;10;20941249
CANH;MÊ¯CZYZNA;10;20941259
GREGG;MÊ¯CZYZNA;10;20941269
AYAL;MÊ¯CZYZNA;10;20941279
ANDREU;MÊ¯CZYZNA;10;20941289
GUGA;MÊ¯CZYZNA;10;20941299
KUBANYCHBEK;MÊ¯CZYZNA;10;20941309
LOK;MÊ¯CZYZNA;10;20941319
EDMUNDO;MÊ¯CZYZNA;9;20941328
ROCHUS;MÊ¯CZYZNA;9;20941337
GARA;MÊ¯CZYZNA;9;20941346
JHONNY;MÊ¯CZYZNA;9;20941355
KSHYSHTOF;MÊ¯CZYZNA;9;20941364
KRESHNIK;MÊ¯CZYZNA;9;20941373
TAMIM;MÊ¯CZYZNA;9;20941382
ERTU?RUL;MÊ¯CZYZNA;9;20941391
JEHUDA;MÊ¯CZYZNA;9;20941400
D¯ONATAN;MÊ¯CZYZNA;9;20941409
ELVARDI;MÊ¯CZYZNA;9;20941418
MEL?K;MÊ¯CZYZNA;9;20941427
ASISH;MÊ¯CZYZNA;9;20941436
LÉOPOLD;MÊ¯CZYZNA;9;20941445
SAFFET;MÊ¯CZYZNA;9;20941454
ADIR;MÊ¯CZYZNA;9;20941463
ERNIE;MÊ¯CZYZNA;9;20941472
HAMDAN;MÊ¯CZYZNA;9;20941481
JOANNES;MÊ¯CZYZNA;9;20941490
HUONG;MÊ¯CZYZNA;9;20941499
BERNT;MÊ¯CZYZNA;9;20941508
SHAHAB;MÊ¯CZYZNA;9;20941517
VIRGILIU;MÊ¯CZYZNA;9;20941526
KERVEN;MÊ¯CZYZNA;9;20941535
ICHIRO;MÊ¯CZYZNA;9;20941544
HAJK;MÊ¯CZYZNA;9;20941553
ILNUR;MÊ¯CZYZNA;9;20941562
DO;MÊ¯CZYZNA;9;20941571
EMILIEN;MÊ¯CZYZNA;9;20941580
DARRELL;MÊ¯CZYZNA;9;20941589
TARCYZJUSZ;MÊ¯CZYZNA;9;20941598
OLI;MÊ¯CZYZNA;9;20941607
STASYS;MÊ¯CZYZNA;9;20941616
ANIS;MÊ¯CZYZNA;9;20941625
NAVEEN KUMAR;MÊ¯CZYZNA;9;20941634
NAMAZ;MÊ¯CZYZNA;9;20941643
ABELI;MÊ¯CZYZNA;9;20941652
JAGJIT;MÊ¯CZYZNA;9;20941661
GYUNAL;MÊ¯CZYZNA;9;20941670
JEVG?NIJS;MÊ¯CZYZNA;9;20941679
MOUSTAPHA;MÊ¯CZYZNA;9;20941688
LIMIN;MÊ¯CZYZNA;9;20941697
APPALARAJU;MÊ¯CZYZNA;9;20941706
BARNABY;MÊ¯CZYZNA;9;20941715
LUUK;MÊ¯CZYZNA;9;20941724
BAKHVA;MÊ¯CZYZNA;9;20941733
VAN AN;MÊ¯CZYZNA;9;20941742
BABAMYRAT;MÊ¯CZYZNA;9;20941751
ACHMED;MÊ¯CZYZNA;9;20941760
EFSTATHIOS;MÊ¯CZYZNA;9;20941769
EUSEBIO;MÊ¯CZYZNA;9;20941778
WACLAW;MÊ¯CZYZNA;9;20941787
ENEKO;MÊ¯CZYZNA;9;20941796
EYVAZ;MÊ¯CZYZNA;9;20941805
TEDORE;MÊ¯CZYZNA;9;20941814
TÜRKER;MÊ¯CZYZNA;9;20941823
KEDAR;MÊ¯CZYZNA;9;20941832
THI;MÊ¯CZYZNA;9;20941841
LALU;MÊ¯CZYZNA;9;20941850
ABDUL-MALIK;MÊ¯CZYZNA;9;20941859
WOJBOR;MÊ¯CZYZNA;9;20941868
SEYFULLAH;MÊ¯CZYZNA;9;20941877
PATVAKAN;MÊ¯CZYZNA;9;20941886
LUTFULLO;MÊ¯CZYZNA;9;20941895
FRANZ-JOSEF;MÊ¯CZYZNA;9;20941904
V?;MÊ¯CZYZNA;9;20941913
YIZHAQ;MÊ¯CZYZNA;9;20941922
AYMANE;MÊ¯CZYZNA;9;20941931
WICTOR;MÊ¯CZYZNA;9;20941940
CORNELL;MÊ¯CZYZNA;9;20941949
SAMIRO;MÊ¯CZYZNA;9;20941958
YECHIEL;MÊ¯CZYZNA;9;20941967
TORIN;MÊ¯CZYZNA;9;20941976
BENAS;MÊ¯CZYZNA;9;20941985
SERHYI;MÊ¯CZYZNA;9;20941994
IAGUB;MÊ¯CZYZNA;9;20942003
JHONATAN;MÊ¯CZYZNA;9;20942012
VÃN HI?U;MÊ¯CZYZNA;9;20942021
ORSON;MÊ¯CZYZNA;9;20942030
ABDUSAMAD;MÊ¯CZYZNA;9;20942039
SHANTANU;MÊ¯CZYZNA;9;20942048
SZULIM;MÊ¯CZYZNA;9;20942057
DHIA;MÊ¯CZYZNA;9;20942066
OLAMIDE;MÊ¯CZYZNA;9;20942075
AIDOS;MÊ¯CZYZNA;9;20942084
BALA;MÊ¯CZYZNA;9;20942093
TANJU;MÊ¯CZYZNA;9;20942102
FEMI;MÊ¯CZYZNA;9;20942111
BEREK;MÊ¯CZYZNA;9;20942120
VÃN QUANG;MÊ¯CZYZNA;9;20942129
SION;MÊ¯CZYZNA;9;20942138
VÃN CHI?N;MÊ¯CZYZNA;9;20942147
KAVIN;MÊ¯CZYZNA;9;20942156
ATHARVA;MÊ¯CZYZNA;9;20942165
OYATULLO;MÊ¯CZYZNA;9;20942174
MOJTABA;MÊ¯CZYZNA;9;20942183
MANOJKUMAR;MÊ¯CZYZNA;9;20942192
YONG CHOL;MÊ¯CZYZNA;9;20942201
CHEIKH;MÊ¯CZYZNA;9;20942210
DONGJUN;MÊ¯CZYZNA;9;20942219
BEYHAN;MÊ¯CZYZNA;9;20942228
EKENE;MÊ¯CZYZNA;9;20942237
BUNYODBEK;MÊ¯CZYZNA;9;20942246
ALF;MÊ¯CZYZNA;9;20942255
EDUART;MÊ¯CZYZNA;9;20942264
YUVARAJ;MÊ¯CZYZNA;9;20942273
NEWTON;MÊ¯CZYZNA;9;20942282
YUICHI;MÊ¯CZYZNA;9;20942291
GRIGORIS;MÊ¯CZYZNA;9;20942300
BAKDAULET;MÊ¯CZYZNA;9;20942309
YILDIRIM;MÊ¯CZYZNA;9;20942318
JINYOUNG;MÊ¯CZYZNA;9;20942327
AURELIEN;MÊ¯CZYZNA;9;20942336
I KETUT;MÊ¯CZYZNA;9;20942345
ABDULKERIM;MÊ¯CZYZNA;9;20942354
PASANG;MÊ¯CZYZNA;9;20942363
BAHADUR;MÊ¯CZYZNA;9;20942372
YOSHINORI;MÊ¯CZYZNA;9;20942381
NEDAL;MÊ¯CZYZNA;9;20942390
VAN VINH;MÊ¯CZYZNA;9;20942399
BURIM;MÊ¯CZYZNA;9;20942408
SAJI;MÊ¯CZYZNA;9;20942417
SHOKIR;MÊ¯CZYZNA;9;20942426
MUJTABA;MÊ¯CZYZNA;9;20942435
DU;MÊ¯CZYZNA;9;20942444
SREE;MÊ¯CZYZNA;9;20942453
SAURAV;MÊ¯CZYZNA;9;20942462
DITRICH;MÊ¯CZYZNA;9;20942471
MIHAL;MÊ¯CZYZNA;9;20942480
AWAD;MÊ¯CZYZNA;9;20942489
GALUST;MÊ¯CZYZNA;9;20942498
SEN;MÊ¯CZYZNA;9;20942507
DANA;MÊ¯CZYZNA;9;20942516
MANIKANTA;MÊ¯CZYZNA;9;20942525
MITESH;MÊ¯CZYZNA;9;20942534
JEWGEN;MÊ¯CZYZNA;9;20942543
FAHEEM;MÊ¯CZYZNA;9;20942552
MATVYI;MÊ¯CZYZNA;9;20942561
KUNIBERT;MÊ¯CZYZNA;9;20942570
FAHRIDDIN;MÊ¯CZYZNA;9;20942579
RAUAN;MÊ¯CZYZNA;9;20942588
AMITAY;MÊ¯CZYZNA;9;20942597
CHINTAN;MÊ¯CZYZNA;9;20942606
SOHBET;MÊ¯CZYZNA;9;20942615
XIAOHUI;MÊ¯CZYZNA;9;20942624
YAMEN;MÊ¯CZYZNA;9;20942633
BACH;MÊ¯CZYZNA;9;20942642
NISHAD;MÊ¯CZYZNA;9;20942651
ORON;MÊ¯CZYZNA;9;20942660
ALDAR;MÊ¯CZYZNA;9;20942669
SHAHRAM;MÊ¯CZYZNA;9;20942678
MARDON;MÊ¯CZYZNA;9;20942687
YAROPOLK;MÊ¯CZYZNA;9;20942696
ENEA;MÊ¯CZYZNA;9;20942705
MI£OWIT;MÊ¯CZYZNA;9;20942714
MITUL;MÊ¯CZYZNA;9;20942723
JAY-R;MÊ¯CZYZNA;9;20942732
SHASHI;MÊ¯CZYZNA;9;20942741
SÊDZIMIR;MÊ¯CZYZNA;9;20942750
CEDRYK;MÊ¯CZYZNA;9;20942759
TEVFIK;MÊ¯CZYZNA;9;20942768
RAMSES;MÊ¯CZYZNA;9;20942777
MAGOMED-SALAKH;MÊ¯CZYZNA;9;20942786
ZIYODULLO;MÊ¯CZYZNA;9;20942795
SEUNGHO;MÊ¯CZYZNA;9;20942804
PRABHU;MÊ¯CZYZNA;9;20942813
ARIPH;MÊ¯CZYZNA;9;20942822
VISHWANATH;MÊ¯CZYZNA;9;20942831
IZZAT;MÊ¯CZYZNA;9;20942840
BINOY;MÊ¯CZYZNA;9;20942849
ERMILE;MÊ¯CZYZNA;9;20942858
VLADIMIRAS;MÊ¯CZYZNA;9;20942867
YOSSI;MÊ¯CZYZNA;9;20942876
JAYAPRAKASH;MÊ¯CZYZNA;9;20942885
OKTAWIO;MÊ¯CZYZNA;9;20942894
SARFRAZ;MÊ¯CZYZNA;9;20942903
PHAZIL;MÊ¯CZYZNA;9;20942912
GOUTAM;MÊ¯CZYZNA;9;20942921
HANZ;MÊ¯CZYZNA;9;20942930
ANUSHAVAN;MÊ¯CZYZNA;9;20942939
SEIJI;MÊ¯CZYZNA;9;20942948
ZHIMIN;MÊ¯CZYZNA;9;20942957
SANJIV;MÊ¯CZYZNA;9;20942966
BILL;MÊ¯CZYZNA;9;20942975
ASGAR;MÊ¯CZYZNA;9;20942984
FLOREA;MÊ¯CZYZNA;9;20942993
MANOHAR;MÊ¯CZYZNA;9;20943002
ISRAIL;MÊ¯CZYZNA;9;20943011
KRISHNA PRASAD;MÊ¯CZYZNA;9;20943020
JÚLIO;MÊ¯CZYZNA;9;20943029
DANYEL;MÊ¯CZYZNA;9;20943038
PERCIVAL;MÊ¯CZYZNA;9;20943047
RADYMYR;MÊ¯CZYZNA;9;20943056
YDR?NAS;MÊ¯CZYZNA;9;20943065
OLANREWAJU;MÊ¯CZYZNA;9;20943074
OLUSEGUN;MÊ¯CZYZNA;9;20943083
BENEDEK;MÊ¯CZYZNA;9;20943092
ASATUR;MÊ¯CZYZNA;9;20943101
JUNGHYUN;MÊ¯CZYZNA;9;20943110
JIANMING;MÊ¯CZYZNA;9;20943119
PHÚC;MÊ¯CZYZNA;9;20943128
BOLAT;MÊ¯CZYZNA;9;20943137
CARSON;MÊ¯CZYZNA;9;20943146
RINO;MÊ¯CZYZNA;9;20943155
JIAHAO;MÊ¯CZYZNA;9;20943164
VASILIS;MÊ¯CZYZNA;9;20943173
TAPIWANASHE;MÊ¯CZYZNA;9;20943182
BÜNYAMIN;MÊ¯CZYZNA;9;20943191
QUANG HUNG;MÊ¯CZYZNA;9;20943200
GAFUR;MÊ¯CZYZNA;9;20943209
HAMIDREZA;MÊ¯CZYZNA;9;20943218
SVEND;MÊ¯CZYZNA;9;20943227
SOHRAB;MÊ¯CZYZNA;9;20943236
AKIL;MÊ¯CZYZNA;9;20943245
HARSHIL;MÊ¯CZYZNA;9;20943254
GIFT;MÊ¯CZYZNA;9;20943263
ENDRIT;MÊ¯CZYZNA;9;20943272
EVANDRO;MÊ¯CZYZNA;9;20943281
LUKJAN;MÊ¯CZYZNA;9;20943290
NIKLAUS;MÊ¯CZYZNA;9;20943299
FAGAN;MÊ¯CZYZNA;9;20943308
RODOLFO JR.;MÊ¯CZYZNA;9;20943317
IZNAUR;MÊ¯CZYZNA;9;20943326
KRYSTOFER;MÊ¯CZYZNA;9;20943335
AZZEDINE;MÊ¯CZYZNA;9;20943344
CLARENCE;MÊ¯CZYZNA;9;20943353
FAHRI;MÊ¯CZYZNA;9;20943362
ROYI;MÊ¯CZYZNA;9;20943371
SAL?M;MÊ¯CZYZNA;9;20943380
JURA;MÊ¯CZYZNA;9;20943389
NAOR;MÊ¯CZYZNA;9;20943398
DOROTEUSZ;MÊ¯CZYZNA;9;20943407
REHMAN;MÊ¯CZYZNA;9;20943416
LAKHDAR;MÊ¯CZYZNA;9;20943425
HIROTO;MÊ¯CZYZNA;9;20943434
ASSAN;MÊ¯CZYZNA;9;20943443
ERTUGRUL;MÊ¯CZYZNA;9;20943452
NGONIDZASHE;MÊ¯CZYZNA;9;20943461
RADHOUANE;MÊ¯CZYZNA;9;20943470
NISSAN;MÊ¯CZYZNA;9;20943479
MAURITS;MÊ¯CZYZNA;9;20943488
NICULAE;MÊ¯CZYZNA;9;20943497
FIRDOVSI;MÊ¯CZYZNA;9;20943506
ANH QUAN;MÊ¯CZYZNA;9;20943515
GURINDER;MÊ¯CZYZNA;9;20943524
RESHAT;MÊ¯CZYZNA;9;20943533
SHANDOR;MÊ¯CZYZNA;9;20943542
YANA;MÊ¯CZYZNA;9;20943551
SIDI;MÊ¯CZYZNA;9;20943560
SAYD;MÊ¯CZYZNA;9;20943569
SEUNGHYUN;MÊ¯CZYZNA;9;20943578
SEOJUN;MÊ¯CZYZNA;9;20943587
HOR;MÊ¯CZYZNA;9;20943596
VLADILEN;MÊ¯CZYZNA;9;20943605
SHENOL;MÊ¯CZYZNA;9;20943614
ROLLAND;MÊ¯CZYZNA;9;20943623
ZIEMIS£AW;MÊ¯CZYZNA;9;20943632
RONNEL;MÊ¯CZYZNA;9;20943641
BOROMIR;MÊ¯CZYZNA;9;20943650
CONSTANT;MÊ¯CZYZNA;9;20943659
MYKHALIO;MÊ¯CZYZNA;9;20943668
NITSAN;MÊ¯CZYZNA;9;20943677
PANTALEON;MÊ¯CZYZNA;9;20943686
XIAOLONG;MÊ¯CZYZNA;9;20943695
TSUYOSHI;MÊ¯CZYZNA;9;20943704
HARSHIT;MÊ¯CZYZNA;9;20943713
VAMSI;MÊ¯CZYZNA;9;20943722
EK?N;MÊ¯CZYZNA;9;20943731
MANDEEP SINGH;MÊ¯CZYZNA;9;20943740
NITISH;MÊ¯CZYZNA;9;20943749
JORAN;MÊ¯CZYZNA;9;20943758
IACOPO;MÊ¯CZYZNA;9;20943767
LIGUO;MÊ¯CZYZNA;9;20943776
ANDRES FELIPE;MÊ¯CZYZNA;9;20943785
VALIJON;MÊ¯CZYZNA;9;20943794
MATVIEJ;MÊ¯CZYZNA;9;20943803
SAFARALI;MÊ¯CZYZNA;9;20943812
IUSUP;MÊ¯CZYZNA;9;20943821
YAVOR;MÊ¯CZYZNA;9;20943830
FAWAZ;MÊ¯CZYZNA;9;20943839
SURESHKUMAR;MÊ¯CZYZNA;9;20943848
SIGURD;MÊ¯CZYZNA;9;20943857
NNAMDI;MÊ¯CZYZNA;9;20943866
SLIMANE;MÊ¯CZYZNA;9;20943875
VAN THO;MÊ¯CZYZNA;9;20943884
YUNLONG;MÊ¯CZYZNA;9;20943893
ARTSRUN;MÊ¯CZYZNA;9;20943902
AYBERK;MÊ¯CZYZNA;9;20943911
KADRI;MÊ¯CZYZNA;9;20943920
FITIM;MÊ¯CZYZNA;9;20943929
MAISON;MÊ¯CZYZNA;9;20943938
DAR;MÊ¯CZYZNA;9;20943947
ZACKARY;MÊ¯CZYZNA;9;20943956
HAITAO;MÊ¯CZYZNA;9;20943965
STIAN;MÊ¯CZYZNA;9;20943974
DILMURAD;MÊ¯CZYZNA;9;20943983
REJNHOLD;MÊ¯CZYZNA;9;20943992
URMAT;MÊ¯CZYZNA;9;20944001
PITER;MÊ¯CZYZNA;9;20944010
NIKANOR;MÊ¯CZYZNA;9;20944019
HO;MÊ¯CZYZNA;9;20944028
URAL;MÊ¯CZYZNA;9;20944037
BAKHODUR;MÊ¯CZYZNA;9;20944046
DANG KHOI;MÊ¯CZYZNA;9;20944055
UDAYA;MÊ¯CZYZNA;9;20944064
KARANKUMAR;MÊ¯CZYZNA;9;20944073
JAKSA;MÊ¯CZYZNA;9;20944082
FELICIANO;MÊ¯CZYZNA;9;20944091
ABDURAUF;MÊ¯CZYZNA;9;20944100
VAN LOI;MÊ¯CZYZNA;9;20944109
ORAZ;MÊ¯CZYZNA;9;20944118
MARIF;MÊ¯CZYZNA;9;20944127
YAZID;MÊ¯CZYZNA;9;20944136
ANTONS;MÊ¯CZYZNA;9;20944145
JOZSEF;MÊ¯CZYZNA;9;20944154
MAXIMOS;MÊ¯CZYZNA;9;20944163
KASIAN;MÊ¯CZYZNA;9;20944172
VAGIPH;MÊ¯CZYZNA;9;20944181
MUKHAMAD;MÊ¯CZYZNA;9;20944190
ARIES;MÊ¯CZYZNA;9;20944199
KAIN;MÊ¯CZYZNA;9;20944208
ROUSLAN;MÊ¯CZYZNA;9;20944217
YASHA;MÊ¯CZYZNA;9;20944226
DILLON;MÊ¯CZYZNA;9;20944235
SANGWON;MÊ¯CZYZNA;9;20944244
ABDERREZAK;MÊ¯CZYZNA;9;20944253
ORHUN;MÊ¯CZYZNA;9;20944262
STÉPHAN;MÊ¯CZYZNA;9;20944271
DIMITRIY;MÊ¯CZYZNA;9;20944280
INHO;MÊ¯CZYZNA;9;20944289
LAVRIN;MÊ¯CZYZNA;9;20944298
OLUWATOSIN;MÊ¯CZYZNA;9;20944307
VAN CHINH;MÊ¯CZYZNA;9;20944316
DANH;MÊ¯CZYZNA;9;20944325
HONGWEI;MÊ¯CZYZNA;9;20944334
DEMENTII;MÊ¯CZYZNA;9;20944343
VALODIA;MÊ¯CZYZNA;9;20944352
DOMINGOS;MÊ¯CZYZNA;9;20944361
SUSHANT;MÊ¯CZYZNA;9;20944370
JOLANT;MÊ¯CZYZNA;9;20944379
ADRIANS;MÊ¯CZYZNA;9;20944388
THANH DAT;MÊ¯CZYZNA;9;20944397
JIANWEI;MÊ¯CZYZNA;9;20944406
TYCHON;MÊ¯CZYZNA;9;20944415
POYRAZ;MÊ¯CZYZNA;9;20944424
DEJWID;MÊ¯CZYZNA;9;20944433
ASIMAN;MÊ¯CZYZNA;9;20944442
OMELYAN;MÊ¯CZYZNA;9;20944451
MATVIIY;MÊ¯CZYZNA;9;20944460
ABDUVOKHID;MÊ¯CZYZNA;9;20944469
AZIZKHON;MÊ¯CZYZNA;9;20944478
HAORAN;MÊ¯CZYZNA;9;20944487
AVYAAN;MÊ¯CZYZNA;9;20944496
MURODBEK;MÊ¯CZYZNA;9;20944505
SUGENG;MÊ¯CZYZNA;9;20944514
ZIDAN;MÊ¯CZYZNA;9;20944523
HYUK;MÊ¯CZYZNA;9;20944532
YOSAFAT;MÊ¯CZYZNA;9;20944541
TALIB;MÊ¯CZYZNA;9;20944550
WIS£AW;MÊ¯CZYZNA;9;20944559
BELA;MÊ¯CZYZNA;9;20944568
VIANNEY;MÊ¯CZYZNA;9;20944577
DIEUDONNE;MÊ¯CZYZNA;9;20944586
HARON;MÊ¯CZYZNA;9;20944595
MIKEY;MÊ¯CZYZNA;9;20944604
PARAG;MÊ¯CZYZNA;9;20944613
DILSHODJON;MÊ¯CZYZNA;9;20944622
BAHODIR;MÊ¯CZYZNA;9;20944631
BEKZHAN;MÊ¯CZYZNA;9;20944640
GALAKTION;MÊ¯CZYZNA;9;20944649
ALDI;MÊ¯CZYZNA;9;20944658
TRUNG THANH;MÊ¯CZYZNA;9;20944667
PRASANNA;MÊ¯CZYZNA;9;20944676
AGGELOS;MÊ¯CZYZNA;9;20944685
JIANBIN;MÊ¯CZYZNA;9;20944694
DENISLAV;MÊ¯CZYZNA;9;20944703
SAJITH;MÊ¯CZYZNA;9;20944712
FESTUS;MÊ¯CZYZNA;9;20944721
AGASTYA;MÊ¯CZYZNA;9;20944730
KIRY£O;MÊ¯CZYZNA;9;20944739
KIRK;MÊ¯CZYZNA;9;20944748
ALIOUNE;MÊ¯CZYZNA;9;20944757
INGMAR;MÊ¯CZYZNA;9;20944766
NGUY?N;MÊ¯CZYZNA;9;20944775
AVIHAI;MÊ¯CZYZNA;9;20944784
AVTAR;MÊ¯CZYZNA;9;20944793
ABIODUN;MÊ¯CZYZNA;9;20944802
SAJAD;MÊ¯CZYZNA;9;20944811
JACOV;MÊ¯CZYZNA;9;20944820
LOLEK;MÊ¯CZYZNA;9;20944829
SHAVARSH;MÊ¯CZYZNA;9;20944838
ALLAMYRAT;MÊ¯CZYZNA;9;20944847
ABDELILAH;MÊ¯CZYZNA;9;20944856
DHRUVKUMAR;MÊ¯CZYZNA;9;20944865
GWIDO;MÊ¯CZYZNA;9;20944874
ADAMA;MÊ¯CZYZNA;9;20944883
TYMOFEI;MÊ¯CZYZNA;9;20944892
HANNU;MÊ¯CZYZNA;9;20944901
BOLOTBEK;MÊ¯CZYZNA;9;20944910
SHAJI;MÊ¯CZYZNA;9;20944919
ANKITKUMAR;MÊ¯CZYZNA;9;20944928
GAGANDEEP SINGH;MÊ¯CZYZNA;9;20944937
OLCAY;MÊ¯CZYZNA;9;20944946
NURGELDI;MÊ¯CZYZNA;9;20944955
JIYAN;MÊ¯CZYZNA;9;20944964
SHAMSI;MÊ¯CZYZNA;9;20944973
ZOIR;MÊ¯CZYZNA;9;20944982
BALJINDER SINGH;MÊ¯CZYZNA;9;20944991
ISAKI;MÊ¯CZYZNA;9;20945000
FAHED;MÊ¯CZYZNA;9;20945009
MEKHROJ;MÊ¯CZYZNA;9;20945018
RAM?NAS;MÊ¯CZYZNA;9;20945027
KOSSI;MÊ¯CZYZNA;9;20945036
VELIMIR;MÊ¯CZYZNA;9;20945045
YIFTAH;MÊ¯CZYZNA;9;20945054
MARIJAN;MÊ¯CZYZNA;9;20945063
PANAS;MÊ¯CZYZNA;9;20945072
JUNGHO;MÊ¯CZYZNA;9;20945081
SUNGHO;MÊ¯CZYZNA;9;20945090
FLAVIEN;MÊ¯CZYZNA;9;20945099
HAU;MÊ¯CZYZNA;9;20945108
VOJTECH;MÊ¯CZYZNA;9;20945117
SOUFIAN;MÊ¯CZYZNA;9;20945126
SUKHDEV;MÊ¯CZYZNA;9;20945135
ABDUKODIR;MÊ¯CZYZNA;9;20945144
SAIAT;MÊ¯CZYZNA;9;20945153
ADALBERTO;MÊ¯CZYZNA;9;20945162
SZAMIL;MÊ¯CZYZNA;9;20945171
AJAYKUMAR;MÊ¯CZYZNA;9;20945180
SHAJU;MÊ¯CZYZNA;9;20945189
MD SAIFUL;MÊ¯CZYZNA;9;20945198
ANDRIYAN;MÊ¯CZYZNA;9;20945207
ELDHO;MÊ¯CZYZNA;9;20945216
VAN THE;MÊ¯CZYZNA;9;20945225
SZAJA;MÊ¯CZYZNA;9;20945234
BAKHLUL;MÊ¯CZYZNA;9;20945243
AZAMATJON;MÊ¯CZYZNA;9;20945252
VEYSI;MÊ¯CZYZNA;9;20945261
TERRENCE;MÊ¯CZYZNA;9;20945270
ANANTHU;MÊ¯CZYZNA;9;20945279
TRUNG HI?U;MÊ¯CZYZNA;9;20945288
REFIK;MÊ¯CZYZNA;9;20945297
CASSIUS;MÊ¯CZYZNA;9;20945306
PRATAP;MÊ¯CZYZNA;9;20945315
ABUZER;MÊ¯CZYZNA;9;20945324
KOKHTA;MÊ¯CZYZNA;9;20945333
GRAZIAN;MÊ¯CZYZNA;9;20945342
DHAN BAHADUR;MÊ¯CZYZNA;9;20945351
VÃN S?N;MÊ¯CZYZNA;9;20945360
WILL;MÊ¯CZYZNA;9;20945369
KUDRAT;MÊ¯CZYZNA;9;20945378
AIVAR;MÊ¯CZYZNA;9;20945387
YULYAN;MÊ¯CZYZNA;9;20945396
TAEWON;MÊ¯CZYZNA;9;20945405
BADAL;MÊ¯CZYZNA;9;20945414
ELTAJ;MÊ¯CZYZNA;9;20945423
USTIM;MÊ¯CZYZNA;9;20945432
JULEN;MÊ¯CZYZNA;9;20945441
GAMID;MÊ¯CZYZNA;9;20945450
OLUWAFEMI;MÊ¯CZYZNA;9;20945459
NANANG;MÊ¯CZYZNA;9;20945468
GORKHMAZ;MÊ¯CZYZNA;9;20945477
ARYSTOTELES;MÊ¯CZYZNA;9;20945486
STAKH;MÊ¯CZYZNA;9;20945495
BLAS;MÊ¯CZYZNA;9;20945504
ELIZBARI;MÊ¯CZYZNA;9;20945513
ISLEM;MÊ¯CZYZNA;9;20945522
INDIKO;MÊ¯CZYZNA;9;20945531
HAMADI;MÊ¯CZYZNA;9;20945540
JAVOHIR;MÊ¯CZYZNA;9;20945549
MYKOLAY;MÊ¯CZYZNA;9;20945558
H?;MÊ¯CZYZNA;9;20945567
PERRY;MÊ¯CZYZNA;9;20945576
SIWOO;MÊ¯CZYZNA;9;20945585
AMIRJON;MÊ¯CZYZNA;9;20945594
BUDDHA;MÊ¯CZYZNA;9;20945603
DIDI;MÊ¯CZYZNA;9;20945612
RAHIB;MÊ¯CZYZNA;9;20945621
GÛNTHER;MÊ¯CZYZNA;9;20945630
EMMET;MÊ¯CZYZNA;9;20945639
GUNDUZ;MÊ¯CZYZNA;9;20945648
AHAD;MÊ¯CZYZNA;9;20945657
IUSIP;MÊ¯CZYZNA;9;20945666
JULEK;MÊ¯CZYZNA;9;20945675
GARRI;MÊ¯CZYZNA;9;20945684
MISCHA;MÊ¯CZYZNA;9;20945693
RAKAN;MÊ¯CZYZNA;9;20945702
HORDIJ;MÊ¯CZYZNA;9;20945711
TERENTII;MÊ¯CZYZNA;9;20945720
GHISLAIN;MÊ¯CZYZNA;9;20945729
HEINO;MÊ¯CZYZNA;9;20945738
IOURI;MÊ¯CZYZNA;9;20945747
INAN;MÊ¯CZYZNA;9;20945756
VAN HOAN;MÊ¯CZYZNA;9;20945765
VIDAS;MÊ¯CZYZNA;9;20945774
KRUM;MÊ¯CZYZNA;9;20945783
ERNES;MÊ¯CZYZNA;9;20945792
LARGO;MÊ¯CZYZNA;9;20945801
THANH TUAN;MÊ¯CZYZNA;9;20945810
SHAVLEG;MÊ¯CZYZNA;9;20945819
ABHIMANYU;MÊ¯CZYZNA;9;20945828
SZANDOR;MÊ¯CZYZNA;9;20945837
ISAM;MÊ¯CZYZNA;9;20945846
PHIL;MÊ¯CZYZNA;9;20945855
SOKHIBJON;MÊ¯CZYZNA;9;20945864
UCHECHUKWU;MÊ¯CZYZNA;9;20945873
TR??NG;MÊ¯CZYZNA;9;20945882
NAKUL;MÊ¯CZYZNA;9;20945891
MIHAEL;MÊ¯CZYZNA;9;20945900
OLEKSIEJ;MÊ¯CZYZNA;9;20945909
FAJAR;MÊ¯CZYZNA;9;20945918
EIVIND;MÊ¯CZYZNA;9;20945927
HOCHA;MÊ¯CZYZNA;9;20945936
MADE;MÊ¯CZYZNA;9;20945945
VEL?;MÊ¯CZYZNA;9;20945954
ZHALGAS;MÊ¯CZYZNA;9;20945963
IURA;MÊ¯CZYZNA;9;20945972
GOUTHAM;MÊ¯CZYZNA;9;20945981
ZHUO;MÊ¯CZYZNA;9;20945990
DOMANTAS;MÊ¯CZYZNA;9;20945999
PEYMAN;MÊ¯CZYZNA;9;20946008
KYRLO;MÊ¯CZYZNA;9;20946017
JEAN-YVES;MÊ¯CZYZNA;9;20946026
JEHAD;MÊ¯CZYZNA;9;20946035
FLORIM;MÊ¯CZYZNA;9;20946044
THONG;MÊ¯CZYZNA;9;20946053
ADRIEL;MÊ¯CZYZNA;9;20946062
UNAI;MÊ¯CZYZNA;9;20946071
RADI;MÊ¯CZYZNA;9;20946080
TADEK;MÊ¯CZYZNA;9;20946089
SOKHIB;MÊ¯CZYZNA;9;20946098
ZVONIMIR;MÊ¯CZYZNA;9;20946107
SOM;MÊ¯CZYZNA;9;20946116
ALLAKHVERDI;MÊ¯CZYZNA;9;20946125
LYUBEN;MÊ¯CZYZNA;9;20946134
KAZUO;MÊ¯CZYZNA;9;20946143
ENIO;MÊ¯CZYZNA;9;20946152
ULRIK;MÊ¯CZYZNA;9;20946161
CELESTINE;MÊ¯CZYZNA;9;20946170
EDON;MÊ¯CZYZNA;9;20946179
VALDEMARAS;MÊ¯CZYZNA;9;20946188
ABDURRAHIM;MÊ¯CZYZNA;9;20946197
SINA;MÊ¯CZYZNA;9;20946206
EZEL;MÊ¯CZYZNA;9;20946215
BUKHUTI;MÊ¯CZYZNA;9;20946224
NACEUR;MÊ¯CZYZNA;9;20946233
QIAN;MÊ¯CZYZNA;9;20946242
KARANDEEP;MÊ¯CZYZNA;9;20946251
DAOUD;MÊ¯CZYZNA;9;20946260
MATVIEY;MÊ¯CZYZNA;9;20946269
GYURSEL;MÊ¯CZYZNA;9;20946278
MIHALY;MÊ¯CZYZNA;9;20946287
ELDIIAR;MÊ¯CZYZNA;9;20946296
BLAZEJ;MÊ¯CZYZNA;9;20946305
HILAL;MÊ¯CZYZNA;9;20946314
HEMRA;MÊ¯CZYZNA;9;20946323
DING;MÊ¯CZYZNA;9;20946332
KREIMIR;MÊ¯CZYZNA;9;20946341
MCIGNIEW;MÊ¯CZYZNA;9;20946350
REMILIUSZ;MÊ¯CZYZNA;9;20946359
TSEZARI;MÊ¯CZYZNA;9;20946368
ARGEN;MÊ¯CZYZNA;9;20946377
SHOKHZOD;MÊ¯CZYZNA;9;20946386
MARKKU;MÊ¯CZYZNA;9;20946395
IWON;MÊ¯CZYZNA;9;20946404
ZAHARII;MÊ¯CZYZNA;9;20946413
BOWEN;MÊ¯CZYZNA;9;20946422
ZAKHID;MÊ¯CZYZNA;9;20946431
NORAIR;MÊ¯CZYZNA;9;20946440
FARKHODBEK;MÊ¯CZYZNA;9;20946449
DIETHARD;MÊ¯CZYZNA;9;20946458
ATASH;MÊ¯CZYZNA;9;20946467
CHANOCH;MÊ¯CZYZNA;9;20946476
EYOB;MÊ¯CZYZNA;9;20946485
LILA;MÊ¯CZYZNA;9;20946494
ENRIKE;MÊ¯CZYZNA;9;20946503
MURUGAN;MÊ¯CZYZNA;9;20946512
NIKAN;MÊ¯CZYZNA;9;20946521
BENICIO;MÊ¯CZYZNA;9;20946530
SAVIELII;MÊ¯CZYZNA;9;20946539
KHALDOUN;MÊ¯CZYZNA;9;20946548
TAHS?N;MÊ¯CZYZNA;9;20946557
QUINN;MÊ¯CZYZNA;9;20946566
ALTUN;MÊ¯CZYZNA;9;20946575
ROM?NS;MÊ¯CZYZNA;9;20946584
VAN TRONG;MÊ¯CZYZNA;9;20946593
RAGIP;MÊ¯CZYZNA;9;20946602
£AZARZ;MÊ¯CZYZNA;9;20946611
JANUAR;MÊ¯CZYZNA;9;20946620
ZVIKA;MÊ¯CZYZNA;9;20946629
BHAVESHKUMAR;MÊ¯CZYZNA;9;20946638
NARAYANA;MÊ¯CZYZNA;9;20946647
PETRI;MÊ¯CZYZNA;9;20946656
MICHAI£O;MÊ¯CZYZNA;9;20946665
SIMONAS;MÊ¯CZYZNA;9;20946674
IULIU;MÊ¯CZYZNA;9;20946683
BARI?;MÊ¯CZYZNA;9;20946692
JÚLIUS;MÊ¯CZYZNA;9;20946701
VEDANT;MÊ¯CZYZNA;9;20946710
KALEAB;MÊ¯CZYZNA;9;20946719
GËZIM;MÊ¯CZYZNA;9;20946728
THÁI;MÊ¯CZYZNA;9;20946737
REN;MÊ¯CZYZNA;9;20946746
NEDELJKO;MÊ¯CZYZNA;9;20946755
HOUCINE;MÊ¯CZYZNA;9;20946764
ENGELHARD;MÊ¯CZYZNA;9;20946773
KLAUS-DIETER;MÊ¯CZYZNA;9;20946782
SHOTIKO;MÊ¯CZYZNA;9;20946791
ASWIN;MÊ¯CZYZNA;9;20946800
ZIA;MÊ¯CZYZNA;9;20946809
RIÈARDS;MÊ¯CZYZNA;9;20946818
SIKANDAR;MÊ¯CZYZNA;9;20946827
NESTER;MÊ¯CZYZNA;9;20946836
ADEYEMI;MÊ¯CZYZNA;9;20946845
KRISTOFF;MÊ¯CZYZNA;9;20946854
ALIC;MÊ¯CZYZNA;9;20946863
KLAUDIAN;MÊ¯CZYZNA;9;20946872
DONGMIN;MÊ¯CZYZNA;9;20946881
DANUT;MÊ¯CZYZNA;9;20946890
KLAUDIO;MÊ¯CZYZNA;9;20946899
BAHAA;MÊ¯CZYZNA;9;20946908
TOADER;MÊ¯CZYZNA;9;20946917
PANAYIOTIS;MÊ¯CZYZNA;9;20946926
VAN LAM;MÊ¯CZYZNA;9;20946935
ZSOMBOR;MÊ¯CZYZNA;9;20946944
GHAZI;MÊ¯CZYZNA;9;20946953
KER?M;MÊ¯CZYZNA;9;20946962
KHALIG;MÊ¯CZYZNA;9;20946971
HARJIT;MÊ¯CZYZNA;9;20946980
BALIASLAU;MÊ¯CZYZNA;9;20946989
RAHIMJON;MÊ¯CZYZNA;9;20946998
GUSTAVS;MÊ¯CZYZNA;9;20947007
ESHGIN;MÊ¯CZYZNA;9;20947016
CHRISTIANO;MÊ¯CZYZNA;9;20947025
ZOBAR;MÊ¯CZYZNA;9;20947034
PARID;MÊ¯CZYZNA;9;20947043
HANH;MÊ¯CZYZNA;9;20947052
KLIMENTSI;MÊ¯CZYZNA;9;20947061
DRIES;MÊ¯CZYZNA;9;20947070
VIRAL;MÊ¯CZYZNA;9;20947079
DONIYORJON;MÊ¯CZYZNA;9;20947088
DELFIN;MÊ¯CZYZNA;9;20947097
GOVIND;MÊ¯CZYZNA;9;20947106
ATHANASSIOS;MÊ¯CZYZNA;9;20947115
DANAT;MÊ¯CZYZNA;9;20947124
ATANASIOS;MÊ¯CZYZNA;9;20947133
TOSHIAKI;MÊ¯CZYZNA;9;20947142
BOUALEM;MÊ¯CZYZNA;9;20947151
HAZAR;MÊ¯CZYZNA;9;20947160
FRANKY;MÊ¯CZYZNA;9;20947169
ANSELM;MÊ¯CZYZNA;9;20947178
VAN TINH;MÊ¯CZYZNA;9;20947187
OLUWATOBI;MÊ¯CZYZNA;9;20947196
IBNU;MÊ¯CZYZNA;9;20947205
MARUFJON;MÊ¯CZYZNA;9;20947214
BEJANI;MÊ¯CZYZNA;9;20947223
NAZRUL;MÊ¯CZYZNA;9;20947232
DANIELI;MÊ¯CZYZNA;9;20947241
ÖZGÜN;MÊ¯CZYZNA;9;20947250
BHAGWAN;MÊ¯CZYZNA;9;20947259
IKHTIYORJON;MÊ¯CZYZNA;9;20947268
MAN BAHADUR;MÊ¯CZYZNA;9;20947277
NGOC THANH;MÊ¯CZYZNA;9;20947286
SABR?;MÊ¯CZYZNA;9;20947295
KENNET;MÊ¯CZYZNA;9;20947304
THINH;MÊ¯CZYZNA;9;20947313
ERDZHAN;MÊ¯CZYZNA;9;20947322
CHAFIK;MÊ¯CZYZNA;9;20947331
BOBURBEK;MÊ¯CZYZNA;9;20947340
AARÓN;MÊ¯CZYZNA;9;20947349
MONTE;MÊ¯CZYZNA;9;20947358
FINLAY;MÊ¯CZYZNA;9;20947367
REHA;MÊ¯CZYZNA;9;20947376
ABINASH;MÊ¯CZYZNA;8;20947384
NURETT?N;MÊ¯CZYZNA;8;20947392
INON;MÊ¯CZYZNA;8;20947400
IONATAN;MÊ¯CZYZNA;8;20947408
FARAJ;MÊ¯CZYZNA;8;20947416
SULTANBEK;MÊ¯CZYZNA;8;20947424
TEMUUJIN;MÊ¯CZYZNA;8;20947432
ALISHAN;MÊ¯CZYZNA;8;20947440
DONGHO;MÊ¯CZYZNA;8;20947448
BEKZODBEK;MÊ¯CZYZNA;8;20947456
RINOR;MÊ¯CZYZNA;8;20947464
GELU;MÊ¯CZYZNA;8;20947472
KLIMENTII;MÊ¯CZYZNA;8;20947480
XUAN TRUONG;MÊ¯CZYZNA;8;20947488
OLA;MÊ¯CZYZNA;8;20947496
D¯ULIANO;MÊ¯CZYZNA;8;20947504
KHAGENDRA;MÊ¯CZYZNA;8;20947512
BED?RHAN;MÊ¯CZYZNA;8;20947520
IVORAD;MÊ¯CZYZNA;8;20947528
MAKSATBEK;MÊ¯CZYZNA;8;20947536
BOKO;MÊ¯CZYZNA;8;20947544
YUSSEF;MÊ¯CZYZNA;8;20947552
MATHIJS;MÊ¯CZYZNA;8;20947560
VELAT;MÊ¯CZYZNA;8;20947568
DORDE;MÊ¯CZYZNA;8;20947576
AMRAN;MÊ¯CZYZNA;8;20947584
ARNAK;MÊ¯CZYZNA;8;20947592
RADOMÍR;MÊ¯CZYZNA;8;20947600
RODOLPHE;MÊ¯CZYZNA;8;20947608
DALIMIR;MÊ¯CZYZNA;8;20947616
OBED;MÊ¯CZYZNA;8;20947624
RAZA;MÊ¯CZYZNA;8;20947632
IZAN;MÊ¯CZYZNA;8;20947640
NASEER;MÊ¯CZYZNA;8;20947648
RAHAT;MÊ¯CZYZNA;8;20947656
M;MÊ¯CZYZNA;8;20947664
YERNUR;MÊ¯CZYZNA;8;20947672
SREÆKO;MÊ¯CZYZNA;8;20947680
SY;MÊ¯CZYZNA;8;20947688
RIM;MÊ¯CZYZNA;8;20947696
OLIWIUSZ;MÊ¯CZYZNA;8;20947704
ISAKHAN;MÊ¯CZYZNA;8;20947712
FERRY;MÊ¯CZYZNA;8;20947720
TENG;MÊ¯CZYZNA;8;20947728
ISAO;MÊ¯CZYZNA;8;20947736
IRENÄUS;MÊ¯CZYZNA;8;20947744
JUNGHOON;MÊ¯CZYZNA;8;20947752
REEM;MÊ¯CZYZNA;8;20947760
MILTIADIS;MÊ¯CZYZNA;8;20947768
ARTASH;MÊ¯CZYZNA;8;20947776
JUHO;MÊ¯CZYZNA;8;20947784
VAN KHANG;MÊ¯CZYZNA;8;20947792
VAN PHONG;MÊ¯CZYZNA;8;20947800
HAUKE;MÊ¯CZYZNA;8;20947808
KHAMIDULLO;MÊ¯CZYZNA;8;20947816
ANUBHAV;MÊ¯CZYZNA;8;20947824
AIME;MÊ¯CZYZNA;8;20947832
RAUP;MÊ¯CZYZNA;8;20947840
VIJAY KUMAR;MÊ¯CZYZNA;8;20947848
RADOST;MÊ¯CZYZNA;8;20947856
GUDRAT;MÊ¯CZYZNA;8;20947864
IAKUB;MÊ¯CZYZNA;8;20947872
DMITRYI;MÊ¯CZYZNA;8;20947880
RAIYMBEK;MÊ¯CZYZNA;8;20947888
NEVIO;MÊ¯CZYZNA;8;20947896
ARIEH;MÊ¯CZYZNA;8;20947904
DAO;MÊ¯CZYZNA;8;20947912
RAFIQUL;MÊ¯CZYZNA;8;20947920
DEON;MÊ¯CZYZNA;8;20947928
NAJIBULLAH;MÊ¯CZYZNA;8;20947936
ERMIN;MÊ¯CZYZNA;8;20947944
RUZHDI;MÊ¯CZYZNA;8;20947952
ABRHAM;MÊ¯CZYZNA;8;20947960
BAGLAN;MÊ¯CZYZNA;8;20947968
HAMEED;MÊ¯CZYZNA;8;20947976
DALTON;MÊ¯CZYZNA;8;20947984
VIKRANT;MÊ¯CZYZNA;8;20947992
BAHODUR;MÊ¯CZYZNA;8;20948000
LJUBIA;MÊ¯CZYZNA;8;20948008
BOIKO;MÊ¯CZYZNA;8;20948016
DZHON;MÊ¯CZYZNA;8;20948024
MIHA;MÊ¯CZYZNA;8;20948032
MAULANA;MÊ¯CZYZNA;8;20948040
FADZEI;MÊ¯CZYZNA;8;20948048
RAGIM;MÊ¯CZYZNA;8;20948056
TUNAR;MÊ¯CZYZNA;8;20948064
YERBOLAT;MÊ¯CZYZNA;8;20948072
SHARAN;MÊ¯CZYZNA;8;20948080
ARISTEIDIS;MÊ¯CZYZNA;8;20948088
APALON;MÊ¯CZYZNA;8;20948096
HESAM;MÊ¯CZYZNA;8;20948104
ZHENYU;MÊ¯CZYZNA;8;20948112
MARYNA;MÊ¯CZYZNA;8;20948120
RAYMUND;MÊ¯CZYZNA;8;20948128
USMON;MÊ¯CZYZNA;8;20948136
JUMANAZAR;MÊ¯CZYZNA;8;20948144
VÃN QUÂN;MÊ¯CZYZNA;8;20948152
FARAG;MÊ¯CZYZNA;8;20948160
STIEPAN;MÊ¯CZYZNA;8;20948168
ÕMER;MÊ¯CZYZNA;8;20948176
SKY;MÊ¯CZYZNA;8;20948184
TOBI;MÊ¯CZYZNA;8;20948192
GZIM;MÊ¯CZYZNA;8;20948200
MEIKEL;MÊ¯CZYZNA;8;20948208
KA?AN;MÊ¯CZYZNA;8;20948216
OVANES;MÊ¯CZYZNA;8;20948224
AMARILDO;MÊ¯CZYZNA;8;20948232
TALIP;MÊ¯CZYZNA;8;20948240
MI£KO;MÊ¯CZYZNA;8;20948248
AMIRBEK;MÊ¯CZYZNA;8;20948256
TONNY;MÊ¯CZYZNA;8;20948264
BENIAMINO;MÊ¯CZYZNA;8;20948272
STEINAR;MÊ¯CZYZNA;8;20948280
LIAV;MÊ¯CZYZNA;8;20948288
ABU-BAKAR;MÊ¯CZYZNA;8;20948296
YALCHIN;MÊ¯CZYZNA;8;20948304
NIKITAS;MÊ¯CZYZNA;8;20948312
ARNOLDAS;MÊ¯CZYZNA;8;20948320
FADHIL;MÊ¯CZYZNA;8;20948328
MOGELI;MÊ¯CZYZNA;8;20948336
ASZOT;MÊ¯CZYZNA;8;20948344
SARI;MÊ¯CZYZNA;8;20948352
ALKIN;MÊ¯CZYZNA;8;20948360
CHOUAIB;MÊ¯CZYZNA;8;20948368
NICOLAIE;MÊ¯CZYZNA;8;20948376
¼UBOMIR;MÊ¯CZYZNA;8;20948384
PARMEN;MÊ¯CZYZNA;8;20948392
ESTANISLAU;MÊ¯CZYZNA;8;20948400
ZEYNAL;MÊ¯CZYZNA;8;20948408
DOKKA;MÊ¯CZYZNA;8;20948416
SANJITH;MÊ¯CZYZNA;8;20948424
ISFANDIYOR;MÊ¯CZYZNA;8;20948432
MAXIMILIÁN;MÊ¯CZYZNA;8;20948440
AMIRAM;MÊ¯CZYZNA;8;20948448
KOBIL;MÊ¯CZYZNA;8;20948456
JORG;MÊ¯CZYZNA;8;20948464
JITESH;MÊ¯CZYZNA;8;20948472
TYGRAN;MÊ¯CZYZNA;8;20948480
ROSSANO;MÊ¯CZYZNA;8;20948488
MASIM;MÊ¯CZYZNA;8;20948496
MINSU;MÊ¯CZYZNA;8;20948504
BRAK IMIENIA;MÊ¯CZYZNA;8;20948512
CHRISTER;MÊ¯CZYZNA;8;20948520
GANZORIG;MÊ¯CZYZNA;8;20948528
GERWIN;MÊ¯CZYZNA;8;20948536
VAN DUY;MÊ¯CZYZNA;8;20948544
SUNGHYUN;MÊ¯CZYZNA;8;20948552
KIAZO;MÊ¯CZYZNA;8;20948560
VINIT;MÊ¯CZYZNA;8;20948568
RASHADAT;MÊ¯CZYZNA;8;20948576
ANTAR;MÊ¯CZYZNA;8;20948584
OTTAVIO;MÊ¯CZYZNA;8;20948592
SOHAM;MÊ¯CZYZNA;8;20948600
GURVINDER;MÊ¯CZYZNA;8;20948608
DAWA;MÊ¯CZYZNA;8;20948616
KAZI;MÊ¯CZYZNA;8;20948624
IULII;MÊ¯CZYZNA;8;20948632
ASA;MÊ¯CZYZNA;8;20948640
D?VIS;MÊ¯CZYZNA;8;20948648
FRYDRYCH;MÊ¯CZYZNA;8;20948656
RADOWIT;MÊ¯CZYZNA;8;20948664
ADELBERT;MÊ¯CZYZNA;8;20948672
HELMUTH;MÊ¯CZYZNA;8;20948680
SHUHRATJON;MÊ¯CZYZNA;8;20948688
ABDULATIF;MÊ¯CZYZNA;8;20948696
JYRKI;MÊ¯CZYZNA;8;20948704
IDRIZ;MÊ¯CZYZNA;8;20948712
HERU;MÊ¯CZYZNA;8;20948720
ACHILLEAS;MÊ¯CZYZNA;8;20948728
SAVEL;MÊ¯CZYZNA;8;20948736
EZZAT;MÊ¯CZYZNA;8;20948744
VUKAIN;MÊ¯CZYZNA;8;20948752
YELDOS;MÊ¯CZYZNA;8;20948760
RAJMOND;MÊ¯CZYZNA;8;20948768
EKABS;MÊ¯CZYZNA;8;20948776
BAHRIDDIN;MÊ¯CZYZNA;8;20948784
KARRAR;MÊ¯CZYZNA;8;20948792
VAHIF;MÊ¯CZYZNA;8;20948800
NORDIN;MÊ¯CZYZNA;8;20948808
ATILA;MÊ¯CZYZNA;8;20948816
MYKAILO;MÊ¯CZYZNA;8;20948824
ARBER;MÊ¯CZYZNA;8;20948832
D¯EMIL;MÊ¯CZYZNA;8;20948840
YERNAR;MÊ¯CZYZNA;8;20948848
?DR?S;MÊ¯CZYZNA;8;20948856
SONI;MÊ¯CZYZNA;8;20948864
ARCIOM;MÊ¯CZYZNA;8;20948872
CAGRI;MÊ¯CZYZNA;8;20948880
CHISOM;MÊ¯CZYZNA;8;20948888
NGOC ANH;MÊ¯CZYZNA;8;20948896
RESAN;MÊ¯CZYZNA;8;20948904
MEIRAM;MÊ¯CZYZNA;8;20948912
POUYA;MÊ¯CZYZNA;8;20948920
TANKA;MÊ¯CZYZNA;8;20948928
SARVAN;MÊ¯CZYZNA;8;20948936
BHAVIKKUMAR;MÊ¯CZYZNA;8;20948944
EMILIYAN;MÊ¯CZYZNA;8;20948952
MAKSIME;MÊ¯CZYZNA;8;20948960
YOAD;MÊ¯CZYZNA;8;20948968
VESLAU;MÊ¯CZYZNA;8;20948976
BOTJAN;MÊ¯CZYZNA;8;20948984
WITALIY;MÊ¯CZYZNA;8;20948992
NAJEEB;MÊ¯CZYZNA;8;20949000
GOLIBJON;MÊ¯CZYZNA;8;20949008
VI?T ANH;MÊ¯CZYZNA;8;20949016
ADIEL;MÊ¯CZYZNA;8;20949024
IKE;MÊ¯CZYZNA;8;20949032
HARALAMBOS;MÊ¯CZYZNA;8;20949040
OKTAVIO;MÊ¯CZYZNA;8;20949048
BAHR?;MÊ¯CZYZNA;8;20949056
LEFTERIS;MÊ¯CZYZNA;8;20949064
CEDRIK;MÊ¯CZYZNA;8;20949072
URIYA;MÊ¯CZYZNA;8;20949080
SHANI;MÊ¯CZYZNA;8;20949088
MASAHIKO;MÊ¯CZYZNA;8;20949096
RABIA;MÊ¯CZYZNA;8;20949104
DEYVID;MÊ¯CZYZNA;8;20949112
NICUªOR;MÊ¯CZYZNA;8;20949120
MILLAN;MÊ¯CZYZNA;8;20949128
YITZCHAK;MÊ¯CZYZNA;8;20949136
RASULBEK;MÊ¯CZYZNA;8;20949144
BANG;MÊ¯CZYZNA;8;20949152
YOUNGJU;MÊ¯CZYZNA;8;20949160
VAN TAI;MÊ¯CZYZNA;8;20949168
VEIT;MÊ¯CZYZNA;8;20949176
ERDO?AN;MÊ¯CZYZNA;8;20949184
MEHMET CAN;MÊ¯CZYZNA;8;20949192
GIA HUNG;MÊ¯CZYZNA;8;20949200
BASHKIM;MÊ¯CZYZNA;8;20949208
HEIKKI;MÊ¯CZYZNA;8;20949216
VITALIJS;MÊ¯CZYZNA;8;20949224
ABDUVALI;MÊ¯CZYZNA;8;20949232
TAWFIK;MÊ¯CZYZNA;8;20949240
DANYS;MÊ¯CZYZNA;8;20949248
MANUCHEKHR;MÊ¯CZYZNA;8;20949256
GURU;MÊ¯CZYZNA;8;20949264
RONAKKUMAR;MÊ¯CZYZNA;8;20949272
SANGMIN;MÊ¯CZYZNA;8;20949280
SAJEEV;MÊ¯CZYZNA;8;20949288
TOMOYA;MÊ¯CZYZNA;8;20949296
PALMIRO;MÊ¯CZYZNA;8;20949304
KASSIM;MÊ¯CZYZNA;8;20949312
YOUNGHWAN;MÊ¯CZYZNA;8;20949320
RAHMI;MÊ¯CZYZNA;8;20949328
NILO;MÊ¯CZYZNA;8;20949336
VANJA;MÊ¯CZYZNA;8;20949344
ZBIHNEU;MÊ¯CZYZNA;8;20949352
MYKHALO;MÊ¯CZYZNA;8;20949360
DUNIAMALI;MÊ¯CZYZNA;8;20949368
NURBOLAT;MÊ¯CZYZNA;8;20949376
HILDEGARD;MÊ¯CZYZNA;8;20949384
AUGUSTAS;MÊ¯CZYZNA;8;20949392
ALISH;MÊ¯CZYZNA;8;20949400
AGRIS;MÊ¯CZYZNA;8;20949408
SAJAL;MÊ¯CZYZNA;8;20949416
Z?YA;MÊ¯CZYZNA;8;20949424
MAVLONBEK;MÊ¯CZYZNA;8;20949432
UVAYS;MÊ¯CZYZNA;8;20949440
CHAKIB;MÊ¯CZYZNA;8;20949448
DONGJIN;MÊ¯CZYZNA;8;20949456
MUSTAFO;MÊ¯CZYZNA;8;20949464
JAYPEE;MÊ¯CZYZNA;8;20949472
MAYER;MÊ¯CZYZNA;8;20949480
ABDULBOSIT;MÊ¯CZYZNA;8;20949488
TROND;MÊ¯CZYZNA;8;20949496
SAIDUL;MÊ¯CZYZNA;8;20949504
ASKARJON;MÊ¯CZYZNA;8;20949512
RAIS;MÊ¯CZYZNA;8;20949520
BAC;MÊ¯CZYZNA;8;20949528
TUNG LAM;MÊ¯CZYZNA;8;20949536
RYOSUKE;MÊ¯CZYZNA;8;20949544
GUOQIANG;MÊ¯CZYZNA;8;20949552
PROMISE;MÊ¯CZYZNA;8;20949560
HAIJUN;MÊ¯CZYZNA;8;20949568
DAVLATBEK;MÊ¯CZYZNA;8;20949576
EYYUP;MÊ¯CZYZNA;8;20949584
ROMEO JR.;MÊ¯CZYZNA;8;20949592
DRAGOLJUB;MÊ¯CZYZNA;8;20949600
SVETOZAR;MÊ¯CZYZNA;8;20949608
HOANG HAI;MÊ¯CZYZNA;8;20949616
RAKHMATULLA;MÊ¯CZYZNA;8;20949624
ATALAY;MÊ¯CZYZNA;8;20949632
ELIAH;MÊ¯CZYZNA;8;20949640
SADAT;MÊ¯CZYZNA;8;20949648
DIEGO FERNANDO;MÊ¯CZYZNA;8;20949656
BORAN;MÊ¯CZYZNA;8;20949664
SEVER;MÊ¯CZYZNA;8;20949672
KHAKIM;MÊ¯CZYZNA;8;20949680
DYTER;MÊ¯CZYZNA;8;20949688
FEBIN;MÊ¯CZYZNA;8;20949696
NIKUNJKUMAR;MÊ¯CZYZNA;8;20949704
GJORGJI;MÊ¯CZYZNA;8;20949712
EMOMALI;MÊ¯CZYZNA;8;20949720
ILIKO;MÊ¯CZYZNA;8;20949728
MAI;MÊ¯CZYZNA;8;20949736
¯AN;MÊ¯CZYZNA;8;20949744
ZYNDRAM;MÊ¯CZYZNA;8;20949752
TALANTBEK;MÊ¯CZYZNA;8;20949760
MUNKHBAT;MÊ¯CZYZNA;8;20949768
STEFAAN;MÊ¯CZYZNA;8;20949776
ÈESLAV;MÊ¯CZYZNA;8;20949784
BALAKRISHNA;MÊ¯CZYZNA;8;20949792
MARYN;MÊ¯CZYZNA;8;20949800
VUHAR;MÊ¯CZYZNA;8;20949808
FITSUM;MÊ¯CZYZNA;8;20949816
CHIN;MÊ¯CZYZNA;8;20949824
FAUSTINO;MÊ¯CZYZNA;8;20949832
BELKACEM;MÊ¯CZYZNA;8;20949840
JENSON;MÊ¯CZYZNA;8;20949848
VAN QUY;MÊ¯CZYZNA;8;20949856
WIKTORYN;MÊ¯CZYZNA;8;20949864
QUINCY;MÊ¯CZYZNA;8;20949872
SABUKHI;MÊ¯CZYZNA;8;20949880
YAKIM;MÊ¯CZYZNA;8;20949888
??C ANH;MÊ¯CZYZNA;8;20949896
YUXIANG;MÊ¯CZYZNA;8;20949904
REYNALDO JR.;MÊ¯CZYZNA;8;20949912
ABIDIN;MÊ¯CZYZNA;8;20949920
WENLONG;MÊ¯CZYZNA;8;20949928
EVGENE;MÊ¯CZYZNA;8;20949936
RIZAL;MÊ¯CZYZNA;8;20949944
WIDAS;MÊ¯CZYZNA;8;20949952
SHIGERU;MÊ¯CZYZNA;8;20949960
OFRI;MÊ¯CZYZNA;8;20949968
GURDEEP;MÊ¯CZYZNA;8;20949976
TI?N D?NG;MÊ¯CZYZNA;8;20949984
ILII;MÊ¯CZYZNA;8;20949992
KHAVAZH;MÊ¯CZYZNA;8;20950000
ABDERRAOUF;MÊ¯CZYZNA;8;20950008
ACHILES;MÊ¯CZYZNA;8;20950016
C?HAT;MÊ¯CZYZNA;8;20950024
SHEN;MÊ¯CZYZNA;8;20950032
RASHAT;MÊ¯CZYZNA;8;20950040
ALBINO;MÊ¯CZYZNA;8;20950048
VÃN ??C;MÊ¯CZYZNA;8;20950056
SALWANO;MÊ¯CZYZNA;8;20950064
BERKER;MÊ¯CZYZNA;8;20950072
RAKESH KUMAR;MÊ¯CZYZNA;8;20950080
JAHID;MÊ¯CZYZNA;8;20950088
ILMAN;MÊ¯CZYZNA;8;20950096
ATAMYRAT;MÊ¯CZYZNA;8;20950104
MIKHEI;MÊ¯CZYZNA;8;20950112
YANNAI;MÊ¯CZYZNA;8;20950120
ARDI;MÊ¯CZYZNA;8;20950128
TUÂN;MÊ¯CZYZNA;8;20950136
JUNYI;MÊ¯CZYZNA;8;20950144
NERMIN;MÊ¯CZYZNA;8;20950152
HADJ;MÊ¯CZYZNA;8;20950160
BADER;MÊ¯CZYZNA;8;20950168
RAJESHKUMAR;MÊ¯CZYZNA;8;20950176
NAVNEET;MÊ¯CZYZNA;8;20950184
PREM BAHADUR;MÊ¯CZYZNA;8;20950192
SHINE;MÊ¯CZYZNA;8;20950200
YULDOSH;MÊ¯CZYZNA;8;20950208
GABRYJEL;MÊ¯CZYZNA;8;20950216
MOGENS;MÊ¯CZYZNA;8;20950224
NOUMAN;MÊ¯CZYZNA;8;20950232
YOSHUA;MÊ¯CZYZNA;8;20950240
FARSHAD;MÊ¯CZYZNA;8;20950248
RYKARDO;MÊ¯CZYZNA;8;20950256
NEMEZJUSZ;MÊ¯CZYZNA;8;20950264
MATEU;MÊ¯CZYZNA;8;20950272
BOIDAR;MÊ¯CZYZNA;8;20950280
AMARU;MÊ¯CZYZNA;8;20950288
SAMARTH;MÊ¯CZYZNA;8;20950296
BOBURMIRZO;MÊ¯CZYZNA;8;20950304
BALJINDER;MÊ¯CZYZNA;8;20950312
VALERYAN;MÊ¯CZYZNA;8;20950320
DAE;MÊ¯CZYZNA;8;20950328
ANDONIS;MÊ¯CZYZNA;8;20950336
GILES;MÊ¯CZYZNA;8;20950344
QAISAR;MÊ¯CZYZNA;8;20950352
SIDDHESH;MÊ¯CZYZNA;8;20950360
MEKHAK;MÊ¯CZYZNA;8;20950368
NOBUYUKI;MÊ¯CZYZNA;8;20950376
MARAD;MÊ¯CZYZNA;8;20950384
NESIM;MÊ¯CZYZNA;8;20950392
LATINO;MÊ¯CZYZNA;8;20950400
ILIASS;MÊ¯CZYZNA;8;20950408
ANESTIS;MÊ¯CZYZNA;8;20950416
KUL;MÊ¯CZYZNA;8;20950424
MOVLADI;MÊ¯CZYZNA;8;20950432
VÃN TR??NG;MÊ¯CZYZNA;8;20950440
SUTRISNO;MÊ¯CZYZNA;8;20950448
GYANENDRA;MÊ¯CZYZNA;8;20950456
MUSLIMBEK;MÊ¯CZYZNA;8;20950464
BHAVIK;MÊ¯CZYZNA;8;20950472
SEWERIAN;MÊ¯CZYZNA;8;20950480
ARNDT;MÊ¯CZYZNA;8;20950488
SAMPATH;MÊ¯CZYZNA;8;20950496
RAID;MÊ¯CZYZNA;8;20950504
STA?ISLAVS;MÊ¯CZYZNA;8;20950512
BHAVESH;MÊ¯CZYZNA;8;20950520
FIONN;MÊ¯CZYZNA;8;20950528
SOLTAN;MÊ¯CZYZNA;8;20950536
YAVAR;MÊ¯CZYZNA;8;20950544
ARIANIT;MÊ¯CZYZNA;8;20950552
SOMNATH;MÊ¯CZYZNA;8;20950560
FADEI;MÊ¯CZYZNA;8;20950568
HIACYNT;MÊ¯CZYZNA;8;20950576
NATALIO;MÊ¯CZYZNA;8;20950584
SIERHEI;MÊ¯CZYZNA;8;20950592
JURKHA;MÊ¯CZYZNA;8;20950600
TUYEN;MÊ¯CZYZNA;8;20950608
WITT;MÊ¯CZYZNA;8;20950616
VAN TU;MÊ¯CZYZNA;8;20950624
ANTÔNIO;MÊ¯CZYZNA;8;20950632
QUANG TUAN;MÊ¯CZYZNA;8;20950640
GERO;MÊ¯CZYZNA;8;20950648
ZENEK;MÊ¯CZYZNA;8;20950656
CHANGQING;MÊ¯CZYZNA;8;20950664
YIJUN;MÊ¯CZYZNA;8;20950672
LAZIZ;MÊ¯CZYZNA;8;20950680
AGAM;MÊ¯CZYZNA;8;20950688
ALASKAR;MÊ¯CZYZNA;8;20950696
REXHEP;MÊ¯CZYZNA;8;20950704
PRAMOD KUMAR;MÊ¯CZYZNA;8;20950712
HONGTAO;MÊ¯CZYZNA;8;20950720
SEBASTIIAN;MÊ¯CZYZNA;8;20950728
HIDEO;MÊ¯CZYZNA;8;20950736
AYHAM;MÊ¯CZYZNA;8;20950744
ERMIS;MÊ¯CZYZNA;8;20950752
SRÐAN;MÊ¯CZYZNA;8;20950760
ASMIR;MÊ¯CZYZNA;8;20950768
NATHANAËL;MÊ¯CZYZNA;8;20950776
AGHASI;MÊ¯CZYZNA;8;20950784
NURMYRAT;MÊ¯CZYZNA;8;20950792
ASHFAQ;MÊ¯CZYZNA;8;20950800
RAFAËL;MÊ¯CZYZNA;8;20950808
LUAY;MÊ¯CZYZNA;8;20950816
SUKHDEEP;MÊ¯CZYZNA;8;20950824
BENT;MÊ¯CZYZNA;8;20950832
MALO;MÊ¯CZYZNA;8;20950840
MOSHOOD;MÊ¯CZYZNA;8;20950848
AFONSO;MÊ¯CZYZNA;8;20950856
SEVAN;MÊ¯CZYZNA;8;20950864
MAYURKUMAR;MÊ¯CZYZNA;8;20950872
CHARLY;MÊ¯CZYZNA;8;20950880
ABDURAHMAN;MÊ¯CZYZNA;8;20950888
MUKHAMMADAZIZ;MÊ¯CZYZNA;8;20950896
JERALD;MÊ¯CZYZNA;8;20950904
JACKIE;MÊ¯CZYZNA;8;20950912
HUN;MÊ¯CZYZNA;8;20950920
BALARAM;MÊ¯CZYZNA;8;20950928
PERIKLIS;MÊ¯CZYZNA;8;20950936
MARIIAN;MÊ¯CZYZNA;8;20950944
RUIQI;MÊ¯CZYZNA;8;20950952
REGGIE;MÊ¯CZYZNA;8;20950960
SURJIT;MÊ¯CZYZNA;8;20950968
FIDAN;MÊ¯CZYZNA;8;20950976
YOZDZHAN;MÊ¯CZYZNA;8;20950984
ZULFUGAR;MÊ¯CZYZNA;8;20950992
YOSUKE;MÊ¯CZYZNA;8;20951000
RYU;MÊ¯CZYZNA;8;20951008
RAKIBUL;MÊ¯CZYZNA;8;20951016
RENOLD;MÊ¯CZYZNA;8;20951024
ITZCHAK;MÊ¯CZYZNA;8;20951032
NECMETTIN;MÊ¯CZYZNA;8;20951040
MERT CAN;MÊ¯CZYZNA;8;20951048
BIRKAN;MÊ¯CZYZNA;8;20951056
ANTOS;MÊ¯CZYZNA;8;20951064
AKROM;MÊ¯CZYZNA;8;20951072
FLAVIUS;MÊ¯CZYZNA;8;20951080
MITJA;MÊ¯CZYZNA;8;20951088
DÉNES;MÊ¯CZYZNA;8;20951096
YELYSEY;MÊ¯CZYZNA;8;20951104
MANSOOR;MÊ¯CZYZNA;8;20951112
WAJID;MÊ¯CZYZNA;8;20951120
ZOUHEIR;MÊ¯CZYZNA;8;20951128
HYUNJUN;MÊ¯CZYZNA;8;20951136
YANGYANG;MÊ¯CZYZNA;8;20951144
YOSHIHISA;MÊ¯CZYZNA;8;20951152
RUSLANBEK;MÊ¯CZYZNA;8;20951160
MILIVOJE;MÊ¯CZYZNA;8;20951168
SHABBIR;MÊ¯CZYZNA;8;20951176
ADLET;MÊ¯CZYZNA;8;20951184
OPEYEMI;MÊ¯CZYZNA;8;20951192
EDISHERI;MÊ¯CZYZNA;8;20951200
VIACZESLAV;MÊ¯CZYZNA;8;20951208
BOLEBOR;MÊ¯CZYZNA;8;20951216
HAYRETT?N;MÊ¯CZYZNA;8;20951224
JÜRG;MÊ¯CZYZNA;8;20951232
SALIMJON;MÊ¯CZYZNA;8;20951240
BEHZAD;MÊ¯CZYZNA;8;20951248
GURGENI;MÊ¯CZYZNA;8;20951256
MORDEKHAY;MÊ¯CZYZNA;8;20951264
CAYDEN;MÊ¯CZYZNA;8;20951272
KAREM;MÊ¯CZYZNA;8;20951280
PHUAD;MÊ¯CZYZNA;8;20951288
MICKEY;MÊ¯CZYZNA;8;20951296
SHARAD;MÊ¯CZYZNA;8;20951304
RISHIKESH;MÊ¯CZYZNA;8;20951312
PIOTREK;MÊ¯CZYZNA;8;20951320
ASKARBEK;MÊ¯CZYZNA;8;20951328
NUSRAT;MÊ¯CZYZNA;8;20951336
HEINER;MÊ¯CZYZNA;8;20951344
DULGUUN;MÊ¯CZYZNA;8;20951352
NATALE;MÊ¯CZYZNA;8;20951360
ABYLAIKHAN;MÊ¯CZYZNA;8;20951368
JUAN PABLO;MÊ¯CZYZNA;8;20951376
MARTIAL;MÊ¯CZYZNA;8;20951384
TEODOROS;MÊ¯CZYZNA;8;20951392
WILBERT;MÊ¯CZYZNA;8;20951400
ILARIO;MÊ¯CZYZNA;8;20951408
VESA;MÊ¯CZYZNA;8;20951416
DZHAVID;MÊ¯CZYZNA;8;20951424
DESIRE;MÊ¯CZYZNA;8;20951432
RENJITH;MÊ¯CZYZNA;8;20951440
RAYKO;MÊ¯CZYZNA;8;20951448
ABA;MÊ¯CZYZNA;8;20951456
ARSENE;MÊ¯CZYZNA;8;20951464
KEHINDE;MÊ¯CZYZNA;8;20951472
LORENC;MÊ¯CZYZNA;8;20951480
SARMAD;MÊ¯CZYZNA;8;20951488
FAISSAL;MÊ¯CZYZNA;8;20951496
BRET;MÊ¯CZYZNA;8;20951504
DZENIS;MÊ¯CZYZNA;8;20951512
MUHIDDIN;MÊ¯CZYZNA;8;20951520
GOLAM;MÊ¯CZYZNA;8;20951528
DEIWID;MÊ¯CZYZNA;8;20951536
DYMITRI;MÊ¯CZYZNA;8;20951544
INGUS;MÊ¯CZYZNA;8;20951552
KARYM;MÊ¯CZYZNA;8;20951560
MD RABIUL;MÊ¯CZYZNA;8;20951568
ABBOSBEK;MÊ¯CZYZNA;8;20951576
SHIBIN;MÊ¯CZYZNA;8;20951584
RAVIV;MÊ¯CZYZNA;8;20951592
YANNI;MÊ¯CZYZNA;8;20951600
MOMCHIL;MÊ¯CZYZNA;8;20951608
SINTO;MÊ¯CZYZNA;8;20951616
KHRYSTOFOR;MÊ¯CZYZNA;8;20951624
TEMUULEN;MÊ¯CZYZNA;8;20951632
BOKHODIR;MÊ¯CZYZNA;8;20951640
B?RKAN;MÊ¯CZYZNA;8;20951648
MUHITTIN;MÊ¯CZYZNA;8;20951656
MICK;MÊ¯CZYZNA;8;20951664
MYKHAYILO;MÊ¯CZYZNA;8;20951672
VED;MÊ¯CZYZNA;8;20951680
ROMEK;MÊ¯CZYZNA;8;20951688
ORAZMYRAT;MÊ¯CZYZNA;8;20951696
ATHARV;MÊ¯CZYZNA;8;20951704
LEUTRIM;MÊ¯CZYZNA;8;20951712
SANOJ;MÊ¯CZYZNA;8;20951720
YENER;MÊ¯CZYZNA;8;20951728
USIASLAU;MÊ¯CZYZNA;8;20951736
YOSHIHIRO;MÊ¯CZYZNA;8;20951744
ZHDAN;MÊ¯CZYZNA;8;20951752
BAKARY;MÊ¯CZYZNA;8;20951760
SHEVKET;MÊ¯CZYZNA;8;20951768
KIRILS;MÊ¯CZYZNA;8;20951776
MEKHDI;MÊ¯CZYZNA;8;20951784
ZIEMOMYS£;MÊ¯CZYZNA;8;20951792
IGGY;MÊ¯CZYZNA;8;20951800
ELOI;MÊ¯CZYZNA;8;20951808
SAYKHAN;MÊ¯CZYZNA;8;20951816
VIDZHAI;MÊ¯CZYZNA;8;20951824
ISMIKHAN;MÊ¯CZYZNA;8;20951832
ADITHYA;MÊ¯CZYZNA;8;20951840
KEES;MÊ¯CZYZNA;8;20951848
RAIMONDO;MÊ¯CZYZNA;8;20951856
ZHAO;MÊ¯CZYZNA;8;20951864
ABD;MÊ¯CZYZNA;8;20951872
OLSI;MÊ¯CZYZNA;8;20951880
MIHRAN;MÊ¯CZYZNA;8;20951888
KORNELI;MÊ¯CZYZNA;8;20951896
FAROOQ;MÊ¯CZYZNA;8;20951904
HOAI;MÊ¯CZYZNA;8;20951912
PHRIDONI;MÊ¯CZYZNA;8;20951920
EDIJS;MÊ¯CZYZNA;8;20951928
NURDI;MÊ¯CZYZNA;8;20951936
VOLODAR;MÊ¯CZYZNA;8;20951944
MUMIN;MÊ¯CZYZNA;8;20951952
AMANDEEP SINGH;MÊ¯CZYZNA;8;20951960
WANGIELIS;MÊ¯CZYZNA;8;20951968
SRDJAN;MÊ¯CZYZNA;8;20951976
INNOKENTII;MÊ¯CZYZNA;8;20951984
MERVIN;MÊ¯CZYZNA;8;20951992
PRAJWAL;MÊ¯CZYZNA;8;20952000
LYUDVIG;MÊ¯CZYZNA;8;20952008
CARLOS ALBERTO;MÊ¯CZYZNA;8;20952016
ARHAM;MÊ¯CZYZNA;8;20952024
SEUNGMIN;MÊ¯CZYZNA;8;20952032
SREEKANTH;MÊ¯CZYZNA;8;20952040
HYON;MÊ¯CZYZNA;8;20952048
BENJIE;MÊ¯CZYZNA;8;20952056
NURILLO;MÊ¯CZYZNA;8;20952064
SHIRAZ;MÊ¯CZYZNA;8;20952072
MINH TU?N;MÊ¯CZYZNA;8;20952080
NAZIF;MÊ¯CZYZNA;8;20952088
THANH NAM;MÊ¯CZYZNA;8;20952096
VLASTIMIR;MÊ¯CZYZNA;8;20952104
ANATOLE;MÊ¯CZYZNA;8;20952112
HAMD?;MÊ¯CZYZNA;8;20952120
SHAKHZODBEK;MÊ¯CZYZNA;8;20952128
ARND;MÊ¯CZYZNA;8;20952136
FATLUM;MÊ¯CZYZNA;8;20952144
MAYKEL;MÊ¯CZYZNA;8;20952152
YUHAO;MÊ¯CZYZNA;8;20952160
WAHEED;MÊ¯CZYZNA;8;20952168
KADER;MÊ¯CZYZNA;8;20952176
JIACHENG;MÊ¯CZYZNA;8;20952184
ÇINAR;MÊ¯CZYZNA;8;20952192
ZEBUR;MÊ¯CZYZNA;8;20952200
MONCEF;MÊ¯CZYZNA;8;20952208
BAKTYBEK;MÊ¯CZYZNA;8;20952216
ROCHAN;MÊ¯CZYZNA;8;20952224
KRISTO;MÊ¯CZYZNA;8;20952232
OZZY;MÊ¯CZYZNA;8;20952240
DMITRIJUS;MÊ¯CZYZNA;8;20952248
SEFER;MÊ¯CZYZNA;8;20952256
DOROFII;MÊ¯CZYZNA;8;20952264
MIHIR;MÊ¯CZYZNA;8;20952272
GULOM;MÊ¯CZYZNA;8;20952280
GUL;MÊ¯CZYZNA;8;20952288
TAJIR;MÊ¯CZYZNA;8;20952296
ZHIJUN;MÊ¯CZYZNA;8;20952304
PEMBA;MÊ¯CZYZNA;8;20952312
RAANAN;MÊ¯CZYZNA;8;20952320
ISAIAS;MÊ¯CZYZNA;8;20952328
VASIKO;MÊ¯CZYZNA;8;20952336
SHARIFJON;MÊ¯CZYZNA;8;20952344
VASILIOS;MÊ¯CZYZNA;8;20952352
STOIL;MÊ¯CZYZNA;8;20952360
OSSAMA;MÊ¯CZYZNA;8;20952368
VAN HUONG;MÊ¯CZYZNA;8;20952376
SEY?T;MÊ¯CZYZNA;8;20952384
SAYD-MAGOMED;MÊ¯CZYZNA;8;20952392
ALAZ;MÊ¯CZYZNA;8;20952400
GUOQING;MÊ¯CZYZNA;8;20952408
CHENGLONG;MÊ¯CZYZNA;8;20952416
ATAHAN;MÊ¯CZYZNA;8;20952424
MEHRAN;MÊ¯CZYZNA;8;20952432
WINFRED;MÊ¯CZYZNA;8;20952440
SIARGEI;MÊ¯CZYZNA;8;20952448
BRONEK;MÊ¯CZYZNA;8;20952456
XIAOHUA;MÊ¯CZYZNA;8;20952464
REDZHEP;MÊ¯CZYZNA;8;20952472
VÃN H?NG;MÊ¯CZYZNA;8;20952480
KHUONG;MÊ¯CZYZNA;8;20952488
RAGHAV;MÊ¯CZYZNA;8;20952496
IGNÁC;MÊ¯CZYZNA;8;20952504
DORU;MÊ¯CZYZNA;8;20952512
TARO;MÊ¯CZYZNA;8;20952520
ANANDHU;MÊ¯CZYZNA;8;20952528
DARLINGTON;MÊ¯CZYZNA;8;20952536
XIANGYANG;MÊ¯CZYZNA;8;20952544
RABII;MÊ¯CZYZNA;8;20952552
RYMWID;MÊ¯CZYZNA;8;20952560
GÖRAN;MÊ¯CZYZNA;8;20952568
GENADY;MÊ¯CZYZNA;8;20952576
VAZGHEN;MÊ¯CZYZNA;8;20952584
BENARD;MÊ¯CZYZNA;8;20952592
YICHENG;MÊ¯CZYZNA;8;20952600
PURAN;MÊ¯CZYZNA;8;20952608
KAZUMA;MÊ¯CZYZNA;8;20952616
FLAWIAN;MÊ¯CZYZNA;8;20952624
MEJER;MÊ¯CZYZNA;8;20952632
TENGO;MÊ¯CZYZNA;8;20952640
NAWAF;MÊ¯CZYZNA;8;20952648
YAMAN;MÊ¯CZYZNA;8;20952656
WILLIAMS;MÊ¯CZYZNA;8;20952664
ENTONI;MÊ¯CZYZNA;8;20952672
BULENT;MÊ¯CZYZNA;8;20952680
STOJGNIEW;MÊ¯CZYZNA;8;20952688
SHELDON;MÊ¯CZYZNA;8;20952696
RAKHIMJON;MÊ¯CZYZNA;8;20952704
ZHORZH;MÊ¯CZYZNA;8;20952712
CLEMENTE;MÊ¯CZYZNA;8;20952720
THE HUNG;MÊ¯CZYZNA;8;20952728
SULUMBEK;MÊ¯CZYZNA;8;20952736
ABDULSALAM;MÊ¯CZYZNA;8;20952744
BONG;MÊ¯CZYZNA;8;20952752
SHAKA;MÊ¯CZYZNA;8;20952760
LOUKAS;MÊ¯CZYZNA;8;20952768
EMMETT;MÊ¯CZYZNA;8;20952776
AVHUST;MÊ¯CZYZNA;8;20952784
TARZAN;MÊ¯CZYZNA;8;20952792
KENTO;MÊ¯CZYZNA;8;20952800
CRISTI;MÊ¯CZYZNA;8;20952808
OLEKANDR;MÊ¯CZYZNA;8;20952816
RIAAN;MÊ¯CZYZNA;8;20952824
GOTLIB;MÊ¯CZYZNA;8;20952832
GNEL;MÊ¯CZYZNA;8;20952840
SAKTHIVEL;MÊ¯CZYZNA;8;20952848
MEYER;MÊ¯CZYZNA;8;20952856
MASASHI;MÊ¯CZYZNA;8;20952864
NAGI;MÊ¯CZYZNA;8;20952872
ABDELHALIM;MÊ¯CZYZNA;8;20952880
ZAHEER;MÊ¯CZYZNA;8;20952888
RYTIS;MÊ¯CZYZNA;8;20952896
MELCHOR;MÊ¯CZYZNA;8;20952904
PETRYK;MÊ¯CZYZNA;8;20952912
NAZARI;MÊ¯CZYZNA;8;20952920
BACHAR;MÊ¯CZYZNA;8;20952928
AKI;MÊ¯CZYZNA;8;20952936
ABDELMADJID;MÊ¯CZYZNA;8;20952944
APHGAN;MÊ¯CZYZNA;8;20952952
JEREMIE;MÊ¯CZYZNA;8;20952960
SHAKER;MÊ¯CZYZNA;8;20952968
JABBAR;MÊ¯CZYZNA;8;20952976
KHUSEN;MÊ¯CZYZNA;8;20952984
TIMÉO;MÊ¯CZYZNA;8;20952992
MD KAMRUL;MÊ¯CZYZNA;8;20953000
TOMASO;MÊ¯CZYZNA;8;20953008
TCHITCHIKO;MÊ¯CZYZNA;8;20953016
YOSHIAKI;MÊ¯CZYZNA;8;20953024
ESAD;MÊ¯CZYZNA;8;20953032
PRANEETH;MÊ¯CZYZNA;8;20953040
OANH;MÊ¯CZYZNA;8;20953048
AMANI;MÊ¯CZYZNA;8;20953056
CHANDU;MÊ¯CZYZNA;8;20953064
AADVIK;MÊ¯CZYZNA;8;20953072
FANG;MÊ¯CZYZNA;8;20953080
RINGO;MÊ¯CZYZNA;8;20953088
MOKHAMMAD;MÊ¯CZYZNA;8;20953096
?IRTS;MÊ¯CZYZNA;8;20953104
H?KMET;MÊ¯CZYZNA;8;20953112
YUYA;MÊ¯CZYZNA;8;20953120
THIRUPATHI;MÊ¯CZYZNA;8;20953128
KHAYOTBEK;MÊ¯CZYZNA;8;20953136
LINAR;MÊ¯CZYZNA;8;20953144
HAYRI;MÊ¯CZYZNA;8;20953152
GOURAV;MÊ¯CZYZNA;8;20953160
YELEAZAR;MÊ¯CZYZNA;8;20953168
FAHIM;MÊ¯CZYZNA;8;20953176
ALDIS;MÊ¯CZYZNA;8;20953184
P?L;MÊ¯CZYZNA;8;20953192
?SMET;MÊ¯CZYZNA;8;20953200
MUNKH-ERDENE;MÊ¯CZYZNA;8;20953208
GIOACCHINO;MÊ¯CZYZNA;8;20953216
AMARJIT;MÊ¯CZYZNA;8;20953224
VASIP;MÊ¯CZYZNA;8;20953232
VISHWAS;MÊ¯CZYZNA;8;20953240
TONDERAI;MÊ¯CZYZNA;8;20953248
SIDDHARTHA;MÊ¯CZYZNA;8;20953256
DRAGOSLAV;MÊ¯CZYZNA;8;20953264
VOLODYMAR;MÊ¯CZYZNA;8;20953272
MINJUN;MÊ¯CZYZNA;8;20953280
DUC DUNG;MÊ¯CZYZNA;8;20953288
TEMESGEN;MÊ¯CZYZNA;8;20953296
NHAN;MÊ¯CZYZNA;8;20953304
MAKSYN;MÊ¯CZYZNA;8;20953312
SANJEEV KUMAR;MÊ¯CZYZNA;8;20953320
OZCAN;MÊ¯CZYZNA;8;20953328
ANANT;MÊ¯CZYZNA;8;20953336
P£ATON;MÊ¯CZYZNA;8;20953344
HANS-JÖRG;MÊ¯CZYZNA;8;20953352
MIRBEK;MÊ¯CZYZNA;8;20953360
PAVELS;MÊ¯CZYZNA;8;20953368
KETANKUMAR;MÊ¯CZYZNA;8;20953376
YAREMII;MÊ¯CZYZNA;8;20953384
DARREL;MÊ¯CZYZNA;8;20953392
XIAOBO;MÊ¯CZYZNA;8;20953400
DIDZIS;MÊ¯CZYZNA;8;20953408
BAGTYYAR;MÊ¯CZYZNA;8;20953416
ARHIP;MÊ¯CZYZNA;8;20953424
VAN TAN;MÊ¯CZYZNA;8;20953432
CHERIF;MÊ¯CZYZNA;8;20953440
AYNDI;MÊ¯CZYZNA;8;20953448
FATOS;MÊ¯CZYZNA;8;20953456
AGHA;MÊ¯CZYZNA;8;20953464
VALMIR;MÊ¯CZYZNA;8;20953472
ULUKBEK;MÊ¯CZYZNA;8;20953480
ERION;MÊ¯CZYZNA;8;20953488
AZRIEL;MÊ¯CZYZNA;8;20953496
JUDAH;MÊ¯CZYZNA;8;20953504
ASI;MÊ¯CZYZNA;8;20953512
WEIPING;MÊ¯CZYZNA;8;20953520
THEMISTOKLIS;MÊ¯CZYZNA;8;20953528
DEEPAK KUMAR;MÊ¯CZYZNA;8;20953536
DINAR;MÊ¯CZYZNA;8;20953544
SHARATH;MÊ¯CZYZNA;8;20953552
RAIVO;MÊ¯CZYZNA;8;20953560
MENASHE;MÊ¯CZYZNA;8;20953568
OFFER;MÊ¯CZYZNA;8;20953576
RAYHAN;MÊ¯CZYZNA;8;20953584
TRYSTIAN;MÊ¯CZYZNA;8;20953592
COSTANTINO;MÊ¯CZYZNA;8;20953600
MD IMRAN;MÊ¯CZYZNA;8;20953608
OVIK;MÊ¯CZYZNA;8;20953616
ARWIN;MÊ¯CZYZNA;8;20953624
SHREE;MÊ¯CZYZNA;8;20953632
ERICSON;MÊ¯CZYZNA;8;20953640
NASR;MÊ¯CZYZNA;8;20953648
ARTEMY;MÊ¯CZYZNA;8;20953656
GOS£AW;MÊ¯CZYZNA;8;20953664
DEEPESH;MÊ¯CZYZNA;8;20953672
KAKAJAN;MÊ¯CZYZNA;8;20953680
TEODOZII;MÊ¯CZYZNA;8;20953688
NERSES;MÊ¯CZYZNA;8;20953696
MUSHVIG;MÊ¯CZYZNA;8;20953704
OVIDIJUS;MÊ¯CZYZNA;8;20953712
SAN;MÊ¯CZYZNA;8;20953720
ILKKA;MÊ¯CZYZNA;8;20953728
GÖKALP;MÊ¯CZYZNA;8;20953736
ULLRICH;MÊ¯CZYZNA;8;20953744
SARMEN;MÊ¯CZYZNA;8;20953752
TAYFUR;MÊ¯CZYZNA;8;20953760
EDVARDAS;MÊ¯CZYZNA;8;20953768
KOICHIRO;MÊ¯CZYZNA;8;20953776
RAM BAHADUR;MÊ¯CZYZNA;8;20953784
ALIEKSANDR;MÊ¯CZYZNA;8;20953792
RATAN;MÊ¯CZYZNA;8;20953800
SHIJO;MÊ¯CZYZNA;8;20953808
BHUPAL;MÊ¯CZYZNA;8;20953816
ARMEND;MÊ¯CZYZNA;8;20953824
ANDII;MÊ¯CZYZNA;8;20953832
HYUNG;MÊ¯CZYZNA;8;20953840
JOST;MÊ¯CZYZNA;8;20953848
AIUB;MÊ¯CZYZNA;8;20953856
ANICET;MÊ¯CZYZNA;8;20953864
BADREDDINE;MÊ¯CZYZNA;8;20953872
DANG KHOA;MÊ¯CZYZNA;8;20953880
TYMOFI;MÊ¯CZYZNA;8;20953888
EDIKI;MÊ¯CZYZNA;8;20953896
BABURAM;MÊ¯CZYZNA;8;20953904
KORNYLII;MÊ¯CZYZNA;8;20953912
AZHDAR;MÊ¯CZYZNA;8;20953920
ALOYSIUS;MÊ¯CZYZNA;7;20953927
SEFI;MÊ¯CZYZNA;7;20953934
AYOBAMI;MÊ¯CZYZNA;7;20953941
GEORGIAN;MÊ¯CZYZNA;7;20953948
NOVAK;MÊ¯CZYZNA;7;20953955
DUC HIEU;MÊ¯CZYZNA;7;20953962
ACHREF;MÊ¯CZYZNA;7;20953969
TRISTANI;MÊ¯CZYZNA;7;20953976
HOP;MÊ¯CZYZNA;7;20953983
YONGSHENG;MÊ¯CZYZNA;7;20953990
ABDELOUAHAB;MÊ¯CZYZNA;7;20953997
I NENGAH;MÊ¯CZYZNA;7;20954004
TOUFIC;MÊ¯CZYZNA;7;20954011
CEBRA?L;MÊ¯CZYZNA;7;20954018
ELHAN;MÊ¯CZYZNA;7;20954025
ASHIR;MÊ¯CZYZNA;7;20954032
DAVIDS;MÊ¯CZYZNA;7;20954039
AINUR;MÊ¯CZYZNA;7;20954046
ELBAI;MÊ¯CZYZNA;7;20954053
KYE;MÊ¯CZYZNA;7;20954060
REYNALD;MÊ¯CZYZNA;7;20954067
ROBBY;MÊ¯CZYZNA;7;20954074
FLAMUR;MÊ¯CZYZNA;7;20954081
TALIANO;MÊ¯CZYZNA;7;20954088
AREF;MÊ¯CZYZNA;7;20954095
BALRAJ;MÊ¯CZYZNA;7;20954102
BAT-ERDENE;MÊ¯CZYZNA;7;20954109
ROMANOZ;MÊ¯CZYZNA;7;20954116
YRYSBEK;MÊ¯CZYZNA;7;20954123
RISHAD;MÊ¯CZYZNA;7;20954130
RAIK;MÊ¯CZYZNA;7;20954137
BATJARGAL;MÊ¯CZYZNA;7;20954144
ABDULSAMET;MÊ¯CZYZNA;7;20954151
BOLOT;MÊ¯CZYZNA;7;20954158
KHABIBULLO;MÊ¯CZYZNA;7;20954165
YANYK;MÊ¯CZYZNA;7;20954172
SIARHEY;MÊ¯CZYZNA;7;20954179
GUNTHER;MÊ¯CZYZNA;7;20954186
JIACHEN;MÊ¯CZYZNA;7;20954193
GÖTZ;MÊ¯CZYZNA;7;20954200
ISSAC;MÊ¯CZYZNA;7;20954207
JAEHONG;MÊ¯CZYZNA;7;20954214
ALLABERDI;MÊ¯CZYZNA;7;20954221
JAEHO;MÊ¯CZYZNA;7;20954228
ANSHUMAN;MÊ¯CZYZNA;7;20954235
KIVANÇ;MÊ¯CZYZNA;7;20954242
LAKPA;MÊ¯CZYZNA;7;20954249
JOWAN;MÊ¯CZYZNA;7;20954256
NIKAS;MÊ¯CZYZNA;7;20954263
MARCELLUS;MÊ¯CZYZNA;7;20954270
FIRMAN;MÊ¯CZYZNA;7;20954277
FILAT;MÊ¯CZYZNA;7;20954284
MD ABDUR;MÊ¯CZYZNA;7;20954291
ANESU;MÊ¯CZYZNA;7;20954298
RIZKY;MÊ¯CZYZNA;7;20954305
BISRAT;MÊ¯CZYZNA;7;20954312
GIORGII;MÊ¯CZYZNA;7;20954319
ILIAZ;MÊ¯CZYZNA;7;20954326
GURBANMYRAT;MÊ¯CZYZNA;7;20954333
BHAKTA;MÊ¯CZYZNA;7;20954340
FELICIAN;MÊ¯CZYZNA;7;20954347
SA?D;MÊ¯CZYZNA;7;20954354
VÃN MINH;MÊ¯CZYZNA;7;20954361
ZHIRAYR;MÊ¯CZYZNA;7;20954368
MI£OGOST;MÊ¯CZYZNA;7;20954375
WENJIE;MÊ¯CZYZNA;7;20954382
ANIK;MÊ¯CZYZNA;7;20954389
ABDURAHIM;MÊ¯CZYZNA;7;20954396
AINARS;MÊ¯CZYZNA;7;20954403
SANZHARBEK;MÊ¯CZYZNA;7;20954410
VERONIKA;MÊ¯CZYZNA;7;20954417
GABI;MÊ¯CZYZNA;7;20954424
INDRAJIT;MÊ¯CZYZNA;7;20954431
FAUST;MÊ¯CZYZNA;7;20954438
MERVAN;MÊ¯CZYZNA;7;20954445
REGIMANTAS;MÊ¯CZYZNA;7;20954452
NAKHID;MÊ¯CZYZNA;7;20954459
MANAN;MÊ¯CZYZNA;7;20954466
BARTHOLOMEUS;MÊ¯CZYZNA;7;20954473
RONNI;MÊ¯CZYZNA;7;20954480
MASIMBA;MÊ¯CZYZNA;7;20954487
NAGESWARA;MÊ¯CZYZNA;7;20954494
PAIG;MÊ¯CZYZNA;7;20954501
MOTEL;MÊ¯CZYZNA;7;20954508
JASSIM;MÊ¯CZYZNA;7;20954515
JEVGENI;MÊ¯CZYZNA;7;20954522
MIRAZIZ;MÊ¯CZYZNA;7;20954529
BON;MÊ¯CZYZNA;7;20954536
EDMUNDAS;MÊ¯CZYZNA;7;20954543
NURADDIN;MÊ¯CZYZNA;7;20954550
KAROLY;MÊ¯CZYZNA;7;20954557
JATINKUMAR;MÊ¯CZYZNA;7;20954564
SIEGMAR;MÊ¯CZYZNA;7;20954571
FAIZAN;MÊ¯CZYZNA;7;20954578
GELDIMYRAT;MÊ¯CZYZNA;7;20954585
JASER;MÊ¯CZYZNA;7;20954592
ROMY;MÊ¯CZYZNA;7;20954599
PIRUZI;MÊ¯CZYZNA;7;20954606
ZAKARIIA;MÊ¯CZYZNA;7;20954613
SEOJIN;MÊ¯CZYZNA;7;20954620
SIVAN;MÊ¯CZYZNA;7;20954627
MIRAÇ;MÊ¯CZYZNA;7;20954634
JASPREET SINGH;MÊ¯CZYZNA;7;20954641
FOUZI;MÊ¯CZYZNA;7;20954648
BAHMAN;MÊ¯CZYZNA;7;20954655
JIHWAN;MÊ¯CZYZNA;7;20954662
AYBEK;MÊ¯CZYZNA;7;20954669
VAN HANH;MÊ¯CZYZNA;7;20954676
KALVIN;MÊ¯CZYZNA;7;20954683
VIRALKUMAR;MÊ¯CZYZNA;7;20954690
TIKARAM;MÊ¯CZYZNA;7;20954697
YASUO;MÊ¯CZYZNA;7;20954704
DAROMIR;MÊ¯CZYZNA;7;20954711
EBIN;MÊ¯CZYZNA;7;20954718
PAN;MÊ¯CZYZNA;7;20954725
VINÍCIUS;MÊ¯CZYZNA;7;20954732
RAMACHANDRAN;MÊ¯CZYZNA;7;20954739
AKHAD;MÊ¯CZYZNA;7;20954746
JOWEL;MÊ¯CZYZNA;7;20954753
NOI;MÊ¯CZYZNA;7;20954760
JUMAMYRAT;MÊ¯CZYZNA;7;20954767
IDRISSA;MÊ¯CZYZNA;7;20954774
JACKOB;MÊ¯CZYZNA;7;20954781
TUGULDUR;MÊ¯CZYZNA;7;20954788
ASSEM;MÊ¯CZYZNA;7;20954795
MHD;MÊ¯CZYZNA;7;20954802
VAN KHANH;MÊ¯CZYZNA;7;20954809
ARUTYUN;MÊ¯CZYZNA;7;20954816
ALLANUR;MÊ¯CZYZNA;7;20954823
REINARD;MÊ¯CZYZNA;7;20954830
ALAMGIR;MÊ¯CZYZNA;7;20954837
TOPIK;MÊ¯CZYZNA;7;20954844
SHEHZAD;MÊ¯CZYZNA;7;20954851
ANNAGELDI;MÊ¯CZYZNA;7;20954858
YEVSTAFII;MÊ¯CZYZNA;7;20954865
ISIDOR;MÊ¯CZYZNA;7;20954872
ARIEN;MÊ¯CZYZNA;7;20954879
CAMILL;MÊ¯CZYZNA;7;20954886
SOHEIL;MÊ¯CZYZNA;7;20954893
GOJKO;MÊ¯CZYZNA;7;20954900
DZHEIKHUN;MÊ¯CZYZNA;7;20954907
HARTMUNT;MÊ¯CZYZNA;7;20954914
MAKHDI;MÊ¯CZYZNA;7;20954921
UZAY;MÊ¯CZYZNA;7;20954928
HARUTO;MÊ¯CZYZNA;7;20954935
NASKO;MÊ¯CZYZNA;7;20954942
TEMURBEK;MÊ¯CZYZNA;7;20954949
KYUNGHO;MÊ¯CZYZNA;7;20954956
FAKHRIDIN;MÊ¯CZYZNA;7;20954963
FARUH;MÊ¯CZYZNA;7;20954970
BAY;MÊ¯CZYZNA;7;20954977
CHAU;MÊ¯CZYZNA;7;20954984
DALERJON;MÊ¯CZYZNA;7;20954991
BOBY;MÊ¯CZYZNA;7;20954998
SHIBA;MÊ¯CZYZNA;7;20955005
MARSELO;MÊ¯CZYZNA;7;20955012
MIJAEL;MÊ¯CZYZNA;7;20955019
RUWIM;MÊ¯CZYZNA;7;20955026
ARINDAM;MÊ¯CZYZNA;7;20955033
SUNGWOO;MÊ¯CZYZNA;7;20955040
PACIFIQUE;MÊ¯CZYZNA;7;20955047
WAHYUDI;MÊ¯CZYZNA;7;20955054
MODESTAS;MÊ¯CZYZNA;7;20955061
MD RAFIQUL;MÊ¯CZYZNA;7;20955068
JERNEJ;MÊ¯CZYZNA;7;20955075
MAHSUN;MÊ¯CZYZNA;7;20955082
KORNÉL;MÊ¯CZYZNA;7;20955089
MARZIO;MÊ¯CZYZNA;7;20955096
LUCIUS;MÊ¯CZYZNA;7;20955103
HERWIG;MÊ¯CZYZNA;7;20955110
CHUL;MÊ¯CZYZNA;7;20955117
NORIO;MÊ¯CZYZNA;7;20955124
ADRIIAN;MÊ¯CZYZNA;7;20955131
ZALIMKHAN;MÊ¯CZYZNA;7;20955138
VENELIN;MÊ¯CZYZNA;7;20955145
BEKARYS;MÊ¯CZYZNA;7;20955152
JASPAL;MÊ¯CZYZNA;7;20955159
DHANESH;MÊ¯CZYZNA;7;20955166
ART?R;MÊ¯CZYZNA;7;20955173
ISO;MÊ¯CZYZNA;7;20955180
HAI NAM;MÊ¯CZYZNA;7;20955187
KUAN;MÊ¯CZYZNA;7;20955194
RACIBOR;MÊ¯CZYZNA;7;20955201
KYRIL;MÊ¯CZYZNA;7;20955208
ILLY;MÊ¯CZYZNA;7;20955215
PHARID;MÊ¯CZYZNA;7;20955222
MERON;MÊ¯CZYZNA;7;20955229
MAKSYMILJAN;MÊ¯CZYZNA;7;20955236
GEORHII;MÊ¯CZYZNA;7;20955243
HMAYAK;MÊ¯CZYZNA;7;20955250
COSTICÃ;MÊ¯CZYZNA;7;20955257
ADILZHAN;MÊ¯CZYZNA;7;20955264
WIAROS£AW;MÊ¯CZYZNA;7;20955271
PONTUS;MÊ¯CZYZNA;7;20955278
LESZARD;MÊ¯CZYZNA;7;20955285
YUBRAJ;MÊ¯CZYZNA;7;20955292
MUKHAMMADZHON;MÊ¯CZYZNA;7;20955299
SANDRINO;MÊ¯CZYZNA;7;20955306
YELAMAN;MÊ¯CZYZNA;7;20955313
MALKEET;MÊ¯CZYZNA;7;20955320
ALIEU;MÊ¯CZYZNA;7;20955327
ÂNGELO;MÊ¯CZYZNA;7;20955334
SOHAN;MÊ¯CZYZNA;7;20955341
CHET;MÊ¯CZYZNA;7;20955348
EKIN;MÊ¯CZYZNA;7;20955355
VANIKO;MÊ¯CZYZNA;7;20955362
KING;MÊ¯CZYZNA;7;20955369
ORIN;MÊ¯CZYZNA;7;20955376
MAYSON;MÊ¯CZYZNA;7;20955383
ELLIS;MÊ¯CZYZNA;7;20955390
ABRACHAM;MÊ¯CZYZNA;7;20955397
MERIÇ;MÊ¯CZYZNA;7;20955404
RAFFI;MÊ¯CZYZNA;7;20955411
DESTAN;MÊ¯CZYZNA;7;20955418
PIERCE;MÊ¯CZYZNA;7;20955425
DICKSON;MÊ¯CZYZNA;7;20955432
VOLDYMYR;MÊ¯CZYZNA;7;20955439
JIAYI;MÊ¯CZYZNA;7;20955446
RISHAT;MÊ¯CZYZNA;7;20955453
KARAS;MÊ¯CZYZNA;7;20955460
STEVO;MÊ¯CZYZNA;7;20955467
PAPA;MÊ¯CZYZNA;7;20955474
SURESH KUMAR;MÊ¯CZYZNA;7;20955481
SREENU;MÊ¯CZYZNA;7;20955488
EIJI;MÊ¯CZYZNA;7;20955495
LAHAV;MÊ¯CZYZNA;7;20955502
EDIZ;MÊ¯CZYZNA;7;20955509
MAMEDOV;MÊ¯CZYZNA;7;20955516
LOAY;MÊ¯CZYZNA;7;20955523
RAMKUMAR;MÊ¯CZYZNA;7;20955530
ÁBEL;MÊ¯CZYZNA;7;20955537
BOHODIR;MÊ¯CZYZNA;7;20955544
VÃN H?;MÊ¯CZYZNA;7;20955551
RIYANTO;MÊ¯CZYZNA;7;20955558
GAIOZI;MÊ¯CZYZNA;7;20955565
REMZ?;MÊ¯CZYZNA;7;20955572
TAKU;MÊ¯CZYZNA;7;20955579
WARDAN;MÊ¯CZYZNA;7;20955586
YOCHAI;MÊ¯CZYZNA;7;20955593
MATYS;MÊ¯CZYZNA;7;20955600
AUGUSTUS;MÊ¯CZYZNA;7;20955607
DARYAN;MÊ¯CZYZNA;7;20955614
ZACHARIJ;MÊ¯CZYZNA;7;20955621
TOBIN;MÊ¯CZYZNA;7;20955628
ENOCK;MÊ¯CZYZNA;7;20955635
ADEKUNLE;MÊ¯CZYZNA;7;20955642
HILEL;MÊ¯CZYZNA;7;20955649
DARA;MÊ¯CZYZNA;7;20955656
CHARY;MÊ¯CZYZNA;7;20955663
SILVIAN;MÊ¯CZYZNA;7;20955670
BHIM BAHADUR;MÊ¯CZYZNA;7;20955677
AKRAMAN;MÊ¯CZYZNA;7;20955684
ZEV;MÊ¯CZYZNA;7;20955691
MASOOD;MÊ¯CZYZNA;7;20955698
SANGHUN;MÊ¯CZYZNA;7;20955705
SIRAJ;MÊ¯CZYZNA;7;20955712
MARIGLEN;MÊ¯CZYZNA;7;20955719
JEONGHUN;MÊ¯CZYZNA;7;20955726
EUGENY;MÊ¯CZYZNA;7;20955733
IDREES;MÊ¯CZYZNA;7;20955740
ARDASHER;MÊ¯CZYZNA;7;20955747
VITAUTAS;MÊ¯CZYZNA;7;20955754
ZORIK;MÊ¯CZYZNA;7;20955761
ILYAN;MÊ¯CZYZNA;7;20955768
YULIN;MÊ¯CZYZNA;7;20955775
MURTAZA;MÊ¯CZYZNA;7;20955782
SARHIS;MÊ¯CZYZNA;7;20955789
STASZEK;MÊ¯CZYZNA;7;20955796
KAVI;MÊ¯CZYZNA;7;20955803
FOUED;MÊ¯CZYZNA;7;20955810
GUENNADI;MÊ¯CZYZNA;7;20955817
MILON;MÊ¯CZYZNA;7;20955824
BERKANT;MÊ¯CZYZNA;7;20955831
BUDDHI;MÊ¯CZYZNA;7;20955838
YA?IZ;MÊ¯CZYZNA;7;20955845
MEINHARD;MÊ¯CZYZNA;7;20955852
ANIT;MÊ¯CZYZNA;7;20955859
DMYTRYI;MÊ¯CZYZNA;7;20955866
YEISON;MÊ¯CZYZNA;7;20955873
HUY HOANG;MÊ¯CZYZNA;7;20955880
SHODIYOR;MÊ¯CZYZNA;7;20955887
YUCHENG;MÊ¯CZYZNA;7;20955894
YAKIR;MÊ¯CZYZNA;7;20955901
ELION;MÊ¯CZYZNA;7;20955908
PRAISE;MÊ¯CZYZNA;7;20955915
OMADBEK;MÊ¯CZYZNA;7;20955922
EETU;MÊ¯CZYZNA;7;20955929
DAGAN;MÊ¯CZYZNA;7;20955936
YALCIN;MÊ¯CZYZNA;7;20955943
ZHEKO;MÊ¯CZYZNA;7;20955950
ZHENYA;MÊ¯CZYZNA;7;20955957
LAIMONAS;MÊ¯CZYZNA;7;20955964
MILADIN;MÊ¯CZYZNA;7;20955971
ABUZAR;MÊ¯CZYZNA;7;20955978
GOFURJON;MÊ¯CZYZNA;7;20955985
LARYSA;MÊ¯CZYZNA;7;20955992
SVIATOHOR;MÊ¯CZYZNA;7;20955999
ZALÁN;MÊ¯CZYZNA;7;20956006
KIRO;MÊ¯CZYZNA;7;20956013
MINHO;MÊ¯CZYZNA;7;20956020
MOUHAMADOU;MÊ¯CZYZNA;7;20956027
MUKHTOR;MÊ¯CZYZNA;7;20956034
ARIUNBOLD;MÊ¯CZYZNA;7;20956041
AKMALKHON;MÊ¯CZYZNA;7;20956048
JORGE LUIS;MÊ¯CZYZNA;7;20956055
ENRIC;MÊ¯CZYZNA;7;20956062
HIPPOLYTE;MÊ¯CZYZNA;7;20956069
WITOMIR;MÊ¯CZYZNA;7;20956076
VINEESH;MÊ¯CZYZNA;7;20956083
LIVIAN;MÊ¯CZYZNA;7;20956090
BRAIN;MÊ¯CZYZNA;7;20956097
DAOUDA;MÊ¯CZYZNA;7;20956104
JAPHET;MÊ¯CZYZNA;7;20956111
MESSAOUD;MÊ¯CZYZNA;7;20956118
DAGIM;MÊ¯CZYZNA;7;20956125
LUQMAN;MÊ¯CZYZNA;7;20956132
VÃN B?NH;MÊ¯CZYZNA;7;20956139
JIANGANG;MÊ¯CZYZNA;7;20956146
GANBOLD;MÊ¯CZYZNA;7;20956153
HÉLDER;MÊ¯CZYZNA;7;20956160
ARJAY;MÊ¯CZYZNA;7;20956167
ANSH;MÊ¯CZYZNA;7;20956174
WILCHELM;MÊ¯CZYZNA;7;20956181
YERACHMIEL;MÊ¯CZYZNA;7;20956188
ILYASS;MÊ¯CZYZNA;7;20956195
LOVA;MÊ¯CZYZNA;7;20956202
SHANNON;MÊ¯CZYZNA;7;20956209
ASIL;MÊ¯CZYZNA;7;20956216
MAT;MÊ¯CZYZNA;7;20956223
XIAOPENG;MÊ¯CZYZNA;7;20956230
YEHIEL;MÊ¯CZYZNA;7;20956237
DUC DUY;MÊ¯CZYZNA;7;20956244
SATISH KUMAR;MÊ¯CZYZNA;7;20956251
MASAAKI;MÊ¯CZYZNA;7;20956258
GERONIMO;MÊ¯CZYZNA;7;20956265
TATUL;MÊ¯CZYZNA;7;20956272
LESTEK;MÊ¯CZYZNA;7;20956279
VAN HUU;MÊ¯CZYZNA;7;20956286
URLICH;MÊ¯CZYZNA;7;20956293
ªEREF;MÊ¯CZYZNA;7;20956300
MURRAY;MÊ¯CZYZNA;7;20956307
WOOYOUNG;MÊ¯CZYZNA;7;20956314
FARDI;MÊ¯CZYZNA;7;20956321
BLAGOVEST;MÊ¯CZYZNA;7;20956328
HERIBERTO;MÊ¯CZYZNA;7;20956335
RODANTE;MÊ¯CZYZNA;7;20956342
MGER;MÊ¯CZYZNA;7;20956349
JASBIR;MÊ¯CZYZNA;7;20956356
RITCHIE;MÊ¯CZYZNA;7;20956363
ZOKIRJON;MÊ¯CZYZNA;7;20956370
BEDIRHAN;MÊ¯CZYZNA;7;20956377
BIKTOR;MÊ¯CZYZNA;7;20956384
GRIFFIN;MÊ¯CZYZNA;7;20956391
SHIJIN;MÊ¯CZYZNA;7;20956398
WISNU;MÊ¯CZYZNA;7;20956405
DIEN;MÊ¯CZYZNA;7;20956412
ZÜLKÜF;MÊ¯CZYZNA;7;20956419
DJAMSHED;MÊ¯CZYZNA;7;20956426
SAJIN;MÊ¯CZYZNA;7;20956433
MD GOLAM;MÊ¯CZYZNA;7;20956440
VOLODYMER;MÊ¯CZYZNA;7;20956447
ASHYR;MÊ¯CZYZNA;7;20956454
RENIEK;MÊ¯CZYZNA;7;20956461
BEHROUZ;MÊ¯CZYZNA;7;20956468
LAVR;MÊ¯CZYZNA;7;20956475
FIRAOL;MÊ¯CZYZNA;7;20956482
ÇET?N;MÊ¯CZYZNA;7;20956489
CAYETANO;MÊ¯CZYZNA;7;20956496
AYYUB;MÊ¯CZYZNA;7;20956503
JUAN CAMILO;MÊ¯CZYZNA;7;20956510
IZIDOR;MÊ¯CZYZNA;7;20956517
LIUDVYH;MÊ¯CZYZNA;7;20956524
HUMPHREY;MÊ¯CZYZNA;7;20956531
ETEM;MÊ¯CZYZNA;7;20956538
KARTIKEY;MÊ¯CZYZNA;7;20956545
JENNIFER;MÊ¯CZYZNA;7;20956552
URIAH;MÊ¯CZYZNA;7;20956559
NATALINO;MÊ¯CZYZNA;7;20956566
SUNGJIN;MÊ¯CZYZNA;7;20956573
MUH;MÊ¯CZYZNA;7;20956580
LIAS;MÊ¯CZYZNA;7;20956587
QUOC DUNG;MÊ¯CZYZNA;7;20956594
TANYARADZWA;MÊ¯CZYZNA;7;20956601
RAMANDEEP;MÊ¯CZYZNA;7;20956608
RIJAD;MÊ¯CZYZNA;7;20956615
SABEUR;MÊ¯CZYZNA;7;20956622
DASHGIN;MÊ¯CZYZNA;7;20956629
ELDHOSE;MÊ¯CZYZNA;7;20956636
NAOUFEL;MÊ¯CZYZNA;7;20956643
HÉLIO;MÊ¯CZYZNA;7;20956650
DZHAMIL;MÊ¯CZYZNA;7;20956657
FRANÇOIS-XAVIER;MÊ¯CZYZNA;7;20956664
NURGAZY;MÊ¯CZYZNA;7;20956671
MUAMER;MÊ¯CZYZNA;7;20956678
JUNYOUNG;MÊ¯CZYZNA;7;20956685
TANAY;MÊ¯CZYZNA;7;20956692
MAGZHAN;MÊ¯CZYZNA;7;20956699
HANS-GEORG;MÊ¯CZYZNA;7;20956706
BASILIO;MÊ¯CZYZNA;7;20956713
MINH HUNG;MÊ¯CZYZNA;7;20956720
MALACHI;MÊ¯CZYZNA;7;20956727
ASTERIOS;MÊ¯CZYZNA;7;20956734
DUC CUONG;MÊ¯CZYZNA;7;20956741
OTTOKAR;MÊ¯CZYZNA;7;20956748
SHPETIM;MÊ¯CZYZNA;7;20956755
KARRI;MÊ¯CZYZNA;7;20956762
ANSSI;MÊ¯CZYZNA;7;20956769
YAKHYOBEK;MÊ¯CZYZNA;7;20956776
TETSUO;MÊ¯CZYZNA;7;20956783
ÇA?DAª;MÊ¯CZYZNA;7;20956790
RANVEER;MÊ¯CZYZNA;7;20956797
SERGIEY;MÊ¯CZYZNA;7;20956804
SEUNGHYEON;MÊ¯CZYZNA;7;20956811
JINO;MÊ¯CZYZNA;7;20956818
KRISHNA BAHADUR;MÊ¯CZYZNA;7;20956825
ROMOLO;MÊ¯CZYZNA;7;20956832
VELERII;MÊ¯CZYZNA;7;20956839
ARTON;MÊ¯CZYZNA;7;20956846
ISIDORE;MÊ¯CZYZNA;7;20956853
KUDRET;MÊ¯CZYZNA;7;20956860
ZAKA;MÊ¯CZYZNA;7;20956867
YONG NAM;MÊ¯CZYZNA;7;20956874
FARKHAT;MÊ¯CZYZNA;7;20956881
EFTHYMIOS;MÊ¯CZYZNA;7;20956888
ATANASIS;MÊ¯CZYZNA;7;20956895
HOSSAMELDIN;MÊ¯CZYZNA;7;20956902
ALADÁR;MÊ¯CZYZNA;7;20956909
D¯AFAR;MÊ¯CZYZNA;7;20956916
ANVARBEK;MÊ¯CZYZNA;7;20956923
MINH HIEU;MÊ¯CZYZNA;7;20956930
JANG;MÊ¯CZYZNA;7;20956937
DAIKI;MÊ¯CZYZNA;7;20956944
ARSLANBEK;MÊ¯CZYZNA;7;20956951
GÜNEª;MÊ¯CZYZNA;7;20956958
XUAN THANH;MÊ¯CZYZNA;7;20956965
ILIES;MÊ¯CZYZNA;7;20956972
CRISTHIAN;MÊ¯CZYZNA;7;20956979
KRYSTSIYAN;MÊ¯CZYZNA;7;20956986
STEPHANUS;MÊ¯CZYZNA;7;20956993
EGILS;MÊ¯CZYZNA;7;20957000
DANIELIUS;MÊ¯CZYZNA;7;20957007
OREL;MÊ¯CZYZNA;7;20957014
NICODEMO;MÊ¯CZYZNA;7;20957021
CESUR;MÊ¯CZYZNA;7;20957028
VÃN HUY;MÊ¯CZYZNA;7;20957035
PAYAM;MÊ¯CZYZNA;7;20957042
RUPAK;MÊ¯CZYZNA;7;20957049
CAESAR;MÊ¯CZYZNA;7;20957056
PEER;MÊ¯CZYZNA;7;20957063
DOMENIK;MÊ¯CZYZNA;7;20957070
EJAZ;MÊ¯CZYZNA;7;20957077
YERIK;MÊ¯CZYZNA;7;20957084
EYUEL;MÊ¯CZYZNA;7;20957091
ZENOBI;MÊ¯CZYZNA;7;20957098
XIAOYONG;MÊ¯CZYZNA;7;20957105
W£ODEK;MÊ¯CZYZNA;7;20957112
GNIEWOMIERZ;MÊ¯CZYZNA;7;20957119
LISANDRO;MÊ¯CZYZNA;7;20957126
RAMAZON;MÊ¯CZYZNA;7;20957133
KAZUHIRO;MÊ¯CZYZNA;7;20957140
NEJAT;MÊ¯CZYZNA;7;20957147
IZHAR;MÊ¯CZYZNA;7;20957154
HOANG LONG;MÊ¯CZYZNA;7;20957161
KAMALJIT;MÊ¯CZYZNA;7;20957168
HUSNAIN;MÊ¯CZYZNA;7;20957175
ALAKSANDR;MÊ¯CZYZNA;7;20957182
LIRIM;MÊ¯CZYZNA;7;20957189
BEZALEL;MÊ¯CZYZNA;7;20957196
MARSELL;MÊ¯CZYZNA;7;20957203
AFSHIN;MÊ¯CZYZNA;7;20957210
UTKUR;MÊ¯CZYZNA;7;20957217
BERTIL;MÊ¯CZYZNA;7;20957224
SLAVOMYR;MÊ¯CZYZNA;7;20957231
JOSUA;MÊ¯CZYZNA;7;20957238
MANMOHAN;MÊ¯CZYZNA;7;20957245
HARI PRASAD;MÊ¯CZYZNA;7;20957252
HILARIO;MÊ¯CZYZNA;7;20957259
XUAN HAI;MÊ¯CZYZNA;7;20957266
NURALY;MÊ¯CZYZNA;7;20957273
NAN;MÊ¯CZYZNA;7;20957280
DAWIDE;MÊ¯CZYZNA;7;20957287
DONGUK;MÊ¯CZYZNA;7;20957294
ANEES;MÊ¯CZYZNA;7;20957301
LUDGARD;MÊ¯CZYZNA;7;20957308
ORJAN;MÊ¯CZYZNA;7;20957315
ERIND;MÊ¯CZYZNA;7;20957322
XIANGYU;MÊ¯CZYZNA;7;20957329
SHEPHERD;MÊ¯CZYZNA;7;20957336
DANEIL;MÊ¯CZYZNA;7;20957343
QUOC CUONG;MÊ¯CZYZNA;7;20957350
BERNIE;MÊ¯CZYZNA;7;20957357
JOSCHUA;MÊ¯CZYZNA;7;20957364
FAZLI;MÊ¯CZYZNA;7;20957371
BOHUMIL;MÊ¯CZYZNA;7;20957378
JAKUP;MÊ¯CZYZNA;7;20957385
BISHNU PRASAD;MÊ¯CZYZNA;7;20957392
JUNYONG;MÊ¯CZYZNA;7;20957399
EAMON;MÊ¯CZYZNA;7;20957406
KRUNAL;MÊ¯CZYZNA;7;20957413
RINKU;MÊ¯CZYZNA;7;20957420
GILDAS;MÊ¯CZYZNA;7;20957427
NIZAN;MÊ¯CZYZNA;7;20957434
D??NG;MÊ¯CZYZNA;7;20957441
REAGAN;MÊ¯CZYZNA;7;20957448
UUGANBAYAR;MÊ¯CZYZNA;7;20957455
DERIK;MÊ¯CZYZNA;7;20957462
KHALIFA;MÊ¯CZYZNA;7;20957469
VITOMIR;MÊ¯CZYZNA;7;20957476
HIORHI;MÊ¯CZYZNA;7;20957483
IRSHAD;MÊ¯CZYZNA;7;20957490
BEGZOD;MÊ¯CZYZNA;7;20957497
TIBERIUS;MÊ¯CZYZNA;7;20957504
ABDELALI;MÊ¯CZYZNA;7;20957511
MANH TUAN;MÊ¯CZYZNA;7;20957518
SIJU;MÊ¯CZYZNA;7;20957525
KAKAMYRAT;MÊ¯CZYZNA;7;20957532
JEVHEN;MÊ¯CZYZNA;7;20957539
SERGIUS;MÊ¯CZYZNA;7;20957546
FARRUKHJON;MÊ¯CZYZNA;7;20957553
SAUD;MÊ¯CZYZNA;7;20957560
PARVEZ;MÊ¯CZYZNA;7;20957567
THANH HUNG;MÊ¯CZYZNA;7;20957574
SIROJ;MÊ¯CZYZNA;7;20957581
KHAERUL;MÊ¯CZYZNA;7;20957588
MIKI;MÊ¯CZYZNA;7;20957595
JINHUA;MÊ¯CZYZNA;7;20957602
PAXTON;MÊ¯CZYZNA;7;20957609
UKTAMJON;MÊ¯CZYZNA;7;20957616
BAHROMJON;MÊ¯CZYZNA;7;20957623
SOHIB;MÊ¯CZYZNA;7;20957630
RIMVYDAS;MÊ¯CZYZNA;7;20957637
TULKINJON;MÊ¯CZYZNA;7;20957644
ZAIR;MÊ¯CZYZNA;7;20957651
VELESLAV;MÊ¯CZYZNA;7;20957658
MURSAL;MÊ¯CZYZNA;7;20957665
ESSA;MÊ¯CZYZNA;7;20957672
VLATKO;MÊ¯CZYZNA;7;20957679
KHISRAV;MÊ¯CZYZNA;7;20957686
LEMI;MÊ¯CZYZNA;7;20957693
SHYNGGYS;MÊ¯CZYZNA;7;20957700
CHINMAY;MÊ¯CZYZNA;7;20957707
JIBRIL;MÊ¯CZYZNA;7;20957714
LORIK;MÊ¯CZYZNA;7;20957721
AGATON;MÊ¯CZYZNA;7;20957728
OTELLO;MÊ¯CZYZNA;7;20957735
?YSTEIN;MÊ¯CZYZNA;7;20957742
KAROMATULLO;MÊ¯CZYZNA;7;20957749
ONKAR;MÊ¯CZYZNA;7;20957756
THANKGOD;MÊ¯CZYZNA;7;20957763
MEKHRALI;MÊ¯CZYZNA;7;20957770
THAMER;MÊ¯CZYZNA;7;20957777
ABDOUL;MÊ¯CZYZNA;7;20957784
THABO;MÊ¯CZYZNA;7;20957791
QUOC DAT;MÊ¯CZYZNA;7;20957798
IFTIKHAR;MÊ¯CZYZNA;7;20957805
KASSEM;MÊ¯CZYZNA;7;20957812
CAGATAY;MÊ¯CZYZNA;7;20957819
MAKSUDBEK;MÊ¯CZYZNA;7;20957826
RUPAT;MÊ¯CZYZNA;7;20957833
VAN CHUNG;MÊ¯CZYZNA;7;20957840
HAK;MÊ¯CZYZNA;7;20957847
YUBARAJ;MÊ¯CZYZNA;7;20957854
MAKSYMIN;MÊ¯CZYZNA;7;20957861
THOMAZ;MÊ¯CZYZNA;7;20957868
HIDAYAT;MÊ¯CZYZNA;7;20957875
SHAHEEN;MÊ¯CZYZNA;7;20957882
GULBAATI;MÊ¯CZYZNA;7;20957889
KARTLOSI;MÊ¯CZYZNA;7;20957896
Ð?NH;MÊ¯CZYZNA;7;20957903
IB;MÊ¯CZYZNA;7;20957910
CONSTANTINOS;MÊ¯CZYZNA;7;20957917
SHO;MÊ¯CZYZNA;7;20957924
KURBONALI;MÊ¯CZYZNA;7;20957931
DANYSLAV;MÊ¯CZYZNA;7;20957938
SHUN;MÊ¯CZYZNA;7;20957945
TAH?R;MÊ¯CZYZNA;7;20957952
MANEESH;MÊ¯CZYZNA;7;20957959
KWANGHO;MÊ¯CZYZNA;7;20957966
RANBIR;MÊ¯CZYZNA;7;20957973
RICHIE;MÊ¯CZYZNA;7;20957980
SAVO;MÊ¯CZYZNA;7;20957987
PRABHJOT;MÊ¯CZYZNA;7;20957994
ARAN;MÊ¯CZYZNA;7;20958001
ORY;MÊ¯CZYZNA;7;20958008
AYTAÇ;MÊ¯CZYZNA;7;20958015
AFTANDIL;MÊ¯CZYZNA;7;20958022
MEHROJ;MÊ¯CZYZNA;7;20958029
MIRZET;MÊ¯CZYZNA;7;20958036
ASSYLBEK;MÊ¯CZYZNA;7;20958043
BADUR;MÊ¯CZYZNA;7;20958050
HARRO;MÊ¯CZYZNA;7;20958057
GIEORGI;MÊ¯CZYZNA;7;20958064
RUDOLPH;MÊ¯CZYZNA;7;20958071
ANGELLO;MÊ¯CZYZNA;7;20958078
IYED;MÊ¯CZYZNA;7;20958085
SAIDJON;MÊ¯CZYZNA;7;20958092
AXL;MÊ¯CZYZNA;7;20958099
VAKIL;MÊ¯CZYZNA;7;20958106
FERAT;MÊ¯CZYZNA;7;20958113
NISHANTH;MÊ¯CZYZNA;7;20958120
PERUN;MÊ¯CZYZNA;7;20958127
ASADULLO;MÊ¯CZYZNA;7;20958134
ZHAKHONGIR;MÊ¯CZYZNA;7;20958141
MYLO;MÊ¯CZYZNA;7;20958148
TERENCJUSZ;MÊ¯CZYZNA;7;20958155
MUHAMMADALI;MÊ¯CZYZNA;7;20958162
NECMETT?N;MÊ¯CZYZNA;7;20958169
ROMUALDO;MÊ¯CZYZNA;7;20958176
LUBO;MÊ¯CZYZNA;7;20958183
LUBOR;MÊ¯CZYZNA;7;20958190
JAYAN;MÊ¯CZYZNA;7;20958197
GIA B?O;MÊ¯CZYZNA;7;20958204
PAVELAS;MÊ¯CZYZNA;7;20958211
AMEEN;MÊ¯CZYZNA;7;20958218
KADEN;MÊ¯CZYZNA;7;20958225
ERNESTO JR.;MÊ¯CZYZNA;7;20958232
RAJDEEP;MÊ¯CZYZNA;7;20958239
SEPPO;MÊ¯CZYZNA;7;20958246
MD SHAHADAT;MÊ¯CZYZNA;7;20958253
HABIBUR;MÊ¯CZYZNA;7;20958260
MORDECHAJ;MÊ¯CZYZNA;7;20958267
YANCHO;MÊ¯CZYZNA;7;20958274
NAJAF;MÊ¯CZYZNA;7;20958281
KOBY;MÊ¯CZYZNA;7;20958288
FRIEDEL;MÊ¯CZYZNA;7;20958295
SUNNATILLO;MÊ¯CZYZNA;7;20958302
MILOUD;MÊ¯CZYZNA;7;20958309
EIMANTAS;MÊ¯CZYZNA;7;20958316
EKKEHARD;MÊ¯CZYZNA;7;20958323
GODSON;MÊ¯CZYZNA;7;20958330
LEJBA;MÊ¯CZYZNA;7;20958337
ZEYU;MÊ¯CZYZNA;7;20958344
MUDASSAR;MÊ¯CZYZNA;7;20958351
CHIRANJEEVI;MÊ¯CZYZNA;7;20958358
BIRGER;MÊ¯CZYZNA;7;20958365
SUK;MÊ¯CZYZNA;7;20958372
HAYATI;MÊ¯CZYZNA;7;20958379
OMRAN;MÊ¯CZYZNA;7;20958386
ZDENKO;MÊ¯CZYZNA;7;20958393
VAN THUY;MÊ¯CZYZNA;7;20958400
SHALIKO;MÊ¯CZYZNA;7;20958407
JONA;MÊ¯CZYZNA;7;20958414
DOSTONJON;MÊ¯CZYZNA;7;20958421
AFFAN;MÊ¯CZYZNA;7;20958428
VAN PHUONG;MÊ¯CZYZNA;7;20958435
SVIETOSLAV;MÊ¯CZYZNA;7;20958442
TEMIRKHAN;MÊ¯CZYZNA;7;20958449
ZHENDONG;MÊ¯CZYZNA;7;20958456
AADI;MÊ¯CZYZNA;7;20958463
NHAT ANH;MÊ¯CZYZNA;7;20958470
TAEYOUNG;MÊ¯CZYZNA;7;20958477
MILUTIN;MÊ¯CZYZNA;7;20958484
HITESHKUMAR;MÊ¯CZYZNA;7;20958491
JAMEEL;MÊ¯CZYZNA;7;20958498
YIFEI;MÊ¯CZYZNA;7;20958505
RAHM?;MÊ¯CZYZNA;7;20958512
SHAKHALI;MÊ¯CZYZNA;7;20958519
ZUHAIR;MÊ¯CZYZNA;7;20958526
KUKURI;MÊ¯CZYZNA;7;20958533
BEHZOD;MÊ¯CZYZNA;7;20958540
RAIF;MÊ¯CZYZNA;7;20958547
FERIDUN;MÊ¯CZYZNA;7;20958554
JONY;MÊ¯CZYZNA;7;20958561
NOY;MÊ¯CZYZNA;7;20958568
TRUNG DUC;MÊ¯CZYZNA;7;20958575
ASHRAFUL;MÊ¯CZYZNA;7;20958582
AMRIK;MÊ¯CZYZNA;7;20958589
ZIYOVIDDIN;MÊ¯CZYZNA;7;20958596
DIMITRIE;MÊ¯CZYZNA;7;20958603
TIMMY;MÊ¯CZYZNA;7;20958610
FARHAT;MÊ¯CZYZNA;7;20958617
YASUYUKI;MÊ¯CZYZNA;7;20958624
GIULIAN;MÊ¯CZYZNA;7;20958631
NIKHILKUMAR;MÊ¯CZYZNA;7;20958638
PARESH;MÊ¯CZYZNA;7;20958645
NIKODYM;MÊ¯CZYZNA;7;20958652
KRISPIN;MÊ¯CZYZNA;7;20958659
MICHELL;MÊ¯CZYZNA;7;20958666
VIEN;MÊ¯CZYZNA;7;20958673
MANISH KUMAR;MÊ¯CZYZNA;7;20958680
SANDRIS;MÊ¯CZYZNA;7;20958687
VAN THIEN;MÊ¯CZYZNA;7;20958694
ABDUKARIM;MÊ¯CZYZNA;7;20958701
KAKAGELDI;MÊ¯CZYZNA;7;20958708
ASEM;MÊ¯CZYZNA;7;20958715
MEVLUT;MÊ¯CZYZNA;7;20958722
FILIMON;MÊ¯CZYZNA;7;20958729
TAICHI;MÊ¯CZYZNA;7;20958736
MEIRAMBEK;MÊ¯CZYZNA;7;20958743
ARUL;MÊ¯CZYZNA;7;20958750
LASLO;MÊ¯CZYZNA;7;20958757
SHU;MÊ¯CZYZNA;7;20958764
OZGUR;MÊ¯CZYZNA;7;20958771
TIO;MÊ¯CZYZNA;7;20958778
ABAYOMI;MÊ¯CZYZNA;7;20958785
ARCADI;MÊ¯CZYZNA;7;20958792
IVER;MÊ¯CZYZNA;7;20958799
JAYDEEP;MÊ¯CZYZNA;7;20958806
MOSZE;MÊ¯CZYZNA;7;20958813
KORIUN;MÊ¯CZYZNA;7;20958820
KUNDAI;MÊ¯CZYZNA;7;20958827
NILAN;MÊ¯CZYZNA;7;20958834
DUY KHÁNH;MÊ¯CZYZNA;7;20958841
AMARO;MÊ¯CZYZNA;7;20958848
KHURSANDBEK;MÊ¯CZYZNA;7;20958855
FARZAD;MÊ¯CZYZNA;7;20958862
KAMOLJON;MÊ¯CZYZNA;7;20958869
NICOLLAS;MÊ¯CZYZNA;7;20958876
KLAS;MÊ¯CZYZNA;7;20958883
BEKZODJON;MÊ¯CZYZNA;7;20958890
OISIN;MÊ¯CZYZNA;7;20958897
KAUSHAL;MÊ¯CZYZNA;7;20958904
FATJON;MÊ¯CZYZNA;7;20958911
MD ABU;MÊ¯CZYZNA;7;20958918
SAKEN;MÊ¯CZYZNA;7;20958925
TOBIA;MÊ¯CZYZNA;7;20958932
GÁSPÁR;MÊ¯CZYZNA;7;20958939
GINTAUT;MÊ¯CZYZNA;7;20958946
VASIPH;MÊ¯CZYZNA;7;20958953
HENNADZI;MÊ¯CZYZNA;7;20958960
GIEORGIOS;MÊ¯CZYZNA;7;20958967
VAN LUONG;MÊ¯CZYZNA;7;20958974
SANGWOO;MÊ¯CZYZNA;7;20958981
IRENEUS;MÊ¯CZYZNA;7;20958988
SARBJIT;MÊ¯CZYZNA;7;20958995
DHRUBA;MÊ¯CZYZNA;7;20959002
SINDRE;MÊ¯CZYZNA;7;20959009
VÃN PHÚC;MÊ¯CZYZNA;7;20959016
SOORAJ;MÊ¯CZYZNA;7;20959023
BERDIMYRAT;MÊ¯CZYZNA;7;20959030
ROIE;MÊ¯CZYZNA;7;20959037
BRATYS£AW;MÊ¯CZYZNA;7;20959044
JIAQI;MÊ¯CZYZNA;7;20959051
PRAVEENKUMAR;MÊ¯CZYZNA;7;20959058
MEVLUDIN;MÊ¯CZYZNA;7;20959065
CADEN;MÊ¯CZYZNA;7;20959072
BEKNAZAR;MÊ¯CZYZNA;7;20959079
JURIJUS;MÊ¯CZYZNA;7;20959086
DÃNUT;MÊ¯CZYZNA;7;20959093
CHIDUBEM;MÊ¯CZYZNA;7;20959100
SUBHI;MÊ¯CZYZNA;7;20959107
MAYIS;MÊ¯CZYZNA;7;20959114
PHAIG;MÊ¯CZYZNA;7;20959121
BINOD KUMAR;MÊ¯CZYZNA;7;20959128
ZHOMART;MÊ¯CZYZNA;7;20959135
YONGFENG;MÊ¯CZYZNA;7;20959142
WEIMING;MÊ¯CZYZNA;7;20959149
SZERGEJ;MÊ¯CZYZNA;7;20959156
TIEN THANH;MÊ¯CZYZNA;7;20959163
PRANJAL;MÊ¯CZYZNA;7;20959170
MINH TRI;MÊ¯CZYZNA;7;20959177
BAKY;MÊ¯CZYZNA;7;20959184
YAROS£AV;MÊ¯CZYZNA;7;20959191
DEEPANSHU;MÊ¯CZYZNA;7;20959198
SAWA;MÊ¯CZYZNA;7;20959205
EULOGIUSZ;MÊ¯CZYZNA;7;20959212
MOKHAMED;MÊ¯CZYZNA;7;20959219
DIVINE;MÊ¯CZYZNA;7;20959226
LÁSZLO;MÊ¯CZYZNA;7;20959233
DONGWOO;MÊ¯CZYZNA;7;20959240
RIZKI;MÊ¯CZYZNA;7;20959247
REM;MÊ¯CZYZNA;7;20959254
VI?T;MÊ¯CZYZNA;7;20959261
YUDI;MÊ¯CZYZNA;7;20959268
DOBROSLAV;MÊ¯CZYZNA;7;20959275
YEZHY;MÊ¯CZYZNA;7;20959282
EYUP;MÊ¯CZYZNA;7;20959289
ALLON;MÊ¯CZYZNA;7;20959296
YASHKUMAR;MÊ¯CZYZNA;7;20959303
HONGYU;MÊ¯CZYZNA;7;20959310
SHAHBOZ;MÊ¯CZYZNA;7;20959317
KASTUS;MÊ¯CZYZNA;7;20959324
ERDOGAN;MÊ¯CZYZNA;7;20959331
EL MAHDI;MÊ¯CZYZNA;7;20959338
ANDIKA;MÊ¯CZYZNA;7;20959345
AMED;MÊ¯CZYZNA;7;20959352
KELIAN;MÊ¯CZYZNA;7;20959359
ABDULHAKIM;MÊ¯CZYZNA;7;20959366
TURKI;MÊ¯CZYZNA;7;20959373
MERGIM;MÊ¯CZYZNA;7;20959380
DHARMESH;MÊ¯CZYZNA;7;20959387
GRADIMIR;MÊ¯CZYZNA;7;20959394
SABIAN;MÊ¯CZYZNA;7;20959401
NAZIRJON;MÊ¯CZYZNA;7;20959408
SRAVAN;MÊ¯CZYZNA;7;20959415
KWANG CHOL;MÊ¯CZYZNA;7;20959422
PERE;MÊ¯CZYZNA;7;20959429
GUSTAF;MÊ¯CZYZNA;7;20959436
ABDIASZ;MÊ¯CZYZNA;7;20959443
IMANOL;MÊ¯CZYZNA;7;20959450
LOI;MÊ¯CZYZNA;7;20959457
STAMATIS;MÊ¯CZYZNA;7;20959464
NURLYBEK;MÊ¯CZYZNA;7;20959471
JABER;MÊ¯CZYZNA;7;20959478
SURIK;MÊ¯CZYZNA;7;20959485
QAISER;MÊ¯CZYZNA;7;20959492
DALJIT;MÊ¯CZYZNA;7;20959499
ARYEH;MÊ¯CZYZNA;7;20959506
NICEFOR;MÊ¯CZYZNA;7;20959513
ALIF;MÊ¯CZYZNA;7;20959520
SARWAR;MÊ¯CZYZNA;7;20959527
DYMITRY;MÊ¯CZYZNA;7;20959534
WEIWEI;MÊ¯CZYZNA;7;20959541
PRATIKKUMAR;MÊ¯CZYZNA;7;20959548
ALIEKSIEI;MÊ¯CZYZNA;7;20959555
MARDAN;MÊ¯CZYZNA;7;20959562
GEIDAR;MÊ¯CZYZNA;7;20959569
PANAH;MÊ¯CZYZNA;7;20959576
BALJIT;MÊ¯CZYZNA;7;20959583
GLAUCO;MÊ¯CZYZNA;7;20959590
AFEK;MÊ¯CZYZNA;7;20959597
MUKHAMMADYUSUF;MÊ¯CZYZNA;7;20959604
VIRGILIO;MÊ¯CZYZNA;7;20959611
KASYM;MÊ¯CZYZNA;7;20959618
KALISTRATE;MÊ¯CZYZNA;7;20959625
MEHEDI;MÊ¯CZYZNA;7;20959632
HOD;MÊ¯CZYZNA;7;20959639
KRYTOF;MÊ¯CZYZNA;7;20959646
ROMI;MÊ¯CZYZNA;7;20959653
TAIM;MÊ¯CZYZNA;7;20959660
WADZIM;MÊ¯CZYZNA;7;20959667
TOSIN;MÊ¯CZYZNA;7;20959674
JANIK;MÊ¯CZYZNA;7;20959681
YELDAR;MÊ¯CZYZNA;7;20959688
NISAR;MÊ¯CZYZNA;7;20959695
DUY LINH;MÊ¯CZYZNA;7;20959702
SHAKO;MÊ¯CZYZNA;7;20959709
SOULEYMANE;MÊ¯CZYZNA;7;20959716
KOSTANTINE;MÊ¯CZYZNA;7;20959723
BISHWAS;MÊ¯CZYZNA;7;20959730
THEODOOR;MÊ¯CZYZNA;7;20959737
NAOYUKI;MÊ¯CZYZNA;7;20959744
SPIRYDION;MÊ¯CZYZNA;7;20959751
LINDSAY;MÊ¯CZYZNA;7;20959758
ASHISHKUMAR;MÊ¯CZYZNA;7;20959765
HILLARY;MÊ¯CZYZNA;7;20959772
TAKAO;MÊ¯CZYZNA;7;20959779
ERGASH;MÊ¯CZYZNA;7;20959786
MOAMEN;MÊ¯CZYZNA;7;20959793
ZELIG;MÊ¯CZYZNA;7;20959800
YONGPING;MÊ¯CZYZNA;7;20959807
P£AMEN;MÊ¯CZYZNA;7;20959814
SAMIL;MÊ¯CZYZNA;7;20959821
KHIKMATILLO;MÊ¯CZYZNA;7;20959828
ANDZELO;MÊ¯CZYZNA;7;20959835
VALENTÍN;MÊ¯CZYZNA;7;20959842
TURSUN;MÊ¯CZYZNA;7;20959849
CHIGOZIE;MÊ¯CZYZNA;7;20959856
LIYONG;MÊ¯CZYZNA;7;20959863
BATIR;MÊ¯CZYZNA;7;20959870
NOSIR;MÊ¯CZYZNA;7;20959877
LIJUN;MÊ¯CZYZNA;7;20959884
HASSO;MÊ¯CZYZNA;7;20959891
RACHMIL;MÊ¯CZYZNA;7;20959898
DEMETRIO;MÊ¯CZYZNA;7;20959905
AKHMEDOV;MÊ¯CZYZNA;7;20959912
ALFREDO JR.;MÊ¯CZYZNA;7;20959919
MAHAMMADALI;MÊ¯CZYZNA;7;20959926
EITAM;MÊ¯CZYZNA;7;20959933
WIENCZYS£AW;MÊ¯CZYZNA;7;20959940
DERIN;MÊ¯CZYZNA;7;20959947
AUGUSTINAS;MÊ¯CZYZNA;7;20959954
LEONIDE;MÊ¯CZYZNA;7;20959961
ÁNGEL;MÊ¯CZYZNA;7;20959968
PHILIPPOS;MÊ¯CZYZNA;7;20959975
MANINDER;MÊ¯CZYZNA;7;20959982
AFANASI;MÊ¯CZYZNA;7;20959989
GUOHUA;MÊ¯CZYZNA;7;20959996
NAZARIO;MÊ¯CZYZNA;7;20960003
COEN;MÊ¯CZYZNA;7;20960010
MARKAS;MÊ¯CZYZNA;7;20960017
ISMAILA;MÊ¯CZYZNA;7;20960024
ODISEI;MÊ¯CZYZNA;7;20960031
PEJSACH;MÊ¯CZYZNA;7;20960038
AKHTAR;MÊ¯CZYZNA;7;20960045
DWIGHT;MÊ¯CZYZNA;7;20960052
SJOERD;MÊ¯CZYZNA;7;20960059
YOHANN;MÊ¯CZYZNA;7;20960066
LOCHINBEK;MÊ¯CZYZNA;7;20960073
URIY;MÊ¯CZYZNA;7;20960080
REINIS;MÊ¯CZYZNA;7;20960087
MUSTAPA;MÊ¯CZYZNA;7;20960094
EMANOIL;MÊ¯CZYZNA;7;20960101
SEOK;MÊ¯CZYZNA;7;20960108
YIPING;MÊ¯CZYZNA;7;20960115
FIRUDIN;MÊ¯CZYZNA;7;20960122
FAYSAL;MÊ¯CZYZNA;7;20960129
MICHELLE;MÊ¯CZYZNA;7;20960136
CHAMINDA;MÊ¯CZYZNA;7;20960143
AMITH;MÊ¯CZYZNA;7;20960150
MAHIPAL;MÊ¯CZYZNA;7;20960157
VASSIL;MÊ¯CZYZNA;7;20960164
ANZHEI;MÊ¯CZYZNA;7;20960171
ILLAY;MÊ¯CZYZNA;7;20960178
ISAIA;MÊ¯CZYZNA;7;20960185
SEPEHR;MÊ¯CZYZNA;7;20960192
ELIAM;MÊ¯CZYZNA;7;20960199
GOBINDA;MÊ¯CZYZNA;7;20960206
YLHAM;MÊ¯CZYZNA;7;20960213
WANDALIN;MÊ¯CZYZNA;7;20960220
CHANDER;MÊ¯CZYZNA;7;20960227
HALED;MÊ¯CZYZNA;7;20960234
GHOLAMREZA;MÊ¯CZYZNA;7;20960241
SANGAM;MÊ¯CZYZNA;7;20960248
ARIJIT;MÊ¯CZYZNA;7;20960255
LAYTH;MÊ¯CZYZNA;7;20960262
DOMENIC;MÊ¯CZYZNA;7;20960269
FIRDAVSI;MÊ¯CZYZNA;7;20960276
H?NG;MÊ¯CZYZNA;7;20960283
GERASIMOS;MÊ¯CZYZNA;7;20960290
MYROS£AW;MÊ¯CZYZNA;7;20960297
ISAI;MÊ¯CZYZNA;7;20960304
ALASDAIR;MÊ¯CZYZNA;7;20960311
PHUONG NAM;MÊ¯CZYZNA;7;20960318
ANEL;MÊ¯CZYZNA;7;20960325
OLEKSANDRA;MÊ¯CZYZNA;7;20960332
EBUBEKIR;MÊ¯CZYZNA;7;20960339
JURE;MÊ¯CZYZNA;7;20960346
YOHANES;MÊ¯CZYZNA;7;20960353
KOENRAAD;MÊ¯CZYZNA;7;20960360
KONSTYANTIN;MÊ¯CZYZNA;7;20960367
AQEEL;MÊ¯CZYZNA;7;20960374
VIACESLAV;MÊ¯CZYZNA;7;20960381
LAXMI;MÊ¯CZYZNA;7;20960388
BEGMYRAT;MÊ¯CZYZNA;7;20960395
TOME;MÊ¯CZYZNA;7;20960402
WILKOMIR;MÊ¯CZYZNA;7;20960409
OLUWASEUN;MÊ¯CZYZNA;7;20960416
NÁNDOR;MÊ¯CZYZNA;7;20960423
TEMEL;MÊ¯CZYZNA;7;20960430
MAKSYM-IVAN;MÊ¯CZYZNA;7;20960437
MATWEJ;MÊ¯CZYZNA;7;20960444
DYZMAN;MÊ¯CZYZNA;7;20960451
ZAHARIA;MÊ¯CZYZNA;7;20960458
SEIF;MÊ¯CZYZNA;7;20960465
MIRKOMIL;MÊ¯CZYZNA;7;20960472
AYLAN;MÊ¯CZYZNA;7;20960479
BEKAR;MÊ¯CZYZNA;7;20960486
NGOC TUAN;MÊ¯CZYZNA;7;20960493
BILLEL;MÊ¯CZYZNA;7;20960500
NAR BAHADUR;MÊ¯CZYZNA;7;20960507
JARLE;MÊ¯CZYZNA;7;20960514
RUTGER;MÊ¯CZYZNA;7;20960521
UFFE;MÊ¯CZYZNA;7;20960528
ANDON;MÊ¯CZYZNA;7;20960535
TSOLAK;MÊ¯CZYZNA;7;20960542
LAKHWINDER;MÊ¯CZYZNA;7;20960549
PAULOS;MÊ¯CZYZNA;7;20960556
TARSYCJUSZ;MÊ¯CZYZNA;7;20960563
ANTOON;MÊ¯CZYZNA;7;20960570
SEVERIANE;MÊ¯CZYZNA;7;20960577
HEORH;MÊ¯CZYZNA;7;20960584
NURADIL;MÊ¯CZYZNA;7;20960591
AMIRAKH;MÊ¯CZYZNA;7;20960598
ANGGA;MÊ¯CZYZNA;7;20960605
KONSTANCJUSZ;MÊ¯CZYZNA;7;20960612
GASIM;MÊ¯CZYZNA;7;20960619
VICTORIO;MÊ¯CZYZNA;7;20960626
OLUMIDE;MÊ¯CZYZNA;7;20960633
BRATUMI£;MÊ¯CZYZNA;7;20960640
KAJAN;MÊ¯CZYZNA;7;20960647
MUJAHID;MÊ¯CZYZNA;7;20960654
AGABEK;MÊ¯CZYZNA;7;20960661
ANDRONIK;MÊ¯CZYZNA;7;20960668
KONSTANTINS;MÊ¯CZYZNA;7;20960675
HAJIME;MÊ¯CZYZNA;7;20960682
JAAN;MÊ¯CZYZNA;7;20960689
JAYKUMAR;MÊ¯CZYZNA;7;20960696
ONYEKA;MÊ¯CZYZNA;7;20960703
HAOJIE;MÊ¯CZYZNA;7;20960710
JOHANES;MÊ¯CZYZNA;7;20960717
ALECK;MÊ¯CZYZNA;7;20960724
HENDRYK;MÊ¯CZYZNA;7;20960731
NABARAJ;MÊ¯CZYZNA;7;20960738
SAIMIR;MÊ¯CZYZNA;7;20960745
MAROUEN;MÊ¯CZYZNA;7;20960752
DANYA;MÊ¯CZYZNA;7;20960759
DYMITRII;MÊ¯CZYZNA;7;20960766
SOON;MÊ¯CZYZNA;7;20960773
AYO;MÊ¯CZYZNA;7;20960780
KENTA;MÊ¯CZYZNA;7;20960787
BERNARDY;MÊ¯CZYZNA;7;20960794
FADHEL;MÊ¯CZYZNA;7;20960801
ROBIZONI;MÊ¯CZYZNA;7;20960808
MOHAMMADHOSSEIN;MÊ¯CZYZNA;7;20960815
TRAFIM;MÊ¯CZYZNA;7;20960822
VASSILIOS;MÊ¯CZYZNA;7;20960829
IBROHIMJON;MÊ¯CZYZNA;7;20960836
ANANIASZ;MÊ¯CZYZNA;7;20960843
MASAYA;MÊ¯CZYZNA;7;20960850
RAZI;MÊ¯CZYZNA;7;20960857
OLEKSADR;MÊ¯CZYZNA;7;20960864
REINHARDT;MÊ¯CZYZNA;7;20960871
PASI;MÊ¯CZYZNA;7;20960878
SANTANU;MÊ¯CZYZNA;7;20960885
BEIBIT;MÊ¯CZYZNA;7;20960892
PHASHA;MÊ¯CZYZNA;7;20960899
SANU;MÊ¯CZYZNA;7;20960906
ASHAB;MÊ¯CZYZNA;7;20960913
ASMAN;MÊ¯CZYZNA;7;20960920
IKA;MÊ¯CZYZNA;7;20960927
YOUSSOUF;MÊ¯CZYZNA;7;20960934
YUHANG;MÊ¯CZYZNA;7;20960941
TIMOTEJ;MÊ¯CZYZNA;7;20960948
MEROUANE;MÊ¯CZYZNA;7;20960955
SAHEED;MÊ¯CZYZNA;7;20960962
ISHTIAQ;MÊ¯CZYZNA;7;20960969
BHANU;MÊ¯CZYZNA;7;20960976
SINO;MÊ¯CZYZNA;7;20960983
TADHG;MÊ¯CZYZNA;7;20960990
EFREN;MÊ¯CZYZNA;7;20960997
DEVINDER;MÊ¯CZYZNA;7;20961004
GE;MÊ¯CZYZNA;7;20961011
DEEPENDRA;MÊ¯CZYZNA;6;20961017
TROELS;MÊ¯CZYZNA;6;20961023
GERASIM;MÊ¯CZYZNA;6;20961029
ABDULLA AL;MÊ¯CZYZNA;6;20961035
CECILIO;MÊ¯CZYZNA;6;20961041
ARION;MÊ¯CZYZNA;6;20961047
UMARALI;MÊ¯CZYZNA;6;20961053
MAGNE;MÊ¯CZYZNA;6;20961059
GRANIT;MÊ¯CZYZNA;6;20961065
AFANAZY;MÊ¯CZYZNA;6;20961071
BRAYDEN;MÊ¯CZYZNA;6;20961077
TAUTVYDAS;MÊ¯CZYZNA;6;20961083
JAEYOON;MÊ¯CZYZNA;6;20961089
YUXUAN;MÊ¯CZYZNA;6;20961095
PETERS;MÊ¯CZYZNA;6;20961101
KANATBEK;MÊ¯CZYZNA;6;20961107
MUNISH;MÊ¯CZYZNA;6;20961113
KUNDAN;MÊ¯CZYZNA;6;20961119
APOLON;MÊ¯CZYZNA;6;20961125
AKBARALI;MÊ¯CZYZNA;6;20961131
DRAGOSZ;MÊ¯CZYZNA;6;20961137
YOCHANAN;MÊ¯CZYZNA;6;20961143
KAAMIL;MÊ¯CZYZNA;6;20961149
IHORS;MÊ¯CZYZNA;6;20961155
DUC THANH;MÊ¯CZYZNA;6;20961161
RAFIQ;MÊ¯CZYZNA;6;20961167
PIERRE-MARIE;MÊ¯CZYZNA;6;20961173
IZZATULLO;MÊ¯CZYZNA;6;20961179
YAFREM;MÊ¯CZYZNA;6;20961185
EIKE;MÊ¯CZYZNA;6;20961191
VAN THUAN;MÊ¯CZYZNA;6;20961197
KEITA;MÊ¯CZYZNA;6;20961203
MAULIKKUMAR;MÊ¯CZYZNA;6;20961209
VINEETH;MÊ¯CZYZNA;6;20961215
ANH KHOA;MÊ¯CZYZNA;6;20961221
ABDUL-KERIM;MÊ¯CZYZNA;6;20961227
ÓSKAR;MÊ¯CZYZNA;6;20961233
DJIBRIL;MÊ¯CZYZNA;6;20961239
KARMAN;MÊ¯CZYZNA;6;20961245
CHRISTOPER;MÊ¯CZYZNA;6;20961251
AKASHDEEP;MÊ¯CZYZNA;6;20961257
SUHAIB;MÊ¯CZYZNA;6;20961263
AQIB;MÊ¯CZYZNA;6;20961269
VEER;MÊ¯CZYZNA;6;20961275
HIROKAZU;MÊ¯CZYZNA;6;20961281
YIPENG;MÊ¯CZYZNA;6;20961287
SATHISH KUMAR;MÊ¯CZYZNA;6;20961293
PHARMAN;MÊ¯CZYZNA;6;20961299
HARIJS;MÊ¯CZYZNA;6;20961305
JHONATHAN;MÊ¯CZYZNA;6;20961311
ILJAS;MÊ¯CZYZNA;6;20961317
SAWAS;MÊ¯CZYZNA;6;20961323
KJELD;MÊ¯CZYZNA;6;20961329
NAFIS;MÊ¯CZYZNA;6;20961335
SIARHIEJ;MÊ¯CZYZNA;6;20961341
CLAYTON;MÊ¯CZYZNA;6;20961347
SABI;MÊ¯CZYZNA;6;20961353
ZEK?;MÊ¯CZYZNA;6;20961359
ESAM;MÊ¯CZYZNA;6;20961365
SANDEEP SINGH;MÊ¯CZYZNA;6;20961371
SHAKHOBIDDIN;MÊ¯CZYZNA;6;20961377
JIHAN;MÊ¯CZYZNA;6;20961383
ZANDER;MÊ¯CZYZNA;6;20961389
OTAJON;MÊ¯CZYZNA;6;20961395
SODIK;MÊ¯CZYZNA;6;20961401
ANATOLLI;MÊ¯CZYZNA;6;20961407
RACHED;MÊ¯CZYZNA;6;20961413
ANH D?NG;MÊ¯CZYZNA;6;20961419
WALTHER;MÊ¯CZYZNA;6;20961425
OTAVIO;MÊ¯CZYZNA;6;20961431
MAHMUDJON;MÊ¯CZYZNA;6;20961437
ANASTASII;MÊ¯CZYZNA;6;20961443
PRADEEP KUMAR;MÊ¯CZYZNA;6;20961449
BALDUR;MÊ¯CZYZNA;6;20961455
GALI;MÊ¯CZYZNA;6;20961461
IHLAS;MÊ¯CZYZNA;6;20961467
MARON;MÊ¯CZYZNA;6;20961473
HONG HAI;MÊ¯CZYZNA;6;20961479
PIERRE-YVES;MÊ¯CZYZNA;6;20961485
ANTONIO JR.;MÊ¯CZYZNA;6;20961491
KHAMDAM;MÊ¯CZYZNA;6;20961497
MANAV;MÊ¯CZYZNA;6;20961503
IKHTIYAR;MÊ¯CZYZNA;6;20961509
MYKOLAS;MÊ¯CZYZNA;6;20961515
MD NURUL;MÊ¯CZYZNA;6;20961521
MEBIN;MÊ¯CZYZNA;6;20961527
ARTTU;MÊ¯CZYZNA;6;20961533
VIJAYA;MÊ¯CZYZNA;6;20961539
MAHBUB;MÊ¯CZYZNA;6;20961545
NAUFAL;MÊ¯CZYZNA;6;20961551
KLIMENTI;MÊ¯CZYZNA;6;20961557
RETT;MÊ¯CZYZNA;6;20961563
HONGMIN;MÊ¯CZYZNA;6;20961569
VAHAP;MÊ¯CZYZNA;6;20961575
SEGUN;MÊ¯CZYZNA;6;20961581
CALIN;MÊ¯CZYZNA;6;20961587
MIRSHOD;MÊ¯CZYZNA;6;20961593
SURIYA;MÊ¯CZYZNA;6;20961599
M?RAÇ;MÊ¯CZYZNA;6;20961605
ALLANAZAR;MÊ¯CZYZNA;6;20961611
CHARYYAR;MÊ¯CZYZNA;6;20961617
YANISLAU;MÊ¯CZYZNA;6;20961623
ASIPH;MÊ¯CZYZNA;6;20961629
ADMIRE;MÊ¯CZYZNA;6;20961635
GABIN;MÊ¯CZYZNA;6;20961641
THOM;MÊ¯CZYZNA;6;20961647
SRINATH;MÊ¯CZYZNA;6;20961653
BOLDBAATAR;MÊ¯CZYZNA;6;20961659
SHREYANSH;MÊ¯CZYZNA;6;20961665
INTI;MÊ¯CZYZNA;6;20961671
MANRAJ;MÊ¯CZYZNA;6;20961677
AJAN;MÊ¯CZYZNA;6;20961683
ISHAQ;MÊ¯CZYZNA;6;20961689
IEVGENIY;MÊ¯CZYZNA;6;20961695
RAMCHANDRA;MÊ¯CZYZNA;6;20961701
UMARBEK;MÊ¯CZYZNA;6;20961707
WIROS£AW;MÊ¯CZYZNA;6;20961713
ALIJA;MÊ¯CZYZNA;6;20961719
CHANGHO;MÊ¯CZYZNA;6;20961725
OLAWALE;MÊ¯CZYZNA;6;20961731
SOFIIA;MÊ¯CZYZNA;6;20961737
RAPHIK;MÊ¯CZYZNA;6;20961743
FORREST;MÊ¯CZYZNA;6;20961749
NIHAL;MÊ¯CZYZNA;6;20961755
DYMITRYS;MÊ¯CZYZNA;6;20961761
ROAN;MÊ¯CZYZNA;6;20961767
MD OMAR;MÊ¯CZYZNA;6;20961773
SÖNKE;MÊ¯CZYZNA;6;20961779
VALERIK;MÊ¯CZYZNA;6;20961785
ABDUL-RAKHIM;MÊ¯CZYZNA;6;20961791
KADYR;MÊ¯CZYZNA;6;20961797
ZUFAR;MÊ¯CZYZNA;6;20961803
SARO;MÊ¯CZYZNA;6;20961809
GETACHEW;MÊ¯CZYZNA;6;20961815
ARDEN;MÊ¯CZYZNA;6;20961821
BABAMURAT;MÊ¯CZYZNA;6;20961827
TSVI;MÊ¯CZYZNA;6;20961833
SYAM;MÊ¯CZYZNA;6;20961839
WOO;MÊ¯CZYZNA;6;20961845
HAIPING;MÊ¯CZYZNA;6;20961851
CHARILAOS;MÊ¯CZYZNA;6;20961857
ROBI;MÊ¯CZYZNA;6;20961863
YEHIA;MÊ¯CZYZNA;6;20961869
GONI;MÊ¯CZYZNA;6;20961875
RAHULKUMAR;MÊ¯CZYZNA;6;20961881
REZVAN;MÊ¯CZYZNA;6;20961887
EMON;MÊ¯CZYZNA;6;20961893
WEILIANG;MÊ¯CZYZNA;6;20961899
ZANA;MÊ¯CZYZNA;6;20961905
JIGNESHKUMAR;MÊ¯CZYZNA;6;20961911
MAXMILIÁN;MÊ¯CZYZNA;6;20961917
SURAJIT;MÊ¯CZYZNA;6;20961923
¯ELJKO;MÊ¯CZYZNA;6;20961929
TAPAS;MÊ¯CZYZNA;6;20961935
SAILESH;MÊ¯CZYZNA;6;20961941
TITE;MÊ¯CZYZNA;6;20961947
TAKANORI;MÊ¯CZYZNA;6;20961953
MATWEY;MÊ¯CZYZNA;6;20961959
ELIAZAR;MÊ¯CZYZNA;6;20961965
HYUNSOO;MÊ¯CZYZNA;6;20961971
ANDREJA;MÊ¯CZYZNA;6;20961977
JO?O CARLOS;MÊ¯CZYZNA;6;20961983
QU?C TU?N;MÊ¯CZYZNA;6;20961989
THEOFANIS;MÊ¯CZYZNA;6;20961995
ERSOY;MÊ¯CZYZNA;6;20962001
BEHAR;MÊ¯CZYZNA;6;20962007
GIREESH;MÊ¯CZYZNA;6;20962013
ALAAELDIN;MÊ¯CZYZNA;6;20962019
RIJO;MÊ¯CZYZNA;6;20962025
JEAN PAUL;MÊ¯CZYZNA;6;20962031
KYRY£;MÊ¯CZYZNA;6;20962037
LADISLAO;MÊ¯CZYZNA;6;20962043
AMANTUR;MÊ¯CZYZNA;6;20962049
JAXSON;MÊ¯CZYZNA;6;20962055
XUAN TUNG;MÊ¯CZYZNA;6;20962061
SHERIN;MÊ¯CZYZNA;6;20962067
GIERMAN;MÊ¯CZYZNA;6;20962073
ABBOSKHON;MÊ¯CZYZNA;6;20962079
OLAYINKA;MÊ¯CZYZNA;6;20962085
BILYK;MÊ¯CZYZNA;6;20962091
LUCHEZAR;MÊ¯CZYZNA;6;20962097
GENADIJS;MÊ¯CZYZNA;6;20962103
ABDUSATTOR;MÊ¯CZYZNA;6;20962109
BER;MÊ¯CZYZNA;6;20962115
YUJUN;MÊ¯CZYZNA;6;20962121
MITESHKUMAR;MÊ¯CZYZNA;6;20962127
KOLIA;MÊ¯CZYZNA;6;20962133
CHRYSOSTOMOS;MÊ¯CZYZNA;6;20962139
RACHWA£;MÊ¯CZYZNA;6;20962145
HUSAIN;MÊ¯CZYZNA;6;20962151
AMGAD;MÊ¯CZYZNA;6;20962157
NASIMJON;MÊ¯CZYZNA;6;20962163
ASSYLZHAN;MÊ¯CZYZNA;6;20962169
WSEWOLOD;MÊ¯CZYZNA;6;20962175
MATTHIJS;MÊ¯CZYZNA;6;20962181
SUNNATILLA;MÊ¯CZYZNA;6;20962187
LEJZER;MÊ¯CZYZNA;6;20962193
ALWID;MÊ¯CZYZNA;6;20962199
MAAZ;MÊ¯CZYZNA;6;20962205
TRUNG KI?N;MÊ¯CZYZNA;6;20962211
ELÍAS;MÊ¯CZYZNA;6;20962217
GÜNEY;MÊ¯CZYZNA;6;20962223
QILONG;MÊ¯CZYZNA;6;20962229
AVDII;MÊ¯CZYZNA;6;20962235
N?ZAMETT?N;MÊ¯CZYZNA;6;20962241
DARRAGH;MÊ¯CZYZNA;6;20962247
ELVIO;MÊ¯CZYZNA;6;20962253
AREND;MÊ¯CZYZNA;6;20962259
TEVDORE;MÊ¯CZYZNA;6;20962265
ECKEHARD;MÊ¯CZYZNA;6;20962271
TIVADAR;MÊ¯CZYZNA;6;20962277
OLEGAS;MÊ¯CZYZNA;6;20962283
SEUNGCHEOL;MÊ¯CZYZNA;6;20962289
REMIK;MÊ¯CZYZNA;6;20962295
TR?N;MÊ¯CZYZNA;6;20962301
MARIK;MÊ¯CZYZNA;6;20962307
SOURABH;MÊ¯CZYZNA;6;20962313
APPARAO;MÊ¯CZYZNA;6;20962319
PIERS;MÊ¯CZYZNA;6;20962325
ZENO;MÊ¯CZYZNA;6;20962331
CHANDRA BAHADUR;MÊ¯CZYZNA;6;20962337
ALIAR;MÊ¯CZYZNA;6;20962343
JUMAKHON;MÊ¯CZYZNA;6;20962349
SELAM;MÊ¯CZYZNA;6;20962355
ZHIHUA;MÊ¯CZYZNA;6;20962361
LOTAN;MÊ¯CZYZNA;6;20962367
LUÍS MIGUEL;MÊ¯CZYZNA;6;20962373
HONORE;MÊ¯CZYZNA;6;20962379
HIROFUMI;MÊ¯CZYZNA;6;20962385
ZHIHUI;MÊ¯CZYZNA;6;20962391
ALIMZHAN;MÊ¯CZYZNA;6;20962397
MOHAMED EL AMINE;MÊ¯CZYZNA;6;20962403
GIYOSIDDIN;MÊ¯CZYZNA;6;20962409
KSHITIZ;MÊ¯CZYZNA;6;20962415
DALIER;MÊ¯CZYZNA;6;20962421
O?ULCAN;MÊ¯CZYZNA;6;20962427
VIVIEN;MÊ¯CZYZNA;6;20962433
WEIZHONG;MÊ¯CZYZNA;6;20962439
NEDZHATIN;MÊ¯CZYZNA;6;20962445
ANTONIY;MÊ¯CZYZNA;6;20962451
WOUT;MÊ¯CZYZNA;6;20962457
SALAKH;MÊ¯CZYZNA;6;20962463
JULJAN;MÊ¯CZYZNA;6;20962469
GIA H?NG;MÊ¯CZYZNA;6;20962475
VITAUT;MÊ¯CZYZNA;6;20962481
BIJEESH;MÊ¯CZYZNA;6;20962487
NOBUHIRO;MÊ¯CZYZNA;6;20962493
WILFRID;MÊ¯CZYZNA;6;20962499
FABRYCJO;MÊ¯CZYZNA;6;20962505
MAARIF;MÊ¯CZYZNA;6;20962511
WISAM;MÊ¯CZYZNA;6;20962517
ANAN;MÊ¯CZYZNA;6;20962523
DALIUS;MÊ¯CZYZNA;6;20962529
SANGHYUN;MÊ¯CZYZNA;6;20962535
KHUSHNUDBEK;MÊ¯CZYZNA;6;20962541
GUOFU;MÊ¯CZYZNA;6;20962547
ONNO;MÊ¯CZYZNA;6;20962553
OLLE;MÊ¯CZYZNA;6;20962559
BAUDIN;MÊ¯CZYZNA;6;20962565
TAEYANG;MÊ¯CZYZNA;6;20962571
ABDUKHALIL;MÊ¯CZYZNA;6;20962577
MARCHEL;MÊ¯CZYZNA;6;20962583
BENIA;MÊ¯CZYZNA;6;20962589
JAMIN;MÊ¯CZYZNA;6;20962595
ERON;MÊ¯CZYZNA;6;20962601
MAHBUBUR;MÊ¯CZYZNA;6;20962607
ABOUBACAR;MÊ¯CZYZNA;6;20962613
MAXX;MÊ¯CZYZNA;6;20962619
NHU;MÊ¯CZYZNA;6;20962625
KLEMEN;MÊ¯CZYZNA;6;20962631
COOPER;MÊ¯CZYZNA;6;20962637
MANPREET SINGH;MÊ¯CZYZNA;6;20962643
HARWINDER;MÊ¯CZYZNA;6;20962649
EL SAYED;MÊ¯CZYZNA;6;20962655
YOSHIO;MÊ¯CZYZNA;6;20962661
DICKY;MÊ¯CZYZNA;6;20962667
MILOSAV;MÊ¯CZYZNA;6;20962673
SUBAS;MÊ¯CZYZNA;6;20962679
KHADER;MÊ¯CZYZNA;6;20962685
NIDHAL;MÊ¯CZYZNA;6;20962691
VYSAKH;MÊ¯CZYZNA;6;20962697
ELADIO;MÊ¯CZYZNA;6;20962703
UTKIRJON;MÊ¯CZYZNA;6;20962709
RUAIRI;MÊ¯CZYZNA;6;20962715
VOKHIDJON;MÊ¯CZYZNA;6;20962721
PRABIR;MÊ¯CZYZNA;6;20962727
SAHIR;MÊ¯CZYZNA;6;20962733
YAM BAHADUR;MÊ¯CZYZNA;6;20962739
KOUSHIK;MÊ¯CZYZNA;6;20962745
GEZIM;MÊ¯CZYZNA;6;20962751
SELCUK;MÊ¯CZYZNA;6;20962757
NILESHKUMAR;MÊ¯CZYZNA;6;20962763
HAAKON;MÊ¯CZYZNA;6;20962769
HYUNCHUL;MÊ¯CZYZNA;6;20962775
SATYAJIT;MÊ¯CZYZNA;6;20962781
FAYZULLA;MÊ¯CZYZNA;6;20962787
ZIXUAN;MÊ¯CZYZNA;6;20962793
H?A;MÊ¯CZYZNA;6;20962799
GROMIS£AW;MÊ¯CZYZNA;6;20962805
MONTGOMERY;MÊ¯CZYZNA;6;20962811
ASHENAFI;MÊ¯CZYZNA;6;20962817
GUJA;MÊ¯CZYZNA;6;20962823
KIRIIL;MÊ¯CZYZNA;6;20962829
SLAV;MÊ¯CZYZNA;6;20962835
FETHULLAH;MÊ¯CZYZNA;6;20962841
MIO;MÊ¯CZYZNA;6;20962847
MAZIN;MÊ¯CZYZNA;6;20962853
KHELIFA;MÊ¯CZYZNA;6;20962859
KISHANKUMAR;MÊ¯CZYZNA;6;20962865
HANIFI;MÊ¯CZYZNA;6;20962871
OM BAHADUR;MÊ¯CZYZNA;6;20962877
KÁLMÁN;MÊ¯CZYZNA;6;20962883
VÃN H?A;MÊ¯CZYZNA;6;20962889
VAN HAU;MÊ¯CZYZNA;6;20962895
MAMULI;MÊ¯CZYZNA;6;20962901
DIPANKAR;MÊ¯CZYZNA;6;20962907
TEMISTOKLES;MÊ¯CZYZNA;6;20962913
DUC HUNG;MÊ¯CZYZNA;6;20962919
MAIRAMBEK;MÊ¯CZYZNA;6;20962925
NURADIN;MÊ¯CZYZNA;6;20962931
RACHIK;MÊ¯CZYZNA;6;20962937
ELIJAS;MÊ¯CZYZNA;6;20962943
RASHEDUL;MÊ¯CZYZNA;6;20962949
JOYAL;MÊ¯CZYZNA;6;20962955
NGUY?N;MÊ¯CZYZNA;6;20962961
ALIHAN;MÊ¯CZYZNA;6;20962967
TAULANT;MÊ¯CZYZNA;6;20962973
BINIYAM;MÊ¯CZYZNA;6;20962979
PRZES£AW;MÊ¯CZYZNA;6;20962985
MAKSIMILIYAN;MÊ¯CZYZNA;6;20962991
LIEL;MÊ¯CZYZNA;6;20962997
SEZA?;MÊ¯CZYZNA;6;20963003
NAVRUZBEK;MÊ¯CZYZNA;6;20963009
NELU;MÊ¯CZYZNA;6;20963015
BAYARSAIKHAN;MÊ¯CZYZNA;6;20963021
SHAHRIYOR;MÊ¯CZYZNA;6;20963027
XIAOHU;MÊ¯CZYZNA;6;20963033
SIPAN;MÊ¯CZYZNA;6;20963039
SALAR;MÊ¯CZYZNA;6;20963045
YONGHONG;MÊ¯CZYZNA;6;20963051
OLUSOLA;MÊ¯CZYZNA;6;20963057
BRONIMIR;MÊ¯CZYZNA;6;20963063
BÜNYAM?N;MÊ¯CZYZNA;6;20963069
EITIBAR;MÊ¯CZYZNA;6;20963075
MANIL;MÊ¯CZYZNA;6;20963081
GONERI;MÊ¯CZYZNA;6;20963087
LAMPROS;MÊ¯CZYZNA;6;20963093
AADAM;MÊ¯CZYZNA;6;20963099
ROKI;MÊ¯CZYZNA;6;20963105
FYNN;MÊ¯CZYZNA;6;20963111
ALGERD;MÊ¯CZYZNA;6;20963117
NICOLÓ;MÊ¯CZYZNA;6;20963123
PAPE;MÊ¯CZYZNA;6;20963129
MATJA;MÊ¯CZYZNA;6;20963135
HAOYU;MÊ¯CZYZNA;6;20963141
CENGIZHAN;MÊ¯CZYZNA;6;20963147
KETUT;MÊ¯CZYZNA;6;20963153
NAZARYI;MÊ¯CZYZNA;6;20963159
XHEVDET;MÊ¯CZYZNA;6;20963165
MASAHARU;MÊ¯CZYZNA;6;20963171
MARNIX;MÊ¯CZYZNA;6;20963177
HENNADI;MÊ¯CZYZNA;6;20963183
YIKAI;MÊ¯CZYZNA;6;20963189
SHAGELDI;MÊ¯CZYZNA;6;20963195
PHAM;MÊ¯CZYZNA;6;20963201
JANE;MÊ¯CZYZNA;6;20963207
WEIGUO;MÊ¯CZYZNA;6;20963213
MELVYN;MÊ¯CZYZNA;6;20963219
IBRAKHIM;MÊ¯CZYZNA;6;20963225
VIDAR;MÊ¯CZYZNA;6;20963231
TOPHIK;MÊ¯CZYZNA;6;20963237
DRAGUTIN;MÊ¯CZYZNA;6;20963243
DORYAN;MÊ¯CZYZNA;6;20963249
ZAKARY;MÊ¯CZYZNA;6;20963255
DARIA;MÊ¯CZYZNA;6;20963261
CHINNA;MÊ¯CZYZNA;6;20963267
NEMER;MÊ¯CZYZNA;6;20963273
MINH THANG;MÊ¯CZYZNA;6;20963279
VIC;MÊ¯CZYZNA;6;20963285
YUGANDHAR;MÊ¯CZYZNA;6;20963291
VAN HIEP;MÊ¯CZYZNA;6;20963297
DIEGO ALEJANDRO;MÊ¯CZYZNA;6;20963303
NEZIR;MÊ¯CZYZNA;6;20963309
MINORU;MÊ¯CZYZNA;6;20963315
KARTAL;MÊ¯CZYZNA;6;20963321
KRYLO;MÊ¯CZYZNA;6;20963327
VAN LOC;MÊ¯CZYZNA;6;20963333
JONGHYUN;MÊ¯CZYZNA;6;20963339
MADJID;MÊ¯CZYZNA;6;20963345
V?N;MÊ¯CZYZNA;6;20963351
JUMABOY;MÊ¯CZYZNA;6;20963357
JAYARAM;MÊ¯CZYZNA;6;20963363
ULFAT;MÊ¯CZYZNA;6;20963369
ELEK;MÊ¯CZYZNA;6;20963375
TCHABUKI;MÊ¯CZYZNA;6;20963381
NORDINE;MÊ¯CZYZNA;6;20963387
MD SHARIFUL;MÊ¯CZYZNA;6;20963393
ZA£MAN;MÊ¯CZYZNA;6;20963399
ABDUGANI;MÊ¯CZYZNA;6;20963405
ALIOSHA;MÊ¯CZYZNA;6;20963411
KHAIAM;MÊ¯CZYZNA;6;20963417
ALIAN;MÊ¯CZYZNA;6;20963423
VÃN TÚ;MÊ¯CZYZNA;6;20963429
TIZIAN;MÊ¯CZYZNA;6;20963435
ABDELBASSET;MÊ¯CZYZNA;6;20963441
JOCELYN;MÊ¯CZYZNA;6;20963447
MILOMIR;MÊ¯CZYZNA;6;20963453
DZHANER;MÊ¯CZYZNA;6;20963459
SIARGEY;MÊ¯CZYZNA;6;20963465
TAKAYOSHI;MÊ¯CZYZNA;6;20963471
SHAHEER;MÊ¯CZYZNA;6;20963477
ISMO;MÊ¯CZYZNA;6;20963483
DAMBAR;MÊ¯CZYZNA;6;20963489
GERGES;MÊ¯CZYZNA;6;20963495
MARIUSH;MÊ¯CZYZNA;6;20963501
EDER;MÊ¯CZYZNA;6;20963507
ZHIJIAN;MÊ¯CZYZNA;6;20963513
BALBIR;MÊ¯CZYZNA;6;20963519
GULAM;MÊ¯CZYZNA;6;20963525
CHOL NAM;MÊ¯CZYZNA;6;20963531
HONGLIANG;MÊ¯CZYZNA;6;20963537
BARTHÉLÉMY;MÊ¯CZYZNA;6;20963543
TY;MÊ¯CZYZNA;6;20963549
LIUDVIK;MÊ¯CZYZNA;6;20963555
XUAN HUNG;MÊ¯CZYZNA;6;20963561
GARTH;MÊ¯CZYZNA;6;20963567
MAKHMAD;MÊ¯CZYZNA;6;20963573
HAILONG;MÊ¯CZYZNA;6;20963579
FRANZISKUS;MÊ¯CZYZNA;6;20963585
CHEDLI;MÊ¯CZYZNA;6;20963591
H?KON;MÊ¯CZYZNA;6;20963597
MARCELLINUS;MÊ¯CZYZNA;6;20963603
JASCHA;MÊ¯CZYZNA;6;20963609
DIEDERIK;MÊ¯CZYZNA;6;20963615
FRODE;MÊ¯CZYZNA;6;20963621
MUKHAMMADAMIN;MÊ¯CZYZNA;6;20963627
SOBIN;MÊ¯CZYZNA;6;20963633
ABDELAAZIZ;MÊ¯CZYZNA;6;20963639
SENTHIL KUMAR;MÊ¯CZYZNA;6;20963645
SEUNGHWAN;MÊ¯CZYZNA;6;20963651
NERI;MÊ¯CZYZNA;6;20963657
ZAHER;MÊ¯CZYZNA;6;20963663
AKSHAYKUMAR;MÊ¯CZYZNA;6;20963669
SHAMS;MÊ¯CZYZNA;6;20963675
TEK BAHADUR;MÊ¯CZYZNA;6;20963681
AMIRKHON;MÊ¯CZYZNA;6;20963687
FAICAL;MÊ¯CZYZNA;6;20963693
ROOPESH;MÊ¯CZYZNA;6;20963699
CHIBUEZE;MÊ¯CZYZNA;6;20963705
SEÇKIN;MÊ¯CZYZNA;6;20963711
RIDA;MÊ¯CZYZNA;6;20963717
JINWEN;MÊ¯CZYZNA;6;20963723
PARVINDER;MÊ¯CZYZNA;6;20963729
ZHONGYI;MÊ¯CZYZNA;6;20963735
ECKART;MÊ¯CZYZNA;6;20963741
KAMIRAN;MÊ¯CZYZNA;6;20963747
WALERII;MÊ¯CZYZNA;6;20963753
MANFRIED;MÊ¯CZYZNA;6;20963759
RAKHMATULLO;MÊ¯CZYZNA;6;20963765
NANDU;MÊ¯CZYZNA;6;20963771
LUIS ENRIQUE;MÊ¯CZYZNA;6;20963777
SOFYAN;MÊ¯CZYZNA;6;20963783
ODD;MÊ¯CZYZNA;6;20963789
DIAR;MÊ¯CZYZNA;6;20963795
ENKH-AMGALAN;MÊ¯CZYZNA;6;20963801
SUMITH;MÊ¯CZYZNA;6;20963807
FEYYAZ;MÊ¯CZYZNA;6;20963813
SUDARSHAN;MÊ¯CZYZNA;6;20963819
YROSLAV;MÊ¯CZYZNA;6;20963825
DMYTO;MÊ¯CZYZNA;6;20963831
SURAT;MÊ¯CZYZNA;6;20963837
JÖRGEN;MÊ¯CZYZNA;6;20963843
SURENDER;MÊ¯CZYZNA;6;20963849
VAN GIANG;MÊ¯CZYZNA;6;20963855
QINGYU;MÊ¯CZYZNA;6;20963861
BEKARI;MÊ¯CZYZNA;6;20963867
ALWIDAS;MÊ¯CZYZNA;6;20963873
ZHENIS;MÊ¯CZYZNA;6;20963879
XIAOFEI;MÊ¯CZYZNA;6;20963885
NOLI;MÊ¯CZYZNA;6;20963891
JEVGEN;MÊ¯CZYZNA;6;20963897
BORIVOJE;MÊ¯CZYZNA;6;20963903
BALAKRISHNAN;MÊ¯CZYZNA;6;20963909
DARY;MÊ¯CZYZNA;6;20963915
KIERON;MÊ¯CZYZNA;6;20963921
EGIL;MÊ¯CZYZNA;6;20963927
ARNOLDO;MÊ¯CZYZNA;6;20963933
HYUN SOO;MÊ¯CZYZNA;6;20963939
SAJIB;MÊ¯CZYZNA;6;20963945
TRUNG ANH;MÊ¯CZYZNA;6;20963951
NEHAT;MÊ¯CZYZNA;6;20963957
KAYHAN;MÊ¯CZYZNA;6;20963963
PAPPU;MÊ¯CZYZNA;6;20963969
MOHAMMADAMIN;MÊ¯CZYZNA;6;20963975
NYKON;MÊ¯CZYZNA;6;20963981
MORDEHAY;MÊ¯CZYZNA;6;20963987
CHANDRAKANT;MÊ¯CZYZNA;6;20963993
ZAHI;MÊ¯CZYZNA;6;20963999
ZAENAL;MÊ¯CZYZNA;6;20964005
ORZU;MÊ¯CZYZNA;6;20964011
TAAVI;MÊ¯CZYZNA;6;20964017
SUNG HO;MÊ¯CZYZNA;6;20964023
PANTELIS;MÊ¯CZYZNA;6;20964029
ZYGMAR;MÊ¯CZYZNA;6;20964035
KOBE;MÊ¯CZYZNA;6;20964041
CAIDEN;MÊ¯CZYZNA;6;20964047
COLTON;MÊ¯CZYZNA;6;20964053
DALIL;MÊ¯CZYZNA;6;20964059
KAZUYA;MÊ¯CZYZNA;6;20964065
VAN PHU;MÊ¯CZYZNA;6;20964071
LIPING;MÊ¯CZYZNA;6;20964077
DZMITRI;MÊ¯CZYZNA;6;20964083
ZULFIKOR;MÊ¯CZYZNA;6;20964089
HARMAN;MÊ¯CZYZNA;6;20964095
IAKOVOS;MÊ¯CZYZNA;6;20964101
KONAN;MÊ¯CZYZNA;6;20964107
YEKTA;MÊ¯CZYZNA;6;20964113
KAROLINA;MÊ¯CZYZNA;6;20964119
NOJUS;MÊ¯CZYZNA;6;20964125
SHEMIL;MÊ¯CZYZNA;6;20964131
SANOOP;MÊ¯CZYZNA;6;20964137
GUNTARS;MÊ¯CZYZNA;6;20964143
RAIMUNDO;MÊ¯CZYZNA;6;20964149
RESHEF;MÊ¯CZYZNA;6;20964155
BATIKAN;MÊ¯CZYZNA;6;20964161
ZEKER?YA;MÊ¯CZYZNA;6;20964167
NGOC LONG;MÊ¯CZYZNA;6;20964173
AYODELE;MÊ¯CZYZNA;6;20964179
RONG;MÊ¯CZYZNA;6;20964185
SOLOMONI;MÊ¯CZYZNA;6;20964191
NIAMADIN;MÊ¯CZYZNA;6;20964197
ERIS;MÊ¯CZYZNA;6;20964203
PULATJON;MÊ¯CZYZNA;6;20964209
DANIS£AW;MÊ¯CZYZNA;6;20964215
NAWAR;MÊ¯CZYZNA;6;20964221
SALAHUDDIN;MÊ¯CZYZNA;6;20964227
BULUT;MÊ¯CZYZNA;6;20964233
DYNYS;MÊ¯CZYZNA;6;20964239
MOSTEFA;MÊ¯CZYZNA;6;20964245
MAHFOUD;MÊ¯CZYZNA;6;20964251
LARYS;MÊ¯CZYZNA;6;20964257
MAHAMADOU;MÊ¯CZYZNA;6;20964263
ASRAT;MÊ¯CZYZNA;6;20964269
FAVOUR;MÊ¯CZYZNA;6;20964275
MUSHEG;MÊ¯CZYZNA;6;20964281
YONGQIANG;MÊ¯CZYZNA;6;20964287
KORADO;MÊ¯CZYZNA;6;20964293
GEOFFROY;MÊ¯CZYZNA;6;20964299
NUNO MIGUEL;MÊ¯CZYZNA;6;20964305
RAKESHKUMAR;MÊ¯CZYZNA;6;20964311
SHERZAD;MÊ¯CZYZNA;6;20964317
JUAN ANTONIO;MÊ¯CZYZNA;6;20964323
DONGHWAN;MÊ¯CZYZNA;6;20964329
ZYGFRID;MÊ¯CZYZNA;6;20964335
DUC HUY;MÊ¯CZYZNA;6;20964341
RAWAD;MÊ¯CZYZNA;6;20964347
KOLYA;MÊ¯CZYZNA;6;20964353
MAAMAR;MÊ¯CZYZNA;6;20964359
AMLET;MÊ¯CZYZNA;6;20964365
YEABSIRA;MÊ¯CZYZNA;6;20964371
RAKIB;MÊ¯CZYZNA;6;20964377
SAWWA;MÊ¯CZYZNA;6;20964383
YUTARO;MÊ¯CZYZNA;6;20964389
HABTAMU;MÊ¯CZYZNA;6;20964395
ISRAPIL;MÊ¯CZYZNA;6;20964401
RAZHDENI;MÊ¯CZYZNA;6;20964407
ROWEL;MÊ¯CZYZNA;6;20964413
HARSHA;MÊ¯CZYZNA;6;20964419
JOSCHKA;MÊ¯CZYZNA;6;20964425
NIKHAT;MÊ¯CZYZNA;6;20964431
GURSEWAK;MÊ¯CZYZNA;6;20964437
SABAN;MÊ¯CZYZNA;6;20964443
LÜTFÜ;MÊ¯CZYZNA;6;20964449
VATSAL;MÊ¯CZYZNA;6;20964455
RENALDAS;MÊ¯CZYZNA;6;20964461
KRISZTIAN;MÊ¯CZYZNA;6;20964467
SALAH EDDINE;MÊ¯CZYZNA;6;20964473
YIWEI;MÊ¯CZYZNA;6;20964479
ANISS;MÊ¯CZYZNA;6;20964485
DEVAN;MÊ¯CZYZNA;6;20964491
ANDRIYI;MÊ¯CZYZNA;6;20964497
ITZIK;MÊ¯CZYZNA;6;20964503
S£AWKO;MÊ¯CZYZNA;6;20964509
ELVEDIN;MÊ¯CZYZNA;6;20964515
ERNÕ;MÊ¯CZYZNA;6;20964521
SOMBAT;MÊ¯CZYZNA;6;20964527
BORKO;MÊ¯CZYZNA;6;20964533
TALANT;MÊ¯CZYZNA;6;20964539
ASTAP;MÊ¯CZYZNA;6;20964545
YUKIO;MÊ¯CZYZNA;6;20964551
JOSE MANUEL;MÊ¯CZYZNA;6;20964557
ARJUNA;MÊ¯CZYZNA;6;20964563
GENTJAN;MÊ¯CZYZNA;6;20964569
I NYOMAN;MÊ¯CZYZNA;6;20964575
NAOYA;MÊ¯CZYZNA;6;20964581
YUBIN;MÊ¯CZYZNA;6;20964587
JOHNATAN;MÊ¯CZYZNA;6;20964593
DYMYTRIY;MÊ¯CZYZNA;6;20964599
RINTO;MÊ¯CZYZNA;6;20964605
YONGXIANG;MÊ¯CZYZNA;6;20964611
YOUNGJAE;MÊ¯CZYZNA;6;20964617
CHIMEZIE;MÊ¯CZYZNA;6;20964623
MINH TRÍ;MÊ¯CZYZNA;6;20964629
AFANASIE;MÊ¯CZYZNA;6;20964635
JIALIN;MÊ¯CZYZNA;6;20964641
VAN PHUC;MÊ¯CZYZNA;6;20964647
OLUFEMI;MÊ¯CZYZNA;6;20964653
JASVIR;MÊ¯CZYZNA;6;20964659
ADYAN;MÊ¯CZYZNA;6;20964665
BHOLA;MÊ¯CZYZNA;6;20964671
ALIAKBAR;MÊ¯CZYZNA;6;20964677
AIMIN;MÊ¯CZYZNA;6;20964683
ZLATA;MÊ¯CZYZNA;6;20964689
OZEASZ;MÊ¯CZYZNA;6;20964695
JOEMAR;MÊ¯CZYZNA;6;20964701
BHAVYA;MÊ¯CZYZNA;6;20964707
IMDAD;MÊ¯CZYZNA;6;20964713
ARTEN;MÊ¯CZYZNA;6;20964719
STA;MÊ¯CZYZNA;6;20964725
MIRIAM;MÊ¯CZYZNA;6;20964731
ZALDY;MÊ¯CZYZNA;6;20964737
DINKO;MÊ¯CZYZNA;6;20964743
SREEKUMAR;MÊ¯CZYZNA;6;20964749
HERKULES;MÊ¯CZYZNA;6;20964755
AKTAN;MÊ¯CZYZNA;6;20964761
GHERMAN;MÊ¯CZYZNA;6;20964767
RODELIO;MÊ¯CZYZNA;6;20964773
KAYAN;MÊ¯CZYZNA;6;20964779
IRA;MÊ¯CZYZNA;6;20964785
SANAD;MÊ¯CZYZNA;6;20964791
VAN NGHIA;MÊ¯CZYZNA;6;20964797
MOJSIEJ;MÊ¯CZYZNA;6;20964803
SEYFETTIN;MÊ¯CZYZNA;6;20964809
SVETISLAV;MÊ¯CZYZNA;6;20964815
IONA;MÊ¯CZYZNA;6;20964821
BACHI;MÊ¯CZYZNA;6;20964827
BALAMURUGAN;MÊ¯CZYZNA;6;20964833
YOSI;MÊ¯CZYZNA;6;20964839
GABIT;MÊ¯CZYZNA;6;20964845
HIRALAL;MÊ¯CZYZNA;6;20964851
NASREDDINE;MÊ¯CZYZNA;6;20964857
GUANGJUN;MÊ¯CZYZNA;6;20964863
AKHMAT;MÊ¯CZYZNA;6;20964869
MASKYM;MÊ¯CZYZNA;6;20964875
ALIAGHA;MÊ¯CZYZNA;6;20964881
JARKKO;MÊ¯CZYZNA;6;20964887
BRYANT;MÊ¯CZYZNA;6;20964893
SHINYA;MÊ¯CZYZNA;6;20964899
JARROD;MÊ¯CZYZNA;6;20964905
SAHIT;MÊ¯CZYZNA;6;20964911
TAALAIBEK;MÊ¯CZYZNA;6;20964917
GANESAN;MÊ¯CZYZNA;6;20964923
SHIVAKUMAR;MÊ¯CZYZNA;6;20964929
ÖZDEN;MÊ¯CZYZNA;6;20964935
CEVAT;MÊ¯CZYZNA;6;20964941
HAZRAT;MÊ¯CZYZNA;6;20964947
VAN THINH;MÊ¯CZYZNA;6;20964953
HARMINDER;MÊ¯CZYZNA;6;20964959
DZEREMI;MÊ¯CZYZNA;6;20964965
GRIGORIJS;MÊ¯CZYZNA;6;20964971
EMRI;MÊ¯CZYZNA;6;20964977
ÈEDOMIR;MÊ¯CZYZNA;6;20964983
ABDERRAZAK;MÊ¯CZYZNA;6;20964989
RAIMO;MÊ¯CZYZNA;6;20964995
HONGQUAN;MÊ¯CZYZNA;6;20965001
DJALEL;MÊ¯CZYZNA;6;20965007
VIAÈESLAV;MÊ¯CZYZNA;6;20965013
PHAMIL;MÊ¯CZYZNA;6;20965019
ALISON;MÊ¯CZYZNA;6;20965025
KINGSTON;MÊ¯CZYZNA;6;20965031
VAN KIEN;MÊ¯CZYZNA;6;20965037
JERE;MÊ¯CZYZNA;6;20965043
HUU CUONG;MÊ¯CZYZNA;6;20965049
AFIZ;MÊ¯CZYZNA;6;20965055
ZDZISLAU;MÊ¯CZYZNA;6;20965061
BATTULGA;MÊ¯CZYZNA;6;20965067
VÃN VINH;MÊ¯CZYZNA;6;20965073
JU;MÊ¯CZYZNA;6;20965079
CLARK;MÊ¯CZYZNA;6;20965085
TAEHUN;MÊ¯CZYZNA;6;20965091
FILARET;MÊ¯CZYZNA;6;20965097
MATVIYI;MÊ¯CZYZNA;6;20965103
NGOC MINH;MÊ¯CZYZNA;6;20965109
ESBEN;MÊ¯CZYZNA;6;20965115
EMAN;MÊ¯CZYZNA;6;20965121
JOHN PAUL;MÊ¯CZYZNA;6;20965127
SUNDEEP;MÊ¯CZYZNA;6;20965133
STÉFAN;MÊ¯CZYZNA;6;20965139
MILOJE;MÊ¯CZYZNA;6;20965145
¯YWIS£AW;MÊ¯CZYZNA;6;20965151
MAAN;MÊ¯CZYZNA;6;20965157
NASEEM;MÊ¯CZYZNA;6;20965163
KIAMIL;MÊ¯CZYZNA;6;20965169
RENIER;MÊ¯CZYZNA;6;20965175
ERVAND;MÊ¯CZYZNA;6;20965181
VALTERS;MÊ¯CZYZNA;6;20965187
ROSTYLAV;MÊ¯CZYZNA;6;20965193
NEITAN;MÊ¯CZYZNA;6;20965199
CHRYSTOPHER;MÊ¯CZYZNA;6;20965205
ALI CAN;MÊ¯CZYZNA;6;20965211
BIR;MÊ¯CZYZNA;6;20965217
SOHAIB;MÊ¯CZYZNA;6;20965223
SEUNGWON;MÊ¯CZYZNA;6;20965229
VISIT;MÊ¯CZYZNA;6;20965235
SHAROF;MÊ¯CZYZNA;6;20965241
AMINJON;MÊ¯CZYZNA;6;20965247
PARIZ;MÊ¯CZYZNA;6;20965253
KANE;MÊ¯CZYZNA;6;20965259
LAUREN?IU;MÊ¯CZYZNA;6;20965265
SRINIVASULU;MÊ¯CZYZNA;6;20965271
YASEN;MÊ¯CZYZNA;6;20965277
GANIJON;MÊ¯CZYZNA;6;20965283
PRASOON;MÊ¯CZYZNA;6;20965289
KEYUR;MÊ¯CZYZNA;6;20965295
ARTURI;MÊ¯CZYZNA;6;20965301
MAKRAM;MÊ¯CZYZNA;6;20965307
L?;MÊ¯CZYZNA;6;20965313
LOGMAN;MÊ¯CZYZNA;6;20965319
NARCIS;MÊ¯CZYZNA;6;20965325
SODIKJON;MÊ¯CZYZNA;6;20965331
PH??NG;MÊ¯CZYZNA;6;20965337
RENEK;MÊ¯CZYZNA;6;20965343
BAKI;MÊ¯CZYZNA;6;20965349
QUÝ;MÊ¯CZYZNA;6;20965355
DANILO JR.;MÊ¯CZYZNA;6;20965361
CE;MÊ¯CZYZNA;6;20965367
GULAB;MÊ¯CZYZNA;6;20965373
DUC HOANG;MÊ¯CZYZNA;6;20965379
KLAUS-PETER;MÊ¯CZYZNA;6;20965385
TAKAFUMI;MÊ¯CZYZNA;6;20965391
ELIYA;MÊ¯CZYZNA;6;20965397
TIKA;MÊ¯CZYZNA;6;20965403
SOBHI;MÊ¯CZYZNA;6;20965409
ABDIRAHMAN;MÊ¯CZYZNA;6;20965415
BAT;MÊ¯CZYZNA;6;20965421
ARDJAN;MÊ¯CZYZNA;6;20965427
SPARTAC;MÊ¯CZYZNA;6;20965433
IN HO;MÊ¯CZYZNA;6;20965439
SIDDARTH;MÊ¯CZYZNA;6;20965445
JUSTO;MÊ¯CZYZNA;6;20965451
VURAL;MÊ¯CZYZNA;6;20965457
BABA;MÊ¯CZYZNA;6;20965463
MUHANNAD;MÊ¯CZYZNA;6;20965469
RANDOLPH;MÊ¯CZYZNA;6;20965475
CHAOUKI;MÊ¯CZYZNA;6;20965481
JIANAN;MÊ¯CZYZNA;6;20965487
REYMOND;MÊ¯CZYZNA;6;20965493
BINAYA;MÊ¯CZYZNA;6;20965499
SOUVIK;MÊ¯CZYZNA;6;20965505
SOROUSH;MÊ¯CZYZNA;6;20965511
VAN THONG;MÊ¯CZYZNA;6;20965517
KENICHIRO;MÊ¯CZYZNA;6;20965523
TAKEO;MÊ¯CZYZNA;6;20965529
GIANPIERO;MÊ¯CZYZNA;6;20965535
FARYD;MÊ¯CZYZNA;6;20965541
SIMHA;MÊ¯CZYZNA;6;20965547
EGIDIO;MÊ¯CZYZNA;6;20965553
MART;MÊ¯CZYZNA;6;20965559
IORDANIS;MÊ¯CZYZNA;6;20965565
HONGBO;MÊ¯CZYZNA;6;20965571
BERKCAN;MÊ¯CZYZNA;6;20965577
BOLD;MÊ¯CZYZNA;6;20965583
MAMIRJON;MÊ¯CZYZNA;6;20965589
QUOC TUAN;MÊ¯CZYZNA;6;20965595
AFLATUN;MÊ¯CZYZNA;6;20965601
KATSUMI;MÊ¯CZYZNA;6;20965607
HAIYANG;MÊ¯CZYZNA;6;20965613
ZIYI;MÊ¯CZYZNA;6;20965619
TUAN HUNG;MÊ¯CZYZNA;6;20965625
AYUBKHON;MÊ¯CZYZNA;6;20965631
H?I NAM;MÊ¯CZYZNA;6;20965637
HABIP;MÊ¯CZYZNA;6;20965643
NARASIMHA;MÊ¯CZYZNA;6;20965649
INDRANIL;MÊ¯CZYZNA;6;20965655
HUSSIEN;MÊ¯CZYZNA;6;20965661
SHAMSHOD;MÊ¯CZYZNA;6;20965667
NH?T;MÊ¯CZYZNA;6;20965673
BRADEN;MÊ¯CZYZNA;6;20965679
MARDONBEK;MÊ¯CZYZNA;6;20965685
RYAD;MÊ¯CZYZNA;6;20965691
KEIICHI;MÊ¯CZYZNA;6;20965697
HAL?S;MÊ¯CZYZNA;6;20965703
NICCOL?;MÊ¯CZYZNA;6;20965709
BÁ;MÊ¯CZYZNA;6;20965715
SUNNAT;MÊ¯CZYZNA;6;20965721
GONCALO;MÊ¯CZYZNA;6;20965727
GBENGA;MÊ¯CZYZNA;6;20965733
STATIS;MÊ¯CZYZNA;6;20965739
ANIMESH;MÊ¯CZYZNA;6;20965745
BINBIN;MÊ¯CZYZNA;6;20965751
KINAN;MÊ¯CZYZNA;6;20965757
MINH THANH;MÊ¯CZYZNA;6;20965763
ILIRJAN;MÊ¯CZYZNA;6;20965769
SERHEY;MÊ¯CZYZNA;6;20965775
EFECAN;MÊ¯CZYZNA;6;20965781
XUN;MÊ¯CZYZNA;6;20965787
VAN QUYEN;MÊ¯CZYZNA;6;20965793
YONG HO;MÊ¯CZYZNA;6;20965799
ALPACINO;MÊ¯CZYZNA;6;20965805
NISHIT;MÊ¯CZYZNA;6;20965811
NAGIB;MÊ¯CZYZNA;6;20965817
CHIDERA;MÊ¯CZYZNA;6;20965823
HALYNA;MÊ¯CZYZNA;6;20965829
NAZZARENO;MÊ¯CZYZNA;6;20965835
ORAZGELDI;MÊ¯CZYZNA;6;20965841
NAJEH;MÊ¯CZYZNA;6;20965847
MENTOR;MÊ¯CZYZNA;6;20965853
SHAHADAT;MÊ¯CZYZNA;6;20965859
WENWU;MÊ¯CZYZNA;6;20965865
GUSTI;MÊ¯CZYZNA;6;20965871
SHAM;MÊ¯CZYZNA;6;20965877
JIANCHUN;MÊ¯CZYZNA;6;20965883
GABRIELIUS;MÊ¯CZYZNA;6;20965889
ASTERIUSZ;MÊ¯CZYZNA;6;20965895
ATESH;MÊ¯CZYZNA;6;20965901
AKHRORJON;MÊ¯CZYZNA;6;20965907
ELBERT;MÊ¯CZYZNA;6;20965913
DEVESH;MÊ¯CZYZNA;6;20965919
IVOR;MÊ¯CZYZNA;6;20965925
LASSAAD;MÊ¯CZYZNA;6;20965931
COURAGE;MÊ¯CZYZNA;6;20965937
MOUHCINE;MÊ¯CZYZNA;6;20965943
AKSHIN;MÊ¯CZYZNA;6;20965949
SOLIMAN;MÊ¯CZYZNA;6;20965955
YATIN;MÊ¯CZYZNA;6;20965961
NAGESH;MÊ¯CZYZNA;6;20965967
O?UZCAN;MÊ¯CZYZNA;6;20965973
RINAD;MÊ¯CZYZNA;6;20965979
BORNA;MÊ¯CZYZNA;6;20965985
ADVAITH;MÊ¯CZYZNA;6;20965991
FJODOR;MÊ¯CZYZNA;6;20965997
CHITRA;MÊ¯CZYZNA;6;20966003
ROQUE;MÊ¯CZYZNA;6;20966009
HAKIMJON;MÊ¯CZYZNA;6;20966015
MD ABUL;MÊ¯CZYZNA;6;20966021
STERLING;MÊ¯CZYZNA;6;20966027
TH? ANH;MÊ¯CZYZNA;6;20966033
MANOL;MÊ¯CZYZNA;6;20966039
ADYLBEK;MÊ¯CZYZNA;6;20966045
NURDIN;MÊ¯CZYZNA;6;20966051
SHUKURULLO;MÊ¯CZYZNA;6;20966057
HAREESH;MÊ¯CZYZNA;6;20966063
HYAZINTH;MÊ¯CZYZNA;6;20966069
ANISUR;MÊ¯CZYZNA;6;20966075
JEVGENII;MÊ¯CZYZNA;6;20966081
KASTIAN;MÊ¯CZYZNA;6;20966087
IVANKO;MÊ¯CZYZNA;6;20966093
KOMRONBEK;MÊ¯CZYZNA;6;20966099
MUKHAMMADBOBUR;MÊ¯CZYZNA;6;20966105
SANGCHEOL;MÊ¯CZYZNA;6;20966111
NAËL;MÊ¯CZYZNA;6;20966117
MYUNG;MÊ¯CZYZNA;6;20966123
KANSTANTIN;MÊ¯CZYZNA;6;20966129
YIYANG;MÊ¯CZYZNA;6;20966135
AYTEKIN;MÊ¯CZYZNA;6;20966141
TEMITOPE;MÊ¯CZYZNA;6;20966147
FATAH;MÊ¯CZYZNA;6;20966153
IZZATILLO;MÊ¯CZYZNA;6;20966159
VÃN DUY;MÊ¯CZYZNA;6;20966165
EILAM;MÊ¯CZYZNA;6;20966171
VIENIAMIN;MÊ¯CZYZNA;6;20966177
ASIT;MÊ¯CZYZNA;6;20966183
RAZIEL;MÊ¯CZYZNA;6;20966189
MD RASEL;MÊ¯CZYZNA;6;20966195
ZUHRIDDIN;MÊ¯CZYZNA;6;20966201
HAIDONG;MÊ¯CZYZNA;6;20966207
SAMIULLAH;MÊ¯CZYZNA;6;20966213
NIEMIR;MÊ¯CZYZNA;6;20966219
WEI-CHUN;MÊ¯CZYZNA;6;20966225
SHOHEL;MÊ¯CZYZNA;6;20966231
XIAOYU;MÊ¯CZYZNA;6;20966237
MD ALAMGIR;MÊ¯CZYZNA;6;20966243
DOBIEGNIEW;MÊ¯CZYZNA;6;20966249
SAYFULLA;MÊ¯CZYZNA;6;20966255
HAFEDH;MÊ¯CZYZNA;6;20966261
ATABERK;MÊ¯CZYZNA;6;20966267
ATAI;MÊ¯CZYZNA;6;20966273
NARYMAN;MÊ¯CZYZNA;6;20966279
MIROMIR;MÊ¯CZYZNA;6;20966285
IMANUEL;MÊ¯CZYZNA;6;20966291
CANDRA;MÊ¯CZYZNA;6;20966297
S?;MÊ¯CZYZNA;6;20966303
KAZUHIKO;MÊ¯CZYZNA;6;20966309
TOMAZ;MÊ¯CZYZNA;6;20966315
VÃN THÔNG;MÊ¯CZYZNA;6;20966321
KEYURKUMAR;MÊ¯CZYZNA;6;20966327
REFAAT;MÊ¯CZYZNA;6;20966333
MOVLUD;MÊ¯CZYZNA;6;20966339
ASYLBEK;MÊ¯CZYZNA;6;20966345
ANTUN;MÊ¯CZYZNA;6;20966351
PEPE;MÊ¯CZYZNA;6;20966357
MAHRAN;MÊ¯CZYZNA;6;20966363
JAKHANDAR;MÊ¯CZYZNA;6;20966369
LINGFENG;MÊ¯CZYZNA;6;20966375
YOON;MÊ¯CZYZNA;6;20966381
JENSEN;MÊ¯CZYZNA;6;20966387
OFFIR;MÊ¯CZYZNA;6;20966393
BOLAJI;MÊ¯CZYZNA;6;20966399
GOGIA;MÊ¯CZYZNA;6;20966405
GIA MINH;MÊ¯CZYZNA;6;20966411
PRATHEESH;MÊ¯CZYZNA;6;20966417
TODAR;MÊ¯CZYZNA;6;20966423
JURYS£AW;MÊ¯CZYZNA;6;20966429
SHAKTI;MÊ¯CZYZNA;6;20966435
GORDIEJ;MÊ¯CZYZNA;6;20966441
HYO;MÊ¯CZYZNA;6;20966447
SOMON;MÊ¯CZYZNA;6;20966453
GURJEET;MÊ¯CZYZNA;6;20966459
MURATCAN;MÊ¯CZYZNA;6;20966465
SHAKHBAN;MÊ¯CZYZNA;6;20966471
GHAITH;MÊ¯CZYZNA;6;20966477
NGOC SON;MÊ¯CZYZNA;6;20966483
SADYK;MÊ¯CZYZNA;6;20966489
SULTONBEK;MÊ¯CZYZNA;6;20966495
BURAKHAN;MÊ¯CZYZNA;6;20966501
JAEHUN;MÊ¯CZYZNA;6;20966507
WARD;MÊ¯CZYZNA;6;20966513
ANANTHA;MÊ¯CZYZNA;6;20966519
GUOMIN;MÊ¯CZYZNA;6;20966525
RADAN;MÊ¯CZYZNA;6;20966531
HARPAL;MÊ¯CZYZNA;6;20966537
LUISITO;MÊ¯CZYZNA;6;20966543
YAW;MÊ¯CZYZNA;6;20966549
SEBAHATTIN;MÊ¯CZYZNA;6;20966555
ULYSSES;MÊ¯CZYZNA;6;20966561
ALAATTIN;MÊ¯CZYZNA;6;20966567
YAAR;MÊ¯CZYZNA;6;20966573
PETYR;MÊ¯CZYZNA;6;20966579
ODAY;MÊ¯CZYZNA;6;20966585
VÃN LONG;MÊ¯CZYZNA;6;20966591
ELISEJ;MÊ¯CZYZNA;6;20966597
IGNACE;MÊ¯CZYZNA;6;20966603
FARAMARZ;MÊ¯CZYZNA;6;20966609
SAVAS;MÊ¯CZYZNA;6;20966615
V?N TU?N;MÊ¯CZYZNA;6;20966621
LUIS FERNANDO;MÊ¯CZYZNA;6;20966627
BU?RA;MÊ¯CZYZNA;6;20966633
GAJI;MÊ¯CZYZNA;6;20966639
MOON;MÊ¯CZYZNA;6;20966645
GUORONG;MÊ¯CZYZNA;6;20966651
YIZHAK;MÊ¯CZYZNA;6;20966657
TIEP;MÊ¯CZYZNA;6;20966663
LIMING;MÊ¯CZYZNA;6;20966669
LUIS ANGEL;MÊ¯CZYZNA;6;20966675
VAN VIET;MÊ¯CZYZNA;6;20966681
SEZG?N;MÊ¯CZYZNA;6;20966687
BARNABAS;MÊ¯CZYZNA;6;20966693
PAULINUS;MÊ¯CZYZNA;6;20966699
RICCO;MÊ¯CZYZNA;6;20966705
WICENTY;MÊ¯CZYZNA;6;20966711
ZEF;MÊ¯CZYZNA;6;20966717
ADEBAYO;MÊ¯CZYZNA;6;20966723
GANISHER;MÊ¯CZYZNA;6;20966729
OVSEP;MÊ¯CZYZNA;6;20966735
DENUS;MÊ¯CZYZNA;6;20966741
REJMUND;MÊ¯CZYZNA;6;20966747
FLYNN;MÊ¯CZYZNA;6;20966753
TILMANN;MÊ¯CZYZNA;6;20966759
AIBAR;MÊ¯CZYZNA;6;20966765
SAID-AKHMED;MÊ¯CZYZNA;6;20966771
JOUD;MÊ¯CZYZNA;6;20966777
MURAZI;MÊ¯CZYZNA;6;20966783
HONG SON;MÊ¯CZYZNA;6;20966789
INGBERT;MÊ¯CZYZNA;6;20966795
ARSHAVIR;MÊ¯CZYZNA;6;20966801
KABIL;MÊ¯CZYZNA;6;20966807
CHANWOO;MÊ¯CZYZNA;6;20966813
GUOLIN;MÊ¯CZYZNA;6;20966819
ULISSES;MÊ¯CZYZNA;6;20966825
DZHEMAL;MÊ¯CZYZNA;6;20966831
JIALE;MÊ¯CZYZNA;6;20966837
GERHARDT;MÊ¯CZYZNA;6;20966843
ROMICÃ;MÊ¯CZYZNA;6;20966849
VOLODIA;MÊ¯CZYZNA;6;20966855
SAMSUL;MÊ¯CZYZNA;6;20966861
VÃN C??NG;MÊ¯CZYZNA;6;20966867
SERTAÇ;MÊ¯CZYZNA;6;20966873
BURAK CAN;MÊ¯CZYZNA;6;20966879
MANOLO;MÊ¯CZYZNA;6;20966885
JOSE DE JESUS;MÊ¯CZYZNA;6;20966891
OLIEKSANDR;MÊ¯CZYZNA;6;20966897
ARUNA;MÊ¯CZYZNA;6;20966903
MIKULÁ;MÊ¯CZYZNA;6;20966909
HRAF;MÊ¯CZYZNA;6;20966915
GURDEEP SINGH;MÊ¯CZYZNA;6;20966921
ABDUL RAHMAN;MÊ¯CZYZNA;6;20966927
DAROMYR;MÊ¯CZYZNA;6;20966933
MOCHAMAD;MÊ¯CZYZNA;6;20966939
PENGCHENG;MÊ¯CZYZNA;6;20966945
TUNÇ;MÊ¯CZYZNA;6;20966951
ARTÚR;MÊ¯CZYZNA;6;20966957
MD MASUD;MÊ¯CZYZNA;6;20966963
SHAILENDRA;MÊ¯CZYZNA;6;20966969
GOPINATH;MÊ¯CZYZNA;6;20966975
DIDIK;MÊ¯CZYZNA;6;20966981
BAKHYT;MÊ¯CZYZNA;6;20966987
HYUNHO;MÊ¯CZYZNA;6;20966993
NECMI;MÊ¯CZYZNA;6;20966999
AIMEN;MÊ¯CZYZNA;6;20967005
PEDRO MIGUEL;MÊ¯CZYZNA;6;20967011
RALFS;MÊ¯CZYZNA;6;20967017
YOSHIHARU;MÊ¯CZYZNA;6;20967023
OLTION;MÊ¯CZYZNA;6;20967029
ANDR?;MÊ¯CZYZNA;6;20967035
TULLIO;MÊ¯CZYZNA;6;20967041
DONGSHENG;MÊ¯CZYZNA;6;20967047
DAVIN;MÊ¯CZYZNA;6;20967053
ROYCE;MÊ¯CZYZNA;6;20967059
ROMANY;MÊ¯CZYZNA;6;20967065
TUONG;MÊ¯CZYZNA;6;20967071
RYHORY;MÊ¯CZYZNA;6;20967077
IBAN;MÊ¯CZYZNA;6;20967083
YANAY;MÊ¯CZYZNA;6;20967089
ONYEKACHI;MÊ¯CZYZNA;6;20967095
RUWIN;MÊ¯CZYZNA;6;20967101
BENICJUSZ;MÊ¯CZYZNA;6;20967107
SUNGAT;MÊ¯CZYZNA;6;20967113
RAPHIG;MÊ¯CZYZNA;6;20967119
FISNIK;MÊ¯CZYZNA;6;20967125
DATIKO;MÊ¯CZYZNA;6;20967131
AGON;MÊ¯CZYZNA;6;20967137
MOSTAPHA;MÊ¯CZYZNA;6;20967143
ADILSON;MÊ¯CZYZNA;6;20967149
HAMBARDZUM;MÊ¯CZYZNA;6;20967155
SANGJUN;MÊ¯CZYZNA;6;20967161
DOBRIN;MÊ¯CZYZNA;6;20967167
AMINUL;MÊ¯CZYZNA;6;20967173
MISAEL;MÊ¯CZYZNA;6;20967179
SELWIN;MÊ¯CZYZNA;6;20967185
REMKO;MÊ¯CZYZNA;6;20967191
DZHEISON;MÊ¯CZYZNA;6;20967197
RONIE;MÊ¯CZYZNA;6;20967203
ARISTOTLE;MÊ¯CZYZNA;6;20967209
DAXESHKUMAR;MÊ¯CZYZNA;6;20967215
MEETKUMAR;MÊ¯CZYZNA;6;20967221
ZAKAR;MÊ¯CZYZNA;6;20967227
D?YAR;MÊ¯CZYZNA;6;20967233
AURELIJUS;MÊ¯CZYZNA;6;20967239
KASTYTIS;MÊ¯CZYZNA;6;20967245
GAJIKHALIL;MÊ¯CZYZNA;6;20967251
WOJAN;MÊ¯CZYZNA;6;20967257
TIANQI;MÊ¯CZYZNA;6;20967263
ANDIK;MÊ¯CZYZNA;6;20967269
VINOD KUMAR;MÊ¯CZYZNA;6;20967275
CARLOS ANDRES;MÊ¯CZYZNA;6;20967281
?BRAH?M HAL?L;MÊ¯CZYZNA;6;20967287
KYTOF;MÊ¯CZYZNA;6;20967293
PERO;MÊ¯CZYZNA;6;20967299
DEMIREL;MÊ¯CZYZNA;6;20967305
LABINOT;MÊ¯CZYZNA;6;20967311
DIOMID;MÊ¯CZYZNA;6;20967317
ERNIS;MÊ¯CZYZNA;6;20967323
DERSIM;MÊ¯CZYZNA;6;20967329
HACHEM;MÊ¯CZYZNA;6;20967335
KAIDEN;MÊ¯CZYZNA;6;20967341
TADEU;MÊ¯CZYZNA;6;20967347
DZHOSHKUN;MÊ¯CZYZNA;6;20967353
PROHOR;MÊ¯CZYZNA;6;20967359
ISIDRO;MÊ¯CZYZNA;6;20967365
??I;MÊ¯CZYZNA;6;20967371
DJEIKHUN;MÊ¯CZYZNA;6;20967377
LODEWIJK;MÊ¯CZYZNA;6;20967383
SATYAM;MÊ¯CZYZNA;6;20967389
SHKELZEN;MÊ¯CZYZNA;6;20967395
ALLAHVERDI;MÊ¯CZYZNA;6;20967401
AIMAR;MÊ¯CZYZNA;6;20967407
MAMDOUH;MÊ¯CZYZNA;6;20967413
PUSHKAR;MÊ¯CZYZNA;6;20967419
ILLIAS;MÊ¯CZYZNA;6;20967425
ISMA?L;MÊ¯CZYZNA;6;20967431
ANDRIIY;MÊ¯CZYZNA;6;20967437
RAJARSHI;MÊ¯CZYZNA;6;20967443
HAL?L ?BRAH?M;MÊ¯CZYZNA;6;20967449
WILLIE;MÊ¯CZYZNA;6;20967455
CLIFF;MÊ¯CZYZNA;6;20967461
XUAN HOA;MÊ¯CZYZNA;6;20967467
LYUDMIL;MÊ¯CZYZNA;6;20967473
SAVALAN;MÊ¯CZYZNA;6;20967479
JORAM;MÊ¯CZYZNA;6;20967485
KEVEN;MÊ¯CZYZNA;6;20967491
CRIS;MÊ¯CZYZNA;6;20967497
BARBAROS;MÊ¯CZYZNA;6;20967503
HOSNI;MÊ¯CZYZNA;6;20967509
VIMALKUMAR;MÊ¯CZYZNA;6;20967515
ATAGELDI;MÊ¯CZYZNA;6;20967521
JORMA;MÊ¯CZYZNA;6;20967527
ANTOLII;MÊ¯CZYZNA;6;20967533
BARNA;MÊ¯CZYZNA;6;20967539
LEONAS;MÊ¯CZYZNA;6;20967545
VOLKMAR;MÊ¯CZYZNA;6;20967551
NAZIH;MÊ¯CZYZNA;6;20967557
VIREN;MÊ¯CZYZNA;6;20967563
DJASUR;MÊ¯CZYZNA;6;20967569
HU;MÊ¯CZYZNA;6;20967575
GENTI;MÊ¯CZYZNA;6;20967581
QËNDRIM;MÊ¯CZYZNA;6;20967587
TH?NH NAM;MÊ¯CZYZNA;6;20967593
VASILIJE;MÊ¯CZYZNA;6;20967599
ARIFIN;MÊ¯CZYZNA;6;20967605
JONÁ;MÊ¯CZYZNA;6;20967611
OLADIMEJI;MÊ¯CZYZNA;6;20967617
CUMALI;MÊ¯CZYZNA;6;20967623
GODYS£AW;MÊ¯CZYZNA;6;20967629
TWAN;MÊ¯CZYZNA;6;20967635
PETREA;MÊ¯CZYZNA;6;20967641
CHRYZOSTOM;MÊ¯CZYZNA;6;20967647
ALMAN;MÊ¯CZYZNA;6;20967653
PERCY;MÊ¯CZYZNA;6;20967659
MAKHSUD;MÊ¯CZYZNA;6;20967665
ROMULO;MÊ¯CZYZNA;6;20967671
DANIYL;MÊ¯CZYZNA;6;20967677
CILLIAN;MÊ¯CZYZNA;6;20967683
MINH PHUC;MÊ¯CZYZNA;6;20967689
AMERICO;MÊ¯CZYZNA;6;20967695
SEUNGJUN;MÊ¯CZYZNA;6;20967701
MUSLUM;MÊ¯CZYZNA;6;20967707
EDY;MÊ¯CZYZNA;6;20967713
KIRILLO;MÊ¯CZYZNA;6;20967719
MIKIAS;MÊ¯CZYZNA;6;20967725
DUC TRUNG;MÊ¯CZYZNA;6;20967731
WSEWO£OD;MÊ¯CZYZNA;6;20967737
APURBA;MÊ¯CZYZNA;6;20967743
DINH THANH;MÊ¯CZYZNA;6;20967749
TOLES£AW;MÊ¯CZYZNA;6;20967755
YANJUN;MÊ¯CZYZNA;6;20967761
GIJSBERTUS;MÊ¯CZYZNA;6;20967767
KALED;MÊ¯CZYZNA;6;20967773
SANJOY;MÊ¯CZYZNA;6;20967779
ELIAR;MÊ¯CZYZNA;6;20967785
SAFIAN;MÊ¯CZYZNA;6;20967791
RIYAN;MÊ¯CZYZNA;6;20967797
SOLAIMAN;MÊ¯CZYZNA;6;20967803
IAROMIR;MÊ¯CZYZNA;6;20967809
SLAVOLJUB;MÊ¯CZYZNA;6;20967815
JUAN SEBASTIAN;MÊ¯CZYZNA;6;20967821
CHONG;MÊ¯CZYZNA;6;20967827
YEVENII;MÊ¯CZYZNA;6;20967833
I DEWA;MÊ¯CZYZNA;6;20967839
JINWOOK;MÊ¯CZYZNA;6;20967845
JEWEL;MÊ¯CZYZNA;6;20967851
ALIASKAR;MÊ¯CZYZNA;6;20967857
DILMURODJON;MÊ¯CZYZNA;6;20967863
PULKIT;MÊ¯CZYZNA;6;20967869
DILIP KUMAR;MÊ¯CZYZNA;6;20967875
AVAG;MÊ¯CZYZNA;6;20967881
ELSON;MÊ¯CZYZNA;6;20967887
SANGJIN;MÊ¯CZYZNA;6;20967893
HISASHI;MÊ¯CZYZNA;6;20967899
AMISH;MÊ¯CZYZNA;6;20967905
MANJUNATH;MÊ¯CZYZNA;6;20967911
VÃN M?NH;MÊ¯CZYZNA;6;20967917
BATTAL;MÊ¯CZYZNA;6;20967923
SAWIELIJ;MÊ¯CZYZNA;6;20967929
RENATO JR.;MÊ¯CZYZNA;6;20967935
DAL BAHADUR;MÊ¯CZYZNA;6;20967941
BAZHEN;MÊ¯CZYZNA;6;20967947
YITSHAK;MÊ¯CZYZNA;6;20967953
ALEHANDRO;MÊ¯CZYZNA;6;20967959
SVYTOSLAV;MÊ¯CZYZNA;6;20967965
WESPAZJAN;MÊ¯CZYZNA;6;20967971
NAZYM;MÊ¯CZYZNA;6;20967977
HAMDY;MÊ¯CZYZNA;6;20967983
FRIDOLIN;MÊ¯CZYZNA;6;20967989
PIERRE-ANTOINE;MÊ¯CZYZNA;6;20967995
RUSHIKESH;MÊ¯CZYZNA;6;20968001
RAVINDER SINGH;MÊ¯CZYZNA;6;20968007
RAMIREZ;MÊ¯CZYZNA;6;20968013
TOLGAHAN;MÊ¯CZYZNA;6;20968019
MIKAL;MÊ¯CZYZNA;6;20968025
UNNIKRISHNAN;MÊ¯CZYZNA;6;20968031
ABDELWAHAB;MÊ¯CZYZNA;6;20968037
BAHRAT;MÊ¯CZYZNA;6;20968043
MIAO;MÊ¯CZYZNA;6;20968049
ZEINAL;MÊ¯CZYZNA;6;20968055
ABULFAT;MÊ¯CZYZNA;6;20968061
YEGHISHE;MÊ¯CZYZNA;6;20968067
WRZES£AW;MÊ¯CZYZNA;6;20968073
DEVON;MÊ¯CZYZNA;6;20968079
SADIQ;MÊ¯CZYZNA;6;20968085
ISGANDAR;MÊ¯CZYZNA;6;20968091
EVALD;MÊ¯CZYZNA;6;20968097
SHUJI;MÊ¯CZYZNA;6;20968103
YAMIL;MÊ¯CZYZNA;6;20968109
U?URCAN;MÊ¯CZYZNA;6;20968115
SARIBEK;MÊ¯CZYZNA;6;20968121
ALTU?;MÊ¯CZYZNA;6;20968127
HÛSEYIN;MÊ¯CZYZNA;6;20968133
M?THAT;MÊ¯CZYZNA;6;20968139
GÜRAY;MÊ¯CZYZNA;6;20968145
DULAT;MÊ¯CZYZNA;6;20968151
SUBHAM;MÊ¯CZYZNA;6;20968157
OUSMAN;MÊ¯CZYZNA;6;20968163
MIKALAY;MÊ¯CZYZNA;6;20968169
EINUR;MÊ¯CZYZNA;6;20968175
ALEIX;MÊ¯CZYZNA;6;20968181
PARUYR;MÊ¯CZYZNA;6;20968187
NEIMAT;MÊ¯CZYZNA;6;20968193
MANH HA;MÊ¯CZYZNA;6;20968199
MASIS;MÊ¯CZYZNA;6;20968205
MATTHEO;MÊ¯CZYZNA;6;20968211
VINAYKUMAR;MÊ¯CZYZNA;6;20968217
SAPAR;MÊ¯CZYZNA;6;20968223
TAFARA;MÊ¯CZYZNA;6;20968229
EINAV;MÊ¯CZYZNA;6;20968235
MARTIM;MÊ¯CZYZNA;6;20968241
SIBIN;MÊ¯CZYZNA;6;20968247
ERKUT;MÊ¯CZYZNA;6;20968253
JUNFENG;MÊ¯CZYZNA;6;20968259
YOSHIKI;MÊ¯CZYZNA;6;20968265
YEDIL;MÊ¯CZYZNA;6;20968271
EIRIK;MÊ¯CZYZNA;6;20968277
KURMANBEK;MÊ¯CZYZNA;6;20968283
GEN?DIJS;MÊ¯CZYZNA;6;20968289
DONGDONG;MÊ¯CZYZNA;6;20968295
WEIFENG;MÊ¯CZYZNA;6;20968301
YINGJIE;MÊ¯CZYZNA;6;20968307
YISHAI;MÊ¯CZYZNA;6;20968313
ZSIGMOND;MÊ¯CZYZNA;6;20968319
CELALETTIN;MÊ¯CZYZNA;6;20968325
XIAOQING;MÊ¯CZYZNA;6;20968331
HUY HO?NG;MÊ¯CZYZNA;6;20968337
MD MEHEDI;MÊ¯CZYZNA;6;20968343
ALIPASHA;MÊ¯CZYZNA;6;20968349
ANARBEK;MÊ¯CZYZNA;6;20968355
FAWAD;MÊ¯CZYZNA;6;20968361
HENOCH;MÊ¯CZYZNA;6;20968367
ABHI;MÊ¯CZYZNA;6;20968373
KEANO;MÊ¯CZYZNA;6;20968379
HAIWEI;MÊ¯CZYZNA;6;20968385
RANDEEP;MÊ¯CZYZNA;6;20968391
BASIM;MÊ¯CZYZNA;6;20968397
ESWARA;MÊ¯CZYZNA;6;20968403
SYLVESTRE;MÊ¯CZYZNA;6;20968409
JAGANNATH;MÊ¯CZYZNA;6;20968415
JAIMINKUMAR;MÊ¯CZYZNA;6;20968421
HOMER;MÊ¯CZYZNA;6;20968427
ZEUS;MÊ¯CZYZNA;6;20968433
NURTAS;MÊ¯CZYZNA;6;20968439
VAN HONG;MÊ¯CZYZNA;6;20968445
YUDA;MÊ¯CZYZNA;6;20968451
PASCUAL;MÊ¯CZYZNA;6;20968457
SOUMIK;MÊ¯CZYZNA;6;20968463
IFEANYICHUKWU;MÊ¯CZYZNA;6;20968469
GHANSHYAM;MÊ¯CZYZNA;6;20968475
YUQI;MÊ¯CZYZNA;6;20968481
MARTI;MÊ¯CZYZNA;6;20968487
JAKA;MÊ¯CZYZNA;6;20968493
THIEN AN;MÊ¯CZYZNA;6;20968499
RAHID;MÊ¯CZYZNA;6;20968505
TURHAN;MÊ¯CZYZNA;6;20968511
DHIRENDRA;MÊ¯CZYZNA;6;20968517
D¯EREMI;MÊ¯CZYZNA;6;20968523
LUDVIK;MÊ¯CZYZNA;6;20968529
TAN PHAT;MÊ¯CZYZNA;5;20968534
CHAUDHRY;MÊ¯CZYZNA;5;20968539
GHANASHYAM;MÊ¯CZYZNA;5;20968544
HONGGANG;MÊ¯CZYZNA;5;20968549
LANDRY;MÊ¯CZYZNA;5;20968554
SHUKRULLO;MÊ¯CZYZNA;5;20968559
ESMAIL;MÊ¯CZYZNA;5;20968564
VILIS;MÊ¯CZYZNA;5;20968569
ALIKHON;MÊ¯CZYZNA;5;20968574
HAMDULLAH;MÊ¯CZYZNA;5;20968579
LESLEY;MÊ¯CZYZNA;5;20968584
MIROSZ;MÊ¯CZYZNA;5;20968589
JOJI;MÊ¯CZYZNA;5;20968594
TRUNG TH?NH;MÊ¯CZYZNA;5;20968599
ROLANDO JR.;MÊ¯CZYZNA;5;20968604
ROMULUS;MÊ¯CZYZNA;5;20968609
URMATBEK;MÊ¯CZYZNA;5;20968614
NEC?P;MÊ¯CZYZNA;5;20968619
FAKHRAD;MÊ¯CZYZNA;5;20968624
VI?T;MÊ¯CZYZNA;5;20968629
TURAR;MÊ¯CZYZNA;5;20968634
OLEKSYN;MÊ¯CZYZNA;5;20968639
JANSUG;MÊ¯CZYZNA;5;20968644
TAMIERLAN;MÊ¯CZYZNA;5;20968649
DALEMIR;MÊ¯CZYZNA;5;20968654
RAKSHIT;MÊ¯CZYZNA;5;20968659
BAYLAR;MÊ¯CZYZNA;5;20968664
WENPING;MÊ¯CZYZNA;5;20968669
KAISEI;MÊ¯CZYZNA;5;20968674
LUONG;MÊ¯CZYZNA;5;20968679
BORISAV;MÊ¯CZYZNA;5;20968684
QIHANG;MÊ¯CZYZNA;5;20968689
ILMYRAT;MÊ¯CZYZNA;5;20968694
ABDÜLKADIR;MÊ¯CZYZNA;5;20968699
MUSSIE;MÊ¯CZYZNA;5;20968704
IOAN-ALEXANDRU;MÊ¯CZYZNA;5;20968709
DEVANG;MÊ¯CZYZNA;5;20968714
TAYLER;MÊ¯CZYZNA;5;20968719
EDGARI;MÊ¯CZYZNA;5;20968724
HANSJÖRG;MÊ¯CZYZNA;5;20968729
KEENAN;MÊ¯CZYZNA;5;20968734
JAEHWAN;MÊ¯CZYZNA;5;20968739
AISSAM;MÊ¯CZYZNA;5;20968744
ERROL;MÊ¯CZYZNA;5;20968749
NOSHREVAN;MÊ¯CZYZNA;5;20968754
JUN HO;MÊ¯CZYZNA;5;20968759
GIANDOMENICO;MÊ¯CZYZNA;5;20968764
INACIO;MÊ¯CZYZNA;5;20968769
ÁLMOS;MÊ¯CZYZNA;5;20968774
SAMARIDDIN;MÊ¯CZYZNA;5;20968779
XIAOQIANG;MÊ¯CZYZNA;5;20968784
LOK BAHADUR;MÊ¯CZYZNA;5;20968789
ROGELIO JR.;MÊ¯CZYZNA;5;20968794
VÃN THÁI;MÊ¯CZYZNA;5;20968799
RADHAKRISHNAN;MÊ¯CZYZNA;5;20968804
ALASGAR;MÊ¯CZYZNA;5;20968809
SUHAS;MÊ¯CZYZNA;5;20968814
JULITO;MÊ¯CZYZNA;5;20968819
ZHIGANG;MÊ¯CZYZNA;5;20968824
TEVIN;MÊ¯CZYZNA;5;20968829
MINGJUN;MÊ¯CZYZNA;5;20968834
MASAFUMI;MÊ¯CZYZNA;5;20968839
OLIVIERO;MÊ¯CZYZNA;5;20968844
NOUFAL;MÊ¯CZYZNA;5;20968849
YANI;MÊ¯CZYZNA;5;20968854
URFAN;MÊ¯CZYZNA;5;20968859
ANOJ;MÊ¯CZYZNA;5;20968864
MAIRBEK;MÊ¯CZYZNA;5;20968869
JOSE RAMON;MÊ¯CZYZNA;5;20968874
TENGFEI;MÊ¯CZYZNA;5;20968879
CHANDRASHEKAR;MÊ¯CZYZNA;5;20968884
ERKINBEK;MÊ¯CZYZNA;5;20968889
VILMANTAS;MÊ¯CZYZNA;5;20968894
KHADGA;MÊ¯CZYZNA;5;20968899
MD MONIR;MÊ¯CZYZNA;5;20968904
ALONA;MÊ¯CZYZNA;5;20968909
WEIHAO;MÊ¯CZYZNA;5;20968914
TAL?P;MÊ¯CZYZNA;5;20968919
ERBOL;MÊ¯CZYZNA;5;20968924
SUNKAR;MÊ¯CZYZNA;5;20968929
MITROFAN;MÊ¯CZYZNA;5;20968934
DURMUS;MÊ¯CZYZNA;5;20968939
ELKIN;MÊ¯CZYZNA;5;20968944
KUL BAHADUR;MÊ¯CZYZNA;5;20968949
GURTEJ;MÊ¯CZYZNA;5;20968954
HONG THAI;MÊ¯CZYZNA;5;20968959
AMADEI;MÊ¯CZYZNA;5;20968964
WSZEBOR;MÊ¯CZYZNA;5;20968969
NURIDIN;MÊ¯CZYZNA;5;20968974
VAN DO;MÊ¯CZYZNA;5;20968979
MILIND;MÊ¯CZYZNA;5;20968984
ARBNOR;MÊ¯CZYZNA;5;20968989
DONGHOON;MÊ¯CZYZNA;5;20968994
AYVAZ;MÊ¯CZYZNA;5;20968999
SPIRO;MÊ¯CZYZNA;5;20969004
YOHAY;MÊ¯CZYZNA;5;20969009
QUINTIN;MÊ¯CZYZNA;5;20969014
ALOYS;MÊ¯CZYZNA;5;20969019
RASOOL;MÊ¯CZYZNA;5;20969024
MOHI;MÊ¯CZYZNA;5;20969029
BEKTURSUN;MÊ¯CZYZNA;5;20969034
MADRIN;MÊ¯CZYZNA;5;20969039
DONGHAI;MÊ¯CZYZNA;5;20969044
DEO;MÊ¯CZYZNA;5;20969049
DINESHKUMAR;MÊ¯CZYZNA;5;20969054
RUSALIM;MÊ¯CZYZNA;5;20969059
JISMON;MÊ¯CZYZNA;5;20969064
XSAVIER;MÊ¯CZYZNA;5;20969069
MYHAIL;MÊ¯CZYZNA;5;20969074
BENIK;MÊ¯CZYZNA;5;20969079
LEJZOR;MÊ¯CZYZNA;5;20969084
HANS-WERNER;MÊ¯CZYZNA;5;20969089
DARSH;MÊ¯CZYZNA;5;20969094
DERMOT;MÊ¯CZYZNA;5;20969099
AVAZKHON;MÊ¯CZYZNA;5;20969104
AYCAN;MÊ¯CZYZNA;5;20969109
MATSI;MÊ¯CZYZNA;5;20969114
MOULAY;MÊ¯CZYZNA;5;20969119
MER?Ç;MÊ¯CZYZNA;5;20969124
ARSENYI;MÊ¯CZYZNA;5;20969129
DEVIS;MÊ¯CZYZNA;5;20969134
GIO;MÊ¯CZYZNA;5;20969139
HAYKEL;MÊ¯CZYZNA;5;20969144
ANDRZEI;MÊ¯CZYZNA;5;20969149
VLADICA;MÊ¯CZYZNA;5;20969154
MAULIK;MÊ¯CZYZNA;5;20969159
FADEL;MÊ¯CZYZNA;5;20969164
D¯INO;MÊ¯CZYZNA;5;20969169
MIKIS;MÊ¯CZYZNA;5;20969174
JOS?;MÊ¯CZYZNA;5;20969179
SHINU;MÊ¯CZYZNA;5;20969184
VIAAN;MÊ¯CZYZNA;5;20969189
FURQAN;MÊ¯CZYZNA;5;20969194
QU?C HUY;MÊ¯CZYZNA;5;20969199
SAGARKUMAR;MÊ¯CZYZNA;5;20969204
TYMOTHY;MÊ¯CZYZNA;5;20969209
MÃDÃLIN;MÊ¯CZYZNA;5;20969214
LAHOUARI;MÊ¯CZYZNA;5;20969219
RAMZY;MÊ¯CZYZNA;5;20969224
RODYON;MÊ¯CZYZNA;5;20969229
PIERRE-OLIVIER;MÊ¯CZYZNA;5;20969234
MAMUNUR;MÊ¯CZYZNA;5;20969239
VÃN GIANG;MÊ¯CZYZNA;5;20969244
VESSELIN;MÊ¯CZYZNA;5;20969249
COENRAAD;MÊ¯CZYZNA;5;20969254
JUSUP;MÊ¯CZYZNA;5;20969259
GIYOS;MÊ¯CZYZNA;5;20969264
DOGUKAN;MÊ¯CZYZNA;5;20969269
AZEM;MÊ¯CZYZNA;5;20969274
EVEREST;MÊ¯CZYZNA;5;20969279
HABIBULLO;MÊ¯CZYZNA;5;20969284
NASSIR;MÊ¯CZYZNA;5;20969289
MINH TIEN;MÊ¯CZYZNA;5;20969294
SIYOVUSH;MÊ¯CZYZNA;5;20969299
ILKHOMDZHON;MÊ¯CZYZNA;5;20969304
JYOTI;MÊ¯CZYZNA;5;20969309
MU;MÊ¯CZYZNA;5;20969314
AJIN;MÊ¯CZYZNA;5;20969319
KRISHNAKUMAR;MÊ¯CZYZNA;5;20969324
ABI;MÊ¯CZYZNA;5;20969329
ALEXSI;MÊ¯CZYZNA;5;20969334
SEJAD;MÊ¯CZYZNA;5;20969339
GÜNAY;MÊ¯CZYZNA;5;20969344
WAI;MÊ¯CZYZNA;5;20969349
VIKTORI;MÊ¯CZYZNA;5;20969354
MANIK;MÊ¯CZYZNA;5;20969359
YEVDOKYM;MÊ¯CZYZNA;5;20969364
MARINEL;MÊ¯CZYZNA;5;20969369
APPALA RAJU;MÊ¯CZYZNA;5;20969374
CHANGLIN;MÊ¯CZYZNA;5;20969379
KEAN;MÊ¯CZYZNA;5;20969384
ANIEL;MÊ¯CZYZNA;5;20969389
RYS£AW;MÊ¯CZYZNA;5;20969394
MATUS;MÊ¯CZYZNA;5;20969399
NAIRI;MÊ¯CZYZNA;5;20969404
SHIVA KUMAR;MÊ¯CZYZNA;5;20969409
IGORIS;MÊ¯CZYZNA;5;20969414
SHOJI;MÊ¯CZYZNA;5;20969419
VAKKAS;MÊ¯CZYZNA;5;20969424
YELNUR;MÊ¯CZYZNA;5;20969429
YUPING;MÊ¯CZYZNA;5;20969434
ADAMANTIOS;MÊ¯CZYZNA;5;20969439
FIRUZJON;MÊ¯CZYZNA;5;20969444
AGGEUSZ;MÊ¯CZYZNA;5;20969449
ªERIF;MÊ¯CZYZNA;5;20969454
CENG?ZHAN;MÊ¯CZYZNA;5;20969459
NEJC;MÊ¯CZYZNA;5;20969464
THU;MÊ¯CZYZNA;5;20969469
RENAD;MÊ¯CZYZNA;5;20969474
AFRIM;MÊ¯CZYZNA;5;20969479
ZBIGNIEV;MÊ¯CZYZNA;5;20969484
VAN LUC;MÊ¯CZYZNA;5;20969489
CHARIS;MÊ¯CZYZNA;5;20969494
PRITESHKUMAR;MÊ¯CZYZNA;5;20969499
NABIJON;MÊ¯CZYZNA;5;20969504
JAEPIL;MÊ¯CZYZNA;5;20969509
DEVEN;MÊ¯CZYZNA;5;20969514
LUIS EDUARDO;MÊ¯CZYZNA;5;20969519
SHRIRAM;MÊ¯CZYZNA;5;20969524
ISROILJON;MÊ¯CZYZNA;5;20969529
TIMURLAN;MÊ¯CZYZNA;5;20969534
MD KAMAL;MÊ¯CZYZNA;5;20969539
URAN;MÊ¯CZYZNA;5;20969544
SHAHRUKH;MÊ¯CZYZNA;5;20969549
QUE;MÊ¯CZYZNA;5;20969554
HAIYONG;MÊ¯CZYZNA;5;20969559
YOUSAF;MÊ¯CZYZNA;5;20969564
NATHANEL;MÊ¯CZYZNA;5;20969569
MENDERES;MÊ¯CZYZNA;5;20969574
BERTAN;MÊ¯CZYZNA;5;20969579
AVIN;MÊ¯CZYZNA;5;20969584
FRANCISCO DE BORJA;MÊ¯CZYZNA;5;20969589
ZHIPING;MÊ¯CZYZNA;5;20969594
WAJAHAT;MÊ¯CZYZNA;5;20969599
CHRISTY;MÊ¯CZYZNA;5;20969604
DADASH;MÊ¯CZYZNA;5;20969609
HUU TIEN;MÊ¯CZYZNA;5;20969614
ANIRUDDHA;MÊ¯CZYZNA;5;20969619
JOURI;MÊ¯CZYZNA;5;20969624
HORATIO;MÊ¯CZYZNA;5;20969629
SHIRAN;MÊ¯CZYZNA;5;20969634
WILLFRIED;MÊ¯CZYZNA;5;20969639
HEROMIN;MÊ¯CZYZNA;5;20969644
ZHIHONG;MÊ¯CZYZNA;5;20969649
ALEKSIJ;MÊ¯CZYZNA;5;20969654
DAM;MÊ¯CZYZNA;5;20969659
OSMANI;MÊ¯CZYZNA;5;20969664
ANNE;MÊ¯CZYZNA;5;20969669
TARANG;MÊ¯CZYZNA;5;20969674
XUAN HIEN;MÊ¯CZYZNA;5;20969679
SHAABAN;MÊ¯CZYZNA;5;20969684
VAN NHAN;MÊ¯CZYZNA;5;20969689
ARYSTAN;MÊ¯CZYZNA;5;20969694
IGBAL;MÊ¯CZYZNA;5;20969699
BEKTEMIR;MÊ¯CZYZNA;5;20969704
LUDOMI£;MÊ¯CZYZNA;5;20969709
SHRIDHAR;MÊ¯CZYZNA;5;20969714
NOSIRJON;MÊ¯CZYZNA;5;20969719
ARMAZI;MÊ¯CZYZNA;5;20969724
??NH;MÊ¯CZYZNA;5;20969729
VJACHESLAV;MÊ¯CZYZNA;5;20969734
CIWAN;MÊ¯CZYZNA;5;20969739
HANNO;MÊ¯CZYZNA;5;20969744
VÃN L?C;MÊ¯CZYZNA;5;20969749
MADHUKAR;MÊ¯CZYZNA;5;20969754
DRAGO?;MÊ¯CZYZNA;5;20969759
HARVINDER;MÊ¯CZYZNA;5;20969764
ANGHEL;MÊ¯CZYZNA;5;20969769
ARIJUS;MÊ¯CZYZNA;5;20969774
ENVERI;MÊ¯CZYZNA;5;20969779
EVERTON;MÊ¯CZYZNA;5;20969784
REMON;MÊ¯CZYZNA;5;20969789
BUGRA;MÊ¯CZYZNA;5;20969794
BISHAN;MÊ¯CZYZNA;5;20969799
ADNRII;MÊ¯CZYZNA;5;20969804
KULDIP;MÊ¯CZYZNA;5;20969809
PHILLIPE;MÊ¯CZYZNA;5;20969814
HWAN;MÊ¯CZYZNA;5;20969819
HANGYEOL;MÊ¯CZYZNA;5;20969824
IUNIS;MÊ¯CZYZNA;5;20969829
EGEHAN;MÊ¯CZYZNA;5;20969834
SHENGELI;MÊ¯CZYZNA;5;20969839
NIZOMIDDIN;MÊ¯CZYZNA;5;20969844
SALOHIDDIN;MÊ¯CZYZNA;5;20969849
YEJUN;MÊ¯CZYZNA;5;20969854
SZILÁRD;MÊ¯CZYZNA;5;20969859
YVO;MÊ¯CZYZNA;5;20969864
MIHÃIÞÃ;MÊ¯CZYZNA;5;20969869
MOMODOU;MÊ¯CZYZNA;5;20969874
FLORENTINO;MÊ¯CZYZNA;5;20969879
LENNON;MÊ¯CZYZNA;5;20969884
ABDULKAREEM;MÊ¯CZYZNA;5;20969889
AZEEZ;MÊ¯CZYZNA;5;20969894
MD ALI;MÊ¯CZYZNA;5;20969899
RIGOBERT;MÊ¯CZYZNA;5;20969904
ANXO;MÊ¯CZYZNA;5;20969909
AIBOL;MÊ¯CZYZNA;5;20969914
BARTON;MÊ¯CZYZNA;5;20969919
JIANHONG;MÊ¯CZYZNA;5;20969924
INGEMAR;MÊ¯CZYZNA;5;20969929
OSWIN;MÊ¯CZYZNA;5;20969934
SHIVAN;MÊ¯CZYZNA;5;20969939
SHAYAAN;MÊ¯CZYZNA;5;20969944
SI;MÊ¯CZYZNA;5;20969949
MAKSUDJON;MÊ¯CZYZNA;5;20969954
JURANT;MÊ¯CZYZNA;5;20969959
HOLDEN;MÊ¯CZYZNA;5;20969964
TRIEU;MÊ¯CZYZNA;5;20969969
IADIGAR;MÊ¯CZYZNA;5;20969974
JIANBO;MÊ¯CZYZNA;5;20969979
GBOLAHAN;MÊ¯CZYZNA;5;20969984
SOTA;MÊ¯CZYZNA;5;20969989
ESKO;MÊ¯CZYZNA;5;20969994
ELIS;MÊ¯CZYZNA;5;20969999
ERGYS;MÊ¯CZYZNA;5;20970004
NASRATULLAH;MÊ¯CZYZNA;5;20970009
BRADY;MÊ¯CZYZNA;5;20970014
ZELONG;MÊ¯CZYZNA;5;20970019
TOMOKI;MÊ¯CZYZNA;5;20970024
SANEESH;MÊ¯CZYZNA;5;20970029
DANCHO;MÊ¯CZYZNA;5;20970034
PALWINDER;MÊ¯CZYZNA;5;20970039
THALES;MÊ¯CZYZNA;5;20970044
FARSHID;MÊ¯CZYZNA;5;20970049
BATOR;MÊ¯CZYZNA;5;20970054
CHIBUIKE;MÊ¯CZYZNA;5;20970059
ESMAEL;MÊ¯CZYZNA;5;20970064
YUBO;MÊ¯CZYZNA;5;20970069
FAYSSAL;MÊ¯CZYZNA;5;20970074
ARMINAS;MÊ¯CZYZNA;5;20970079
KLEBER;MÊ¯CZYZNA;5;20970084
GYUNAYDIN;MÊ¯CZYZNA;5;20970089
BAIJU;MÊ¯CZYZNA;5;20970094
MALAY;MÊ¯CZYZNA;5;20970099
MAOZ;MÊ¯CZYZNA;5;20970104
RIYADH;MÊ¯CZYZNA;5;20970109
VIVEK KUMAR;MÊ¯CZYZNA;5;20970114
JOSHI;MÊ¯CZYZNA;5;20970119
DILYAN;MÊ¯CZYZNA;5;20970124
RYOTARO;MÊ¯CZYZNA;5;20970129
KHUSHBAKHT;MÊ¯CZYZNA;5;20970134
SAIDUR;MÊ¯CZYZNA;5;20970139
ARJEL;MÊ¯CZYZNA;5;20970144
PRASANT;MÊ¯CZYZNA;5;20970149
VAN DINH;MÊ¯CZYZNA;5;20970154
THANH CONG;MÊ¯CZYZNA;5;20970159
BOBI;MÊ¯CZYZNA;5;20970164
MAKHSUDJON;MÊ¯CZYZNA;5;20970169
ERIBERTO;MÊ¯CZYZNA;5;20970174
JEREMÍAS;MÊ¯CZYZNA;5;20970179
SHOKHZODBEK;MÊ¯CZYZNA;5;20970184
ÖZHAN;MÊ¯CZYZNA;5;20970189
DAMILOLA;MÊ¯CZYZNA;5;20970194
SAIDAKRAM;MÊ¯CZYZNA;5;20970199
SARATH KUMAR;MÊ¯CZYZNA;5;20970204
FERHAN;MÊ¯CZYZNA;5;20970209
ALECHANDRO;MÊ¯CZYZNA;5;20970214
SK;MÊ¯CZYZNA;5;20970219
RENIS;MÊ¯CZYZNA;5;20970224
RAJDEN;MÊ¯CZYZNA;5;20970229
NIZOMJON;MÊ¯CZYZNA;5;20970234
KRASEN;MÊ¯CZYZNA;5;20970239
DAICHI;MÊ¯CZYZNA;5;20970244
PANDO;MÊ¯CZYZNA;5;20970249
STANISLAVAS;MÊ¯CZYZNA;5;20970254
JAGDISH;MÊ¯CZYZNA;5;20970259
ANJAN;MÊ¯CZYZNA;5;20970264
ADEWALE;MÊ¯CZYZNA;5;20970269
AZLAN;MÊ¯CZYZNA;5;20970274
SHOVAL;MÊ¯CZYZNA;5;20970279
KLAJDI;MÊ¯CZYZNA;5;20970284
NA?M;MÊ¯CZYZNA;5;20970289
KHRYSTYIAN;MÊ¯CZYZNA;5;20970294
THI?N;MÊ¯CZYZNA;5;20970299
PIERFRANCESCO;MÊ¯CZYZNA;5;20970304
FOZIL;MÊ¯CZYZNA;5;20970309
JAIMIN;MÊ¯CZYZNA;5;20970314
MUHIEDDINE;MÊ¯CZYZNA;5;20970319
KJETIL;MÊ¯CZYZNA;5;20970324
RUMI;MÊ¯CZYZNA;5;20970329
SEBAHATT?N;MÊ¯CZYZNA;5;20970334
WALDO;MÊ¯CZYZNA;5;20970339
KARUN;MÊ¯CZYZNA;5;20970344
ABDU;MÊ¯CZYZNA;5;20970349
PASQUALINO;MÊ¯CZYZNA;5;20970354
ZHICHENG;MÊ¯CZYZNA;5;20970359
LOKI;MÊ¯CZYZNA;5;20970364
GHEORGHITA;MÊ¯CZYZNA;5;20970369
XUÂN LONG;MÊ¯CZYZNA;5;20970374
PUSKAR;MÊ¯CZYZNA;5;20970379
SHAKHLAR;MÊ¯CZYZNA;5;20970384
MONDAY;MÊ¯CZYZNA;5;20970389
AMBROISE;MÊ¯CZYZNA;5;20970394
SALAH-EDDINE;MÊ¯CZYZNA;5;20970399
IUSUB;MÊ¯CZYZNA;5;20970404
PRIIT;MÊ¯CZYZNA;5;20970409
PREM KUMAR;MÊ¯CZYZNA;5;20970414
XIAOYI;MÊ¯CZYZNA;5;20970419
MATHÄUS;MÊ¯CZYZNA;5;20970424
ADHVIK;MÊ¯CZYZNA;5;20970429
MUBASHIR;MÊ¯CZYZNA;5;20970434
SAID-EMIN;MÊ¯CZYZNA;5;20970439
RADZHU;MÊ¯CZYZNA;5;20970444
NAWID;MÊ¯CZYZNA;5;20970449
ÇA?LAR;MÊ¯CZYZNA;5;20970454
RONIN;MÊ¯CZYZNA;5;20970459
MAKSYMA;MÊ¯CZYZNA;5;20970464
VALIKHAN;MÊ¯CZYZNA;5;20970469
DUMITRU-DANIEL;MÊ¯CZYZNA;5;20970474
WALKER;MÊ¯CZYZNA;5;20970479
SUAREZ;MÊ¯CZYZNA;5;20970484
NICKOLAY;MÊ¯CZYZNA;5;20970489
CHESLAU;MÊ¯CZYZNA;5;20970494
BAGDAN;MÊ¯CZYZNA;5;20970499
NAMAN;MÊ¯CZYZNA;5;20970504
HRACHYK;MÊ¯CZYZNA;5;20970509
?LKAY;MÊ¯CZYZNA;5;20970514
PEREC;MÊ¯CZYZNA;5;20970519
IRODION;MÊ¯CZYZNA;5;20970524
RAFIS;MÊ¯CZYZNA;5;20970529
ALIMARDON;MÊ¯CZYZNA;5;20970534
AUBREY;MÊ¯CZYZNA;5;20970539
SUSAN;MÊ¯CZYZNA;5;20970544
GOVINDA RAO;MÊ¯CZYZNA;5;20970549
BAKHISH;MÊ¯CZYZNA;5;20970554
BABAGELDI;MÊ¯CZYZNA;5;20970559
VASYL';MÊ¯CZYZNA;5;20970564
PHILEMON;MÊ¯CZYZNA;5;20970569
RADZIM;MÊ¯CZYZNA;5;20970574
LEEROY;MÊ¯CZYZNA;5;20970579
DIWAKAR;MÊ¯CZYZNA;5;20970584
SUHEL;MÊ¯CZYZNA;5;20970589
REGEV;MÊ¯CZYZNA;5;20970594
TAT;MÊ¯CZYZNA;5;20970599
GIANMARIA;MÊ¯CZYZNA;5;20970604
CARLES;MÊ¯CZYZNA;5;20970609
TAMASH;MÊ¯CZYZNA;5;20970614
AIKAZ;MÊ¯CZYZNA;5;20970619
SVIATOSLAN;MÊ¯CZYZNA;5;20970624
ALEKSANDËR;MÊ¯CZYZNA;5;20970629
AZMI;MÊ¯CZYZNA;5;20970634
AKOS;MÊ¯CZYZNA;5;20970639
CHIA;MÊ¯CZYZNA;5;20970644
DZHUMBER;MÊ¯CZYZNA;5;20970649
JUNBO;MÊ¯CZYZNA;5;20970654
SVIETOZAR;MÊ¯CZYZNA;5;20970659
IVANOU;MÊ¯CZYZNA;5;20970664
HRYHORIJ;MÊ¯CZYZNA;5;20970669
JIAPENG;MÊ¯CZYZNA;5;20970674
KIROLLOS;MÊ¯CZYZNA;5;20970679
SUDHEESH;MÊ¯CZYZNA;5;20970684
BEERI;MÊ¯CZYZNA;5;20970689
SHIRALI;MÊ¯CZYZNA;5;20970694
MATTIS;MÊ¯CZYZNA;5;20970699
JOSSEF;MÊ¯CZYZNA;5;20970704
JAKIR;MÊ¯CZYZNA;5;20970709
JAEMIN;MÊ¯CZYZNA;5;20970714
RAJBIR;MÊ¯CZYZNA;5;20970719
YLLI;MÊ¯CZYZNA;5;20970724
MALLIKARJUNA;MÊ¯CZYZNA;5;20970729
XUAN HA;MÊ¯CZYZNA;5;20970734
VALERYY;MÊ¯CZYZNA;5;20970739
FERMAN;MÊ¯CZYZNA;5;20970744
ARTÜRAS;MÊ¯CZYZNA;5;20970749
ZIYOIDDIN;MÊ¯CZYZNA;5;20970754
MELEK;MÊ¯CZYZNA;5;20970759
BATTISTA;MÊ¯CZYZNA;5;20970764
NIDHEESH;MÊ¯CZYZNA;5;20970769
XHULIO;MÊ¯CZYZNA;5;20970774
MAROUAN;MÊ¯CZYZNA;5;20970779
YUCHAN;MÊ¯CZYZNA;5;20970784
SARPER;MÊ¯CZYZNA;5;20970789
BRYN;MÊ¯CZYZNA;5;20970794
ODYSSEUS;MÊ¯CZYZNA;5;20970799
TUMOFIY;MÊ¯CZYZNA;5;20970804
JOONYOUNG;MÊ¯CZYZNA;5;20970809
SHYJU;MÊ¯CZYZNA;5;20970814
YISHAY;MÊ¯CZYZNA;5;20970819
KUANDYK;MÊ¯CZYZNA;5;20970824
ESEN;MÊ¯CZYZNA;5;20970829
ªEHMUS;MÊ¯CZYZNA;5;20970834
KIYOSHI;MÊ¯CZYZNA;5;20970839
VÃN TH?NH;MÊ¯CZYZNA;5;20970844
ALFI;MÊ¯CZYZNA;5;20970849
ORESTI;MÊ¯CZYZNA;5;20970854
BJARKE;MÊ¯CZYZNA;5;20970859
BARUN;MÊ¯CZYZNA;5;20970864
ELCHANAN;MÊ¯CZYZNA;5;20970869
MAJKIEL;MÊ¯CZYZNA;5;20970874
MARION;MÊ¯CZYZNA;5;20970879
SANDERS;MÊ¯CZYZNA;5;20970884
KAUSTAV;MÊ¯CZYZNA;5;20970889
ROWEN;MÊ¯CZYZNA;5;20970894
DAYAN;MÊ¯CZYZNA;5;20970899
DOVUD;MÊ¯CZYZNA;5;20970904
ANDREWS;MÊ¯CZYZNA;5;20970909
OLUWATIMILEHIN;MÊ¯CZYZNA;5;20970914
BOHDAR;MÊ¯CZYZNA;5;20970919
LAHCENE;MÊ¯CZYZNA;5;20970924
TELES£AW;MÊ¯CZYZNA;5;20970929
ROD;MÊ¯CZYZNA;5;20970934
GAHRAMAN;MÊ¯CZYZNA;5;20970939
ARNOLDUS;MÊ¯CZYZNA;5;20970944
NAMIL;MÊ¯CZYZNA;5;20970949
BURGHARD;MÊ¯CZYZNA;5;20970954
SANJIT;MÊ¯CZYZNA;5;20970959
SAYDULLA;MÊ¯CZYZNA;5;20970964
PARHAM;MÊ¯CZYZNA;5;20970969
U?URCAN;MÊ¯CZYZNA;5;20970974
NISSIM;MÊ¯CZYZNA;5;20970979
CEMRE;MÊ¯CZYZNA;5;20970984
ZHIXIONG;MÊ¯CZYZNA;5;20970989
ABDULLAHI;MÊ¯CZYZNA;5;20970994
AKE;MÊ¯CZYZNA;5;20970999
DIMITRE;MÊ¯CZYZNA;5;20971004
DIONISIOS;MÊ¯CZYZNA;5;20971009
PJOTR;MÊ¯CZYZNA;5;20971014
KOSEI;MÊ¯CZYZNA;5;20971019
TSIARENTSI;MÊ¯CZYZNA;5;20971024
FERGAL;MÊ¯CZYZNA;5;20971029
MÜCAHIT;MÊ¯CZYZNA;5;20971034
DZHEM;MÊ¯CZYZNA;5;20971039
MAGOMED-AMIN;MÊ¯CZYZNA;5;20971044
VÃN ??T;MÊ¯CZYZNA;5;20971049
IYAN;MÊ¯CZYZNA;5;20971054
YASHPAL;MÊ¯CZYZNA;5;20971059
DIVYANSH;MÊ¯CZYZNA;5;20971064
ADRIYAN;MÊ¯CZYZNA;5;20971069
GUOPING;MÊ¯CZYZNA;5;20971074
SUYASH;MÊ¯CZYZNA;5;20971079
ABDULLAJON;MÊ¯CZYZNA;5;20971084
ORUDJ;MÊ¯CZYZNA;5;20971089
ILKHOMZHON;MÊ¯CZYZNA;5;20971094
MARINKO;MÊ¯CZYZNA;5;20971099
COHEN;MÊ¯CZYZNA;5;20971104
CAI;MÊ¯CZYZNA;5;20971109
PREETAM;MÊ¯CZYZNA;5;20971114
GURJINDER;MÊ¯CZYZNA;5;20971119
ANIR;MÊ¯CZYZNA;5;20971124
ADRYAN;MÊ¯CZYZNA;5;20971129
IDEL;MÊ¯CZYZNA;5;20971134
REYHAN;MÊ¯CZYZNA;5;20971139
ASLIDIN;MÊ¯CZYZNA;5;20971144
ZOFIAN;MÊ¯CZYZNA;5;20971149
PITERS;MÊ¯CZYZNA;5;20971154
XIAOBIN;MÊ¯CZYZNA;5;20971159
MIKAEEL;MÊ¯CZYZNA;5;20971164
SHOHAM;MÊ¯CZYZNA;5;20971169
GURSHARAN;MÊ¯CZYZNA;5;20971174
EWANGELIS;MÊ¯CZYZNA;5;20971179
SEUNGHUN;MÊ¯CZYZNA;5;20971184
DARIEL;MÊ¯CZYZNA;5;20971189
PIERRE-HENRI;MÊ¯CZYZNA;5;20971194
ARTASZES;MÊ¯CZYZNA;5;20971199
XINWEI;MÊ¯CZYZNA;5;20971204
MUNKHBAYAR;MÊ¯CZYZNA;5;20971209
BERZAN;MÊ¯CZYZNA;5;20971214
MAZAHIR;MÊ¯CZYZNA;5;20971219
NGHI;MÊ¯CZYZNA;5;20971224
INDER;MÊ¯CZYZNA;5;20971229
TIBO;MÊ¯CZYZNA;5;20971234
MAMADY;MÊ¯CZYZNA;5;20971239
AVIHAY;MÊ¯CZYZNA;5;20971244
SENOL;MÊ¯CZYZNA;5;20971249
MINH NGHIA;MÊ¯CZYZNA;5;20971254
GERALDO;MÊ¯CZYZNA;5;20971259
OLAKSANDR;MÊ¯CZYZNA;5;20971264
RONALDUS;MÊ¯CZYZNA;5;20971269
JUYOUNG;MÊ¯CZYZNA;5;20971274
LEONIDS;MÊ¯CZYZNA;5;20971279
KHAYOTJON;MÊ¯CZYZNA;5;20971284
JINBO;MÊ¯CZYZNA;5;20971289
SUKHROBJON;MÊ¯CZYZNA;5;20971294
GRATIAN;MÊ¯CZYZNA;5;20971299
FAVIO;MÊ¯CZYZNA;5;20971304
ALAND;MÊ¯CZYZNA;5;20971309
LOREN;MÊ¯CZYZNA;5;20971314
GARIC;MÊ¯CZYZNA;5;20971319
MOCH;MÊ¯CZYZNA;5;20971324
GILSON;MÊ¯CZYZNA;5;20971329
YONG SU;MÊ¯CZYZNA;5;20971334
JITHU;MÊ¯CZYZNA;5;20971339
HAI LONG;MÊ¯CZYZNA;5;20971344
DONGHYEON;MÊ¯CZYZNA;5;20971349
AHRON;MÊ¯CZYZNA;5;20971354
JUNUS;MÊ¯CZYZNA;5;20971359
HYUN WOO;MÊ¯CZYZNA;5;20971364
TARCISIO;MÊ¯CZYZNA;5;20971369
NAZARENO;MÊ¯CZYZNA;5;20971374
LIFENG;MÊ¯CZYZNA;5;20971379
YUXIN;MÊ¯CZYZNA;5;20971384
NURBOLOT;MÊ¯CZYZNA;5;20971389
SHAMSHER;MÊ¯CZYZNA;5;20971394
HYUNMIN;MÊ¯CZYZNA;5;20971399
SHOMUROD;MÊ¯CZYZNA;5;20971404
TRANG;MÊ¯CZYZNA;5;20971409
BOYANG;MÊ¯CZYZNA;5;20971414
JUMSHUD;MÊ¯CZYZNA;5;20971419
XIAOLIN;MÊ¯CZYZNA;5;20971424
ALIBI;MÊ¯CZYZNA;5;20971429
DANIILS;MÊ¯CZYZNA;5;20971434
SEONGMIN;MÊ¯CZYZNA;5;20971439
ELIASH;MÊ¯CZYZNA;5;20971444
ABDURRAH?M;MÊ¯CZYZNA;5;20971449
IANO?;MÊ¯CZYZNA;5;20971454
YUNHO;MÊ¯CZYZNA;5;20971459
DOMOS£AW;MÊ¯CZYZNA;5;20971464
WELLINGTON;MÊ¯CZYZNA;5;20971469
FYLYPP;MÊ¯CZYZNA;5;20971474
FIRDAVSJON;MÊ¯CZYZNA;5;20971479
KUVONCHBEK;MÊ¯CZYZNA;5;20971484
YVON;MÊ¯CZYZNA;5;20971489
TRÍ;MÊ¯CZYZNA;5;20971494
TEODOZIY;MÊ¯CZYZNA;5;20971499
BORZYS£AW;MÊ¯CZYZNA;5;20971504
BENJÁMIN;MÊ¯CZYZNA;5;20971509
JOSE JR.;MÊ¯CZYZNA;5;20971514
¯IVKO;MÊ¯CZYZNA;5;20971519
SANCHIT;MÊ¯CZYZNA;5;20971524
MOSA;MÊ¯CZYZNA;5;20971529
YLBER;MÊ¯CZYZNA;5;20971534
RIYAZ;MÊ¯CZYZNA;5;20971539
MILIANO;MÊ¯CZYZNA;5;20971544
STEFFAN;MÊ¯CZYZNA;5;20971549
MATITYAHU;MÊ¯CZYZNA;5;20971554
MUKHTORJON;MÊ¯CZYZNA;5;20971559
JES;MÊ¯CZYZNA;5;20971564
RADIA;MÊ¯CZYZNA;5;20971569
YURIYI;MÊ¯CZYZNA;5;20971574
VALÉRIAN;MÊ¯CZYZNA;5;20971579
RADIVOJE;MÊ¯CZYZNA;5;20971584
JUNHYEOK;MÊ¯CZYZNA;5;20971589
HAJUN;MÊ¯CZYZNA;5;20971594
BATBOLD;MÊ¯CZYZNA;5;20971599
SHAMO;MÊ¯CZYZNA;5;20971604
RAJASEKHAR;MÊ¯CZYZNA;5;20971609
TSYREN;MÊ¯CZYZNA;5;20971614
SIERAFIM;MÊ¯CZYZNA;5;20971619
THARUN;MÊ¯CZYZNA;5;20971624
YONGJIE;MÊ¯CZYZNA;5;20971629
THANH HAI;MÊ¯CZYZNA;5;20971634
DMYRTO;MÊ¯CZYZNA;5;20971639
TENZIN;MÊ¯CZYZNA;5;20971644
LIANGLIANG;MÊ¯CZYZNA;5;20971649
JOBY;MÊ¯CZYZNA;5;20971654
NIAMADDIN;MÊ¯CZYZNA;5;20971659
PAULI;MÊ¯CZYZNA;5;20971664
ABDERRAHMAN;MÊ¯CZYZNA;5;20971669
HIMI;MÊ¯CZYZNA;5;20971674
ZWI;MÊ¯CZYZNA;5;20971679
BOLEK;MÊ¯CZYZNA;5;20971684
RACHIT;MÊ¯CZYZNA;5;20971689
KASHI;MÊ¯CZYZNA;5;20971694
TOPI;MÊ¯CZYZNA;5;20971699
JUNXI;MÊ¯CZYZNA;5;20971704
VENIYAMIN;MÊ¯CZYZNA;5;20971709
ZHIYU;MÊ¯CZYZNA;5;20971714
TULIUSZ;MÊ¯CZYZNA;5;20971719
JONGWOOK;MÊ¯CZYZNA;5;20971724
QUOC KHANH;MÊ¯CZYZNA;5;20971729
WAIL;MÊ¯CZYZNA;5;20971734
PARITOSH;MÊ¯CZYZNA;5;20971739
JILANI;MÊ¯CZYZNA;5;20971744
MAKHAMMADJON;MÊ¯CZYZNA;5;20971749
TUNCER;MÊ¯CZYZNA;5;20971754
MINH AN;MÊ¯CZYZNA;5;20971759
NIKODIM;MÊ¯CZYZNA;5;20971764
UBAYDULLO;MÊ¯CZYZNA;5;20971769
YAGYA;MÊ¯CZYZNA;5;20971774
BESO;MÊ¯CZYZNA;5;20971779
ERASTI;MÊ¯CZYZNA;5;20971784
JAYDAN;MÊ¯CZYZNA;5;20971789
RUSHAN;MÊ¯CZYZNA;5;20971794
RUSHABH;MÊ¯CZYZNA;5;20971799
ZEID;MÊ¯CZYZNA;5;20971804
RADOWID;MÊ¯CZYZNA;5;20971809
HUU THO;MÊ¯CZYZNA;5;20971814
S£AW;MÊ¯CZYZNA;5;20971819
BALDWIN;MÊ¯CZYZNA;5;20971824
MATTÉO;MÊ¯CZYZNA;5;20971829
SELVIN;MÊ¯CZYZNA;5;20971834
ÉMILE;MÊ¯CZYZNA;5;20971839
THADEUS;MÊ¯CZYZNA;5;20971844
GNAT;MÊ¯CZYZNA;5;20971849
ZAYNDI;MÊ¯CZYZNA;5;20971854
SAMIM;MÊ¯CZYZNA;5;20971859
BAGUS;MÊ¯CZYZNA;5;20971864
ELYORJON;MÊ¯CZYZNA;5;20971869
MANH THANG;MÊ¯CZYZNA;5;20971874
JED;MÊ¯CZYZNA;5;20971879
LOVEPREET SINGH;MÊ¯CZYZNA;5;20971884
KHARON;MÊ¯CZYZNA;5;20971889
PROKHAR;MÊ¯CZYZNA;5;20971894
ALFIN;MÊ¯CZYZNA;5;20971899
ABDUMAJID;MÊ¯CZYZNA;5;20971904
GÜLTEK?N;MÊ¯CZYZNA;5;20971909
TIMAFEI;MÊ¯CZYZNA;5;20971914
WILMER;MÊ¯CZYZNA;5;20971919
NURULLA;MÊ¯CZYZNA;5;20971924
TEVF?K;MÊ¯CZYZNA;5;20971929
AMBROSI;MÊ¯CZYZNA;5;20971934
COBY;MÊ¯CZYZNA;5;20971939
IOSSIF;MÊ¯CZYZNA;5;20971944
MEHREZ;MÊ¯CZYZNA;5;20971949
YORAI;MÊ¯CZYZNA;5;20971954
MANABU;MÊ¯CZYZNA;5;20971959
SILVERIO;MÊ¯CZYZNA;5;20971964
B?ROL;MÊ¯CZYZNA;5;20971969
B?O NAM;MÊ¯CZYZNA;5;20971974
MILOT;MÊ¯CZYZNA;5;20971979
DUY NAM;MÊ¯CZYZNA;5;20971984
ARV?DS;MÊ¯CZYZNA;5;20971989
MIIKA;MÊ¯CZYZNA;5;20971994
DOBRI;MÊ¯CZYZNA;5;20971999
TÚ;MÊ¯CZYZNA;5;20972004
THABANG;MÊ¯CZYZNA;5;20972009
YOUJUN;MÊ¯CZYZNA;5;20972014
ZELALEM;MÊ¯CZYZNA;5;20972019
BOHUN;MÊ¯CZYZNA;5;20972024
EMILII;MÊ¯CZYZNA;5;20972029
SELVAKUMAR;MÊ¯CZYZNA;5;20972034
AKIVA;MÊ¯CZYZNA;5;20972039
TSISKARA;MÊ¯CZYZNA;5;20972044
TRUNG NGH?A;MÊ¯CZYZNA;5;20972049
EKART;MÊ¯CZYZNA;5;20972054
YUREK;MÊ¯CZYZNA;5;20972059
HERKUS;MÊ¯CZYZNA;5;20972064
VÃN HI?P;MÊ¯CZYZNA;5;20972069
MINKYU;MÊ¯CZYZNA;5;20972074
COSMO;MÊ¯CZYZNA;5;20972079
NIKE;MÊ¯CZYZNA;5;20972084
KAKO;MÊ¯CZYZNA;5;20972089
BEGALI;MÊ¯CZYZNA;5;20972094
WENYUAN;MÊ¯CZYZNA;5;20972099
HENDRI;MÊ¯CZYZNA;5;20972104
XUÂN NAM;MÊ¯CZYZNA;5;20972109
DAUT;MÊ¯CZYZNA;5;20972114
AMANPREET;MÊ¯CZYZNA;5;20972119
MAGESH;MÊ¯CZYZNA;5;20972124
PEDRAM;MÊ¯CZYZNA;5;20972129
SAMIH;MÊ¯CZYZNA;5;20972134
CÄSAR;MÊ¯CZYZNA;5;20972139
ILMAR;MÊ¯CZYZNA;5;20972144
YUFEI;MÊ¯CZYZNA;5;20972149
PARMAN;MÊ¯CZYZNA;5;20972154
ANH CUONG;MÊ¯CZYZNA;5;20972159
HAIBIN;MÊ¯CZYZNA;5;20972164
YAZEED;MÊ¯CZYZNA;5;20972169
YULONG;MÊ¯CZYZNA;5;20972174
PUNIT;MÊ¯CZYZNA;5;20972179
JIBAN;MÊ¯CZYZNA;5;20972184
SHPËTIM;MÊ¯CZYZNA;5;20972189
NIMISH;MÊ¯CZYZNA;5;20972194
DERVIª;MÊ¯CZYZNA;5;20972199
UMYT;MÊ¯CZYZNA;5;20972204
IZAS£AW;MÊ¯CZYZNA;5;20972209
APOSTOL;MÊ¯CZYZNA;5;20972214
JAS;MÊ¯CZYZNA;5;20972219
SÜHEYL;MÊ¯CZYZNA;5;20972224
JOCHEM;MÊ¯CZYZNA;5;20972229
QUSAI;MÊ¯CZYZNA;5;20972234
MUHAREM;MÊ¯CZYZNA;5;20972239
SANCHIR;MÊ¯CZYZNA;5;20972244
YOHAI;MÊ¯CZYZNA;5;20972249
FAIZULLO;MÊ¯CZYZNA;5;20972254
GVIDO;MÊ¯CZYZNA;5;20972259
BARTOLO;MÊ¯CZYZNA;5;20972264
RUDRA BAHADUR;MÊ¯CZYZNA;5;20972269
ARIBERT;MÊ¯CZYZNA;5;20972274
HIDEYUKI;MÊ¯CZYZNA;5;20972279
BADURI;MÊ¯CZYZNA;5;20972284
DZHOKHAR;MÊ¯CZYZNA;5;20972289
KEVAL;MÊ¯CZYZNA;5;20972294
RADIUSZ;MÊ¯CZYZNA;5;20972299
HELMUNT;MÊ¯CZYZNA;5;20972304
ALEXANDRU-IONUÞ;MÊ¯CZYZNA;5;20972309
BUDU;MÊ¯CZYZNA;5;20972314
YIXIN;MÊ¯CZYZNA;5;20972319
LAIMIS;MÊ¯CZYZNA;5;20972324
SUSUMU;MÊ¯CZYZNA;5;20972329
BENNET;MÊ¯CZYZNA;5;20972334
KADYRBEK;MÊ¯CZYZNA;5;20972339
JOSHY;MÊ¯CZYZNA;5;20972344
DAYONG;MÊ¯CZYZNA;5;20972349
IMRY;MÊ¯CZYZNA;5;20972354
GOTFRIED;MÊ¯CZYZNA;5;20972359
ZIMING;MÊ¯CZYZNA;5;20972364
GREYSON;MÊ¯CZYZNA;5;20972369
ARLAN;MÊ¯CZYZNA;5;20972374
RYARD;MÊ¯CZYZNA;5;20972379
JOKHONGIR;MÊ¯CZYZNA;5;20972384
REJEPGELDI;MÊ¯CZYZNA;5;20972389
ILIJAN;MÊ¯CZYZNA;5;20972394
ADYL;MÊ¯CZYZNA;5;20972399
DERV?ª;MÊ¯CZYZNA;5;20972404
WITOMIERZ;MÊ¯CZYZNA;5;20972409
JOVID;MÊ¯CZYZNA;5;20972414
MAKHMADALI;MÊ¯CZYZNA;5;20972419
VINKO;MÊ¯CZYZNA;5;20972424
ELSI;MÊ¯CZYZNA;5;20972429
AZAAN;MÊ¯CZYZNA;5;20972434
KURTULUª;MÊ¯CZYZNA;5;20972439
ENWER;MÊ¯CZYZNA;5;20972444
ªER?F;MÊ¯CZYZNA;5;20972449
NICOLAU;MÊ¯CZYZNA;5;20972454
MAKSAD;MÊ¯CZYZNA;5;20972459
JOSEPHUS;MÊ¯CZYZNA;5;20972464
BENTLEY;MÊ¯CZYZNA;5;20972469
HEVORK;MÊ¯CZYZNA;5;20972474
RITHVIK;MÊ¯CZYZNA;5;20972479
SARVESH;MÊ¯CZYZNA;5;20972484
MATTAN;MÊ¯CZYZNA;5;20972489
VASANTH;MÊ¯CZYZNA;5;20972494
LAZIZJON;MÊ¯CZYZNA;5;20972499
FABRÍCIO;MÊ¯CZYZNA;5;20972504
LILADHAR;MÊ¯CZYZNA;5;20972509
THABET;MÊ¯CZYZNA;5;20972514
RITESHKUMAR;MÊ¯CZYZNA;5;20972519
AJMAN;MÊ¯CZYZNA;5;20972524
JEHUN;MÊ¯CZYZNA;5;20972529
GAYK;MÊ¯CZYZNA;5;20972534
FARAZ;MÊ¯CZYZNA;5;20972539
ABDENNOUR;MÊ¯CZYZNA;5;20972544
WOJOMIR;MÊ¯CZYZNA;5;20972549
JEAN DE DIEU;MÊ¯CZYZNA;5;20972554
XIAOGUANG;MÊ¯CZYZNA;5;20972559
AJEET;MÊ¯CZYZNA;5;20972564
FAHD;MÊ¯CZYZNA;5;20972569
BIKRAMJIT;MÊ¯CZYZNA;5;20972574
FREDI;MÊ¯CZYZNA;5;20972579
ASTAN;MÊ¯CZYZNA;5;20972584
AURELIANO;MÊ¯CZYZNA;5;20972589
STEFANII;MÊ¯CZYZNA;5;20972594
AYKAN;MÊ¯CZYZNA;5;20972599
MANGESH;MÊ¯CZYZNA;5;20972604
DAC;MÊ¯CZYZNA;5;20972609
DRAKE;MÊ¯CZYZNA;5;20972614
GEIR;MÊ¯CZYZNA;5;20972619
SEIICHI;MÊ¯CZYZNA;5;20972624
AMANGELDY;MÊ¯CZYZNA;5;20972629
IRISKHAN;MÊ¯CZYZNA;5;20972634
MECIT;MÊ¯CZYZNA;5;20972639
HLYEB;MÊ¯CZYZNA;5;20972644
ADIN;MÊ¯CZYZNA;5;20972649
ZIRUI;MÊ¯CZYZNA;5;20972654
VERNON;MÊ¯CZYZNA;5;20972659
CURT;MÊ¯CZYZNA;5;20972664
BAHLUL;MÊ¯CZYZNA;5;20972669
WAN;MÊ¯CZYZNA;5;20972674
ªERAFETTIN;MÊ¯CZYZNA;5;20972679
VASILICÃ;MÊ¯CZYZNA;5;20972684
AJESH;MÊ¯CZYZNA;5;20972689
YAGO;MÊ¯CZYZNA;5;20972694
DEWRAN;MÊ¯CZYZNA;5;20972699
SWJATOSLAW;MÊ¯CZYZNA;5;20972704
JIANDONG;MÊ¯CZYZNA;5;20972709
YIHANG;MÊ¯CZYZNA;5;20972714
MICHIO;MÊ¯CZYZNA;5;20972719
WIENIAMIN;MÊ¯CZYZNA;5;20972724
CAVIT;MÊ¯CZYZNA;5;20972729
SALMON;MÊ¯CZYZNA;5;20972734
SZADI;MÊ¯CZYZNA;5;20972739
RAJINDER SINGH;MÊ¯CZYZNA;5;20972744
TUNDE;MÊ¯CZYZNA;5;20972749
VLADEN;MÊ¯CZYZNA;5;20972754
ART;MÊ¯CZYZNA;5;20972759
BEZHANA;MÊ¯CZYZNA;5;20972764
DIPEN;MÊ¯CZYZNA;5;20972769
YU-CHENG;MÊ¯CZYZNA;5;20972774
AVELINO;MÊ¯CZYZNA;5;20972779
VAN SINH;MÊ¯CZYZNA;5;20972784
SAMULI;MÊ¯CZYZNA;5;20972789
VINSENT;MÊ¯CZYZNA;5;20972794
ERZHAN;MÊ¯CZYZNA;5;20972799
HARENDRA;MÊ¯CZYZNA;5;20972804
ABDULMAJID;MÊ¯CZYZNA;5;20972809
QAIS;MÊ¯CZYZNA;5;20972814
INDERJEET;MÊ¯CZYZNA;5;20972819
TIMI;MÊ¯CZYZNA;5;20972824
SAYFULLAH;MÊ¯CZYZNA;5;20972829
NIRMALKUMAR;MÊ¯CZYZNA;5;20972834
SADEK;MÊ¯CZYZNA;5;20972839
DELANO;MÊ¯CZYZNA;5;20972844
ZAHARIJ;MÊ¯CZYZNA;5;20972849
SHERKHAN;MÊ¯CZYZNA;5;20972854
VIVIAN;MÊ¯CZYZNA;5;20972859
JIMIT;MÊ¯CZYZNA;5;20972864
OZER;MÊ¯CZYZNA;5;20972869
LÂM;MÊ¯CZYZNA;5;20972874
ALEXSANDRE;MÊ¯CZYZNA;5;20972879
TH?;MÊ¯CZYZNA;5;20972884
NG?C H?NG;MÊ¯CZYZNA;5;20972889
LENIN;MÊ¯CZYZNA;5;20972894
AD?O;MÊ¯CZYZNA;5;20972899
MUMTAZ;MÊ¯CZYZNA;5;20972904
MERSUDIN;MÊ¯CZYZNA;5;20972909
FLOYD;MÊ¯CZYZNA;5;20972914
SAFIN;MÊ¯CZYZNA;5;20972919
JO;MÊ¯CZYZNA;5;20972924
VÃN KI?N;MÊ¯CZYZNA;5;20972929
YONGBIN;MÊ¯CZYZNA;5;20972934
AMEUR;MÊ¯CZYZNA;5;20972939
ILIRIAN;MÊ¯CZYZNA;5;20972944
KHAKIMJON;MÊ¯CZYZNA;5;20972949
EFTIM;MÊ¯CZYZNA;5;20972954
HELMUD;MÊ¯CZYZNA;5;20972959
ANNA;MÊ¯CZYZNA;5;20972964
LINGWEI;MÊ¯CZYZNA;5;20972969
ALIMI;MÊ¯CZYZNA;5;20972974
XIANGDONG;MÊ¯CZYZNA;5;20972979
STANIS£AW KOSTKA;MÊ¯CZYZNA;5;20972984
DAU;MÊ¯CZYZNA;5;20972989
QASEM;MÊ¯CZYZNA;5;20972994
AJZYK;MÊ¯CZYZNA;5;20972999
THACH;MÊ¯CZYZNA;5;20973004
KUZIVAKWASHE;MÊ¯CZYZNA;5;20973009
ALOJZ;MÊ¯CZYZNA;5;20973014
YAREK;MÊ¯CZYZNA;5;20973019
DUC LONG;MÊ¯CZYZNA;5;20973024
NGOC TU;MÊ¯CZYZNA;5;20973029
BRATISLAV;MÊ¯CZYZNA;5;20973034
UDDIN;MÊ¯CZYZNA;5;20973039
EPIFANIUSZ;MÊ¯CZYZNA;5;20973044
EL HASSAN;MÊ¯CZYZNA;5;20973049
MITSURU;MÊ¯CZYZNA;5;20973054
HARJEET;MÊ¯CZYZNA;5;20973059
PANKAJ KUMAR;MÊ¯CZYZNA;5;20973064
BAKHADDIN;MÊ¯CZYZNA;5;20973069
SAGY;MÊ¯CZYZNA;5;20973074
SYLWANO;MÊ¯CZYZNA;5;20973079
SULIMA;MÊ¯CZYZNA;5;20973084
BABOUCARR;MÊ¯CZYZNA;5;20973089
AMICHAI;MÊ¯CZYZNA;5;20973094
KAZ;MÊ¯CZYZNA;5;20973099
SPYROS;MÊ¯CZYZNA;5;20973104
ROLLY;MÊ¯CZYZNA;5;20973109
VAN MY;MÊ¯CZYZNA;5;20973114
JEHONATAN;MÊ¯CZYZNA;5;20973119
GEORGIJS;MÊ¯CZYZNA;5;20973124
SAMSONI;MÊ¯CZYZNA;5;20973129
TAYYAR;MÊ¯CZYZNA;5;20973134
MÜM?N;MÊ¯CZYZNA;5;20973139
SUNWOO;MÊ¯CZYZNA;5;20973144
SANAM;MÊ¯CZYZNA;5;20973149
DONE;MÊ¯CZYZNA;5;20973154
TAIMURAZ;MÊ¯CZYZNA;5;20973159
LESZ£AW;MÊ¯CZYZNA;5;20973164
CARLOS MANUEL;MÊ¯CZYZNA;5;20973169
KOSTIA;MÊ¯CZYZNA;5;20973174
KOTA;MÊ¯CZYZNA;5;20973179
JAYESHKUMAR;MÊ¯CZYZNA;5;20973184
SAIKUMAR;MÊ¯CZYZNA;5;20973189
GAURAB;MÊ¯CZYZNA;5;20973194
BRIJESHKUMAR;MÊ¯CZYZNA;5;20973199
GAIK;MÊ¯CZYZNA;5;20973204
ATIS;MÊ¯CZYZNA;5;20973209
HAMZEH;MÊ¯CZYZNA;5;20973214
IRENEO;MÊ¯CZYZNA;5;20973219
RUAN;MÊ¯CZYZNA;5;20973224
SHENOUDA;MÊ¯CZYZNA;5;20973229
ZAFRIR;MÊ¯CZYZNA;5;20973234
STEVIE;MÊ¯CZYZNA;5;20973239
NEJI;MÊ¯CZYZNA;5;20973244
KHASHAYAR;MÊ¯CZYZNA;5;20973249
BERKO;MÊ¯CZYZNA;5;20973254
GOSPODIN;MÊ¯CZYZNA;5;20973259
NAGMAT;MÊ¯CZYZNA;5;20973264
ABDUL-AZIZ;MÊ¯CZYZNA;5;20973269
EIICHI;MÊ¯CZYZNA;5;20973274
ADRIATIK;MÊ¯CZYZNA;5;20973279
DIYORJON;MÊ¯CZYZNA;5;20973284
JAUHIEN;MÊ¯CZYZNA;5;20973289
VAGAN;MÊ¯CZYZNA;5;20973294
RENEE;MÊ¯CZYZNA;5;20973299
LANG;MÊ¯CZYZNA;5;20973304
NEDZHIB;MÊ¯CZYZNA;5;20973309
FAHR?;MÊ¯CZYZNA;5;20973314
VISAR;MÊ¯CZYZNA;5;20973319
JIN WOO;MÊ¯CZYZNA;5;20973324
NIXON;MÊ¯CZYZNA;5;20973329
SHREY;MÊ¯CZYZNA;5;20973334
YOUVAL;MÊ¯CZYZNA;5;20973339
KRISTEN;MÊ¯CZYZNA;5;20973344
GOTFRID;MÊ¯CZYZNA;5;20973349
KHOSROV;MÊ¯CZYZNA;5;20973354
NIVIN;MÊ¯CZYZNA;5;20973359
CHIEMERIE;MÊ¯CZYZNA;5;20973364
RAM CHANDRA;MÊ¯CZYZNA;5;20973369
FLORIA;MÊ¯CZYZNA;5;20973374
HAKI;MÊ¯CZYZNA;5;20973379
NELIO;MÊ¯CZYZNA;5;20973384
RIPON;MÊ¯CZYZNA;5;20973389
XHAVIT;MÊ¯CZYZNA;5;20973394
ARINZE;MÊ¯CZYZNA;5;20973399
KAKHRAMAN;MÊ¯CZYZNA;5;20973404
VENKATESAN;MÊ¯CZYZNA;5;20973409
BAHUSLAU;MÊ¯CZYZNA;5;20973414
UNIS£AW;MÊ¯CZYZNA;5;20973419
FYODAR;MÊ¯CZYZNA;5;20973424
SREENATH;MÊ¯CZYZNA;5;20973429
SUKHWINDER SINGH;MÊ¯CZYZNA;5;20973434
AMARTUVSHIN;MÊ¯CZYZNA;5;20973439
MD NASIR;MÊ¯CZYZNA;5;20973444
GALIH;MÊ¯CZYZNA;5;20973449
ANH TÚ;MÊ¯CZYZNA;5;20973454
ESWARA RAO;MÊ¯CZYZNA;5;20973459
KAVKAZ;MÊ¯CZYZNA;5;20973464
VAN CHUONG;MÊ¯CZYZNA;5;20973469
YUHAN;MÊ¯CZYZNA;5;20973474
DASTANBEK;MÊ¯CZYZNA;5;20973479
ASKARALI;MÊ¯CZYZNA;5;20973484
TAEHO;MÊ¯CZYZNA;5;20973489
XIANJUN;MÊ¯CZYZNA;5;20973494
CASIAN;MÊ¯CZYZNA;5;20973499
ZAYD;MÊ¯CZYZNA;5;20973504
FRANCISCO JR.;MÊ¯CZYZNA;5;20973509
KWON;MÊ¯CZYZNA;5;20973514
HENDRA;MÊ¯CZYZNA;5;20973519
KRISTIN;MÊ¯CZYZNA;5;20973524
BISHOY;MÊ¯CZYZNA;5;20973529
AL? ?HSAN;MÊ¯CZYZNA;5;20973534
KAZUNARI;MÊ¯CZYZNA;5;20973539
PH??NG NAM;MÊ¯CZYZNA;5;20973544
YUZHEN;MÊ¯CZYZNA;5;20973549
VEHBI;MÊ¯CZYZNA;5;20973554
VIGNESHWARAN;MÊ¯CZYZNA;5;20973559
EIUB;MÊ¯CZYZNA;5;20973564
ALGIERD;MÊ¯CZYZNA;5;20973569
LEONTIJ;MÊ¯CZYZNA;5;20973574
MECHEL;MÊ¯CZYZNA;5;20973579
ERDENE;MÊ¯CZYZNA;5;20973584
FARBOD;MÊ¯CZYZNA;5;20973589
ZARIFJON;MÊ¯CZYZNA;5;20973594
JADE;MÊ¯CZYZNA;5;20973599
ARISTIDE;MÊ¯CZYZNA;5;20973604
WEIBIN;MÊ¯CZYZNA;5;20973609
MIGIEL;MÊ¯CZYZNA;5;20973614
AKHAT;MÊ¯CZYZNA;5;20973619
BEKHAN;MÊ¯CZYZNA;5;20973624
ONYSYM;MÊ¯CZYZNA;5;20973629
PENCZO;MÊ¯CZYZNA;5;20973634
OKTAW;MÊ¯CZYZNA;5;20973639
DAEHYEON;MÊ¯CZYZNA;5;20973644
DIXIT;MÊ¯CZYZNA;5;20973649
TIMERLAN;MÊ¯CZYZNA;5;20973654
MUKHIT;MÊ¯CZYZNA;5;20973659
KULWANT;MÊ¯CZYZNA;5;20973664
AVINOAM;MÊ¯CZYZNA;5;20973669
YINGJUN;MÊ¯CZYZNA;5;20973674
DIRAR;MÊ¯CZYZNA;5;20973679
EIAL;MÊ¯CZYZNA;5;20973684
VÃN SÁNG;MÊ¯CZYZNA;5;20973689
URIA;MÊ¯CZYZNA;5;20973694
MIRWAIS;MÊ¯CZYZNA;5;20973699
JUPITER;MÊ¯CZYZNA;5;20973704
JOSUÉ;MÊ¯CZYZNA;5;20973709
MURATHAN;MÊ¯CZYZNA;5;20973714
PANTELII;MÊ¯CZYZNA;5;20973719
CONG MINH;MÊ¯CZYZNA;5;20973724
GÖKTU?;MÊ¯CZYZNA;5;20973729
ANH QUÂN;MÊ¯CZYZNA;5;20973734
ABAI;MÊ¯CZYZNA;5;20973739
MASAKATSU;MÊ¯CZYZNA;5;20973744
RÜZGAR;MÊ¯CZYZNA;5;20973749
NJEGO;MÊ¯CZYZNA;5;20973754
XINHUA;MÊ¯CZYZNA;5;20973759
GENTRIT;MÊ¯CZYZNA;5;20973764
ALINA;MÊ¯CZYZNA;5;20973769
WENXIANG;MÊ¯CZYZNA;5;20973774
MAHARSHI;MÊ¯CZYZNA;5;20973779
DAN BAHADUR;MÊ¯CZYZNA;5;20973784
MITSUHIRO;MÊ¯CZYZNA;5;20973789
KHIDIR;MÊ¯CZYZNA;5;20973794
SEKAR;MÊ¯CZYZNA;5;20973799
EDILSON;MÊ¯CZYZNA;5;20973804
JORN;MÊ¯CZYZNA;5;20973809
BOYU;MÊ¯CZYZNA;5;20973814
CÁSSIO;MÊ¯CZYZNA;5;20973819
NAC?;MÊ¯CZYZNA;5;20973824
SAPARMYRAT;MÊ¯CZYZNA;5;20973829
BELHASSEN;MÊ¯CZYZNA;5;20973834
GÜNDÜZ;MÊ¯CZYZNA;5;20973839
YRIY;MÊ¯CZYZNA;5;20973844
PANAJOTYS;MÊ¯CZYZNA;5;20973849
KAMALJEET;MÊ¯CZYZNA;5;20973854
WATARU;MÊ¯CZYZNA;5;20973859
KHAYOT;MÊ¯CZYZNA;5;20973864
ARILD;MÊ¯CZYZNA;5;20973869
ZIEMOWID;MÊ¯CZYZNA;5;20973874
ZHICHAO;MÊ¯CZYZNA;5;20973879
NAZARY;MÊ¯CZYZNA;5;20973884
U?IS;MÊ¯CZYZNA;5;20973889
ANH DUY;MÊ¯CZYZNA;5;20973894
ISHMAEL;MÊ¯CZYZNA;5;20973899
ÖZTÜRK;MÊ¯CZYZNA;5;20973904
DJILALI;MÊ¯CZYZNA;5;20973909
ZHILONG;MÊ¯CZYZNA;5;20973914
JOANIS;MÊ¯CZYZNA;5;20973919
NIKODEMUS;MÊ¯CZYZNA;5;20973924
ISMAEEL;MÊ¯CZYZNA;5;20973929
XUAN TRUNG;MÊ¯CZYZNA;5;20973934
ALEQSANDRE;MÊ¯CZYZNA;5;20973939
VYTAS;MÊ¯CZYZNA;5;20973944
IN;MÊ¯CZYZNA;5;20973949
SAID-SELIM;MÊ¯CZYZNA;5;20973954
HAIRONG;MÊ¯CZYZNA;5;20973959
MATTIE;MÊ¯CZYZNA;5;20973964
LUCJANO;MÊ¯CZYZNA;5;20973969
ALLY;MÊ¯CZYZNA;5;20973974
MITRA;MÊ¯CZYZNA;5;20973979
TRONG NGHIA;MÊ¯CZYZNA;5;20973984
HEMRAJ;MÊ¯CZYZNA;5;20973989
AMAD;MÊ¯CZYZNA;5;20973994
HIDETAKA;MÊ¯CZYZNA;5;20973999
WONWOO;MÊ¯CZYZNA;5;20974004
BIKESH;MÊ¯CZYZNA;5;20974009
WEIDA;MÊ¯CZYZNA;5;20974014
JEONGHOON;MÊ¯CZYZNA;5;20974019
INDREK;MÊ¯CZYZNA;5;20974024
SEÇK?N;MÊ¯CZYZNA;5;20974029
TARAK;MÊ¯CZYZNA;5;20974034
ROCHDI;MÊ¯CZYZNA;5;20974039
ABDUMANON;MÊ¯CZYZNA;5;20974044
ULADYSLAU;MÊ¯CZYZNA;5;20974049
SONDRE;MÊ¯CZYZNA;5;20974054
ELDER;MÊ¯CZYZNA;5;20974059
GALO;MÊ¯CZYZNA;5;20974064
DARYN;MÊ¯CZYZNA;5;20974069
VAN NHA;MÊ¯CZYZNA;5;20974074
MUFTAH;MÊ¯CZYZNA;5;20974079
KUI;MÊ¯CZYZNA;5;20974084
DUY THANH;MÊ¯CZYZNA;5;20974089
BO¯ES£AW;MÊ¯CZYZNA;5;20974094
TAYRON;MÊ¯CZYZNA;5;20974099
DARNELL;MÊ¯CZYZNA;5;20974104
AYOOLA;MÊ¯CZYZNA;5;20974109
NARENDER;MÊ¯CZYZNA;5;20974114
SERZH;MÊ¯CZYZNA;5;20974119
JOLLY;MÊ¯CZYZNA;5;20974124
BROR;MÊ¯CZYZNA;5;20974129
TEON;MÊ¯CZYZNA;5;20974134
VAN TRANG;MÊ¯CZYZNA;5;20974139
CHRISTOFFEL;MÊ¯CZYZNA;5;20974144
GEZA;MÊ¯CZYZNA;5;20974149
SADULLAH;MÊ¯CZYZNA;5;20974154
DONG HYUN;MÊ¯CZYZNA;5;20974159
EMIDIO;MÊ¯CZYZNA;5;20974164
DUC VINH;MÊ¯CZYZNA;5;20974169
KUBAT;MÊ¯CZYZNA;5;20974174
BESFORT;MÊ¯CZYZNA;5;20974179
ACHYUT;MÊ¯CZYZNA;5;20974184
SARABJIT;MÊ¯CZYZNA;5;20974189
NURMUHAMMET;MÊ¯CZYZNA;5;20974194
WASHINGTON;MÊ¯CZYZNA;5;20974199
NANDO;MÊ¯CZYZNA;5;20974204
JUNGWOO;MÊ¯CZYZNA;5;20974209
SADOK;MÊ¯CZYZNA;5;20974214
RANIL;MÊ¯CZYZNA;5;20974219
DZHAMBUL;MÊ¯CZYZNA;5;20974224
NESSIM;MÊ¯CZYZNA;5;20974229
PETYO;MÊ¯CZYZNA;5;20974234
I GUSTI;MÊ¯CZYZNA;5;20974239
SAULO;MÊ¯CZYZNA;5;20974244
KUDRATILLO;MÊ¯CZYZNA;5;20974249
FERRUCCIO;MÊ¯CZYZNA;5;20974254
FAHMI;MÊ¯CZYZNA;5;20974259
ªAK?R;MÊ¯CZYZNA;5;20974264
RODGER;MÊ¯CZYZNA;5;20974269
SÉBASTIAN;MÊ¯CZYZNA;5;20974274
VÃN CHUNG;MÊ¯CZYZNA;5;20974279
RYONG;MÊ¯CZYZNA;5;20974284
MD RUBEL;MÊ¯CZYZNA;5;20974289
BAADUR;MÊ¯CZYZNA;5;20974294
DALLAS;MÊ¯CZYZNA;5;20974299
CAGDAS;MÊ¯CZYZNA;5;20974304
MUNIS;MÊ¯CZYZNA;5;20974309
TADIWA;MÊ¯CZYZNA;5;20974314
BAVER;MÊ¯CZYZNA;5;20974319
CAETANO;MÊ¯CZYZNA;5;20974324
GULIANO;MÊ¯CZYZNA;5;20974329
BLENDI;MÊ¯CZYZNA;5;20974334
TEOFAN;MÊ¯CZYZNA;5;20974339
ARTEUSZ;MÊ¯CZYZNA;5;20974344
JUNMING;MÊ¯CZYZNA;5;20974349
SANGHOON;MÊ¯CZYZNA;5;20974354
GIOSUE';MÊ¯CZYZNA;5;20974359
DIANA;MÊ¯CZYZNA;5;20974364
JUAN JOSE;MÊ¯CZYZNA;5;20974369
NGOC HUNG;MÊ¯CZYZNA;5;20974374
DONGHYUK;MÊ¯CZYZNA;5;20974379
SAMIN;MÊ¯CZYZNA;5;20974384
NORIEL;MÊ¯CZYZNA;5;20974389
QIAO;MÊ¯CZYZNA;5;20974394
HERAKLIUSZ;MÊ¯CZYZNA;5;20974399
JASWINDER SINGH;MÊ¯CZYZNA;5;20974404
SASI;MÊ¯CZYZNA;5;20974409
RASZYD;MÊ¯CZYZNA;5;20974414
VLADLIEN;MÊ¯CZYZNA;5;20974419
SAHAN;MÊ¯CZYZNA;5;20974424
IVANNA;MÊ¯CZYZNA;5;20974429
KUNO;MÊ¯CZYZNA;5;20974434
SYLAS;MÊ¯CZYZNA;5;20974439
AZZEDDINE;MÊ¯CZYZNA;5;20974444
GEN;MÊ¯CZYZNA;5;20974449
HERASYM;MÊ¯CZYZNA;5;20974454
TRONG THANG;MÊ¯CZYZNA;5;20974459
HAIKO;MÊ¯CZYZNA;5;20974464
SYLWEK;MÊ¯CZYZNA;5;20974469
KOA;MÊ¯CZYZNA;5;20974474
TEMIRBEK;MÊ¯CZYZNA;5;20974479
BEKZAD;MÊ¯CZYZNA;5;20974484
EUAN;MÊ¯CZYZNA;5;20974489
MATEEN;MÊ¯CZYZNA;5;20974494
MD ISMAIL;MÊ¯CZYZNA;5;20974499
NA?L;MÊ¯CZYZNA;5;20974504
YERMAKHAN;MÊ¯CZYZNA;5;20974509
PANDELIS;MÊ¯CZYZNA;5;20974514
QUANG DUY;MÊ¯CZYZNA;5;20974519
CHANGYONG;MÊ¯CZYZNA;5;20974524
ZOIRJON;MÊ¯CZYZNA;5;20974529
ASADULLA;MÊ¯CZYZNA;5;20974534
£UKA;MÊ¯CZYZNA;5;20974539
VINCENTY;MÊ¯CZYZNA;5;20974544
INDRIT;MÊ¯CZYZNA;5;20974549
SALAMAT;MÊ¯CZYZNA;5;20974554
HOUSSEMEDDINE;MÊ¯CZYZNA;5;20974559
HO?I NAM;MÊ¯CZYZNA;5;20974564
NAKSH;MÊ¯CZYZNA;5;20974569
SAIKAT;MÊ¯CZYZNA;5;20974574
NISTOR;MÊ¯CZYZNA;5;20974579
RADOGOST;MÊ¯CZYZNA;5;20974584
EMIRI;MÊ¯CZYZNA;5;20974589
NIRAJKUMAR;MÊ¯CZYZNA;5;20974594
ARTHIT;MÊ¯CZYZNA;5;20974599
BICHIKO;MÊ¯CZYZNA;5;20974604
KUVAT;MÊ¯CZYZNA;5;20974609
NECAT;MÊ¯CZYZNA;5;20974614
DO?ANCAN;MÊ¯CZYZNA;5;20974619
SILVAN;MÊ¯CZYZNA;5;20974624
ZIADIN;MÊ¯CZYZNA;5;20974629
JUNGHUN;MÊ¯CZYZNA;5;20974634
SHADIMAN;MÊ¯CZYZNA;5;20974639
MILO;MÊ¯CZYZNA;5;20974644
UZEYIR;MÊ¯CZYZNA;5;20974649
DUY TUNG;MÊ¯CZYZNA;5;20974654
DONAL;MÊ¯CZYZNA;5;20974659
ZIJUN;MÊ¯CZYZNA;5;20974664
RÜSTEM;MÊ¯CZYZNA;5;20974669
W£ODZIMIR;MÊ¯CZYZNA;5;20974674
ZIYANG;MÊ¯CZYZNA;5;20974679
OCTAVE;MÊ¯CZYZNA;5;20974684
MAK;MÊ¯CZYZNA;5;20974689
KIRTI;MÊ¯CZYZNA;5;20974694
MINH HAI;MÊ¯CZYZNA;5;20974699
BAGDAT;MÊ¯CZYZNA;5;20974704
EDEMI;MÊ¯CZYZNA;5;20974709
YAJUN;MÊ¯CZYZNA;5;20974714
ILDUS;MÊ¯CZYZNA;5;20974719
TOROS;MÊ¯CZYZNA;5;20974724
JANN;MÊ¯CZYZNA;5;20974729
QUSAY;MÊ¯CZYZNA;5;20974734
KAIL;MÊ¯CZYZNA;5;20974739
PIM;MÊ¯CZYZNA;5;20974744
PIERLUCA;MÊ¯CZYZNA;5;20974749
MAHFUZ;MÊ¯CZYZNA;5;20974754
OVEZGELDI;MÊ¯CZYZNA;5;20974759
JONGHYEOK;MÊ¯CZYZNA;5;20974764
HANNIBAL;MÊ¯CZYZNA;5;20974769
D¯AMIL;MÊ¯CZYZNA;5;20974774
IAAN;MÊ¯CZYZNA;5;20974779
RAYAAN;MÊ¯CZYZNA;5;20974784
MA;MÊ¯CZYZNA;5;20974789
JUBIN;MÊ¯CZYZNA;5;20974794
JUAN DE DIOS;MÊ¯CZYZNA;5;20974799
BENEK;MÊ¯CZYZNA;5;20974804
AJDIN;MÊ¯CZYZNA;5;20974809
PRATHAP;MÊ¯CZYZNA;5;20974814
LAKSHMAN;MÊ¯CZYZNA;5;20974819
FALCO;MÊ¯CZYZNA;5;20974824
FURKATBEK;MÊ¯CZYZNA;5;20974829
CRISTIAN-IOAN;MÊ¯CZYZNA;5;20974834
SHKELQIM;MÊ¯CZYZNA;5;20974839
ELIEL;MÊ¯CZYZNA;5;20974844
AVIJIT;MÊ¯CZYZNA;5;20974849
SUJEET;MÊ¯CZYZNA;5;20974854
SRIHARI;MÊ¯CZYZNA;5;20974859
XIAOTIAN;MÊ¯CZYZNA;5;20974864
AWRAM;MÊ¯CZYZNA;5;20974869
EZZEDDINE;MÊ¯CZYZNA;5;20974874
LUDO;MÊ¯CZYZNA;5;20974879
BAYRAMGELDI;MÊ¯CZYZNA;5;20974884
SIRIUS;MÊ¯CZYZNA;5;20974889
COSME;MÊ¯CZYZNA;5;20974894
EMRE CAN;MÊ¯CZYZNA;5;20974899
ABDUL BASIT;MÊ¯CZYZNA;5;20974904
CHINKIZ;MÊ¯CZYZNA;5;20974909
EBRIMA;MÊ¯CZYZNA;5;20974914
TADDEO;MÊ¯CZYZNA;5;20974919
SABAHATTIN;MÊ¯CZYZNA;5;20974924
DHARMARAJ;MÊ¯CZYZNA;5;20974929
NEPES;MÊ¯CZYZNA;5;20974934
ÐORÐE;MÊ¯CZYZNA;5;20974939
HUU TUAN;MÊ¯CZYZNA;5;20974944
SJORS;MÊ¯CZYZNA;5;20974949
DEBASHIS;MÊ¯CZYZNA;5;20974954
ATANU;MÊ¯CZYZNA;5;20974959
SURKHO;MÊ¯CZYZNA;5;20974964
ISAGANI;MÊ¯CZYZNA;5;20974969
SHAMYRAT;MÊ¯CZYZNA;5;20974974
YOSHIKAZU;MÊ¯CZYZNA;5;20974979
DANIYOR;MÊ¯CZYZNA;5;20974984
SHAMSULLO;MÊ¯CZYZNA;5;20974989
BESMIR;MÊ¯CZYZNA;5;20974994
AZAN;MÊ¯CZYZNA;5;20974999
LATEEF;MÊ¯CZYZNA;5;20975004
CHARLES-HENRI;MÊ¯CZYZNA;5;20975009
BOO;MÊ¯CZYZNA;5;20975014
EDILBERTO;MÊ¯CZYZNA;5;20975019
DEEPKUMAR;MÊ¯CZYZNA;5;20975024
TOOMAS;MÊ¯CZYZNA;5;20975029
JEET;MÊ¯CZYZNA;5;20975034
ZAMIG;MÊ¯CZYZNA;5;20975039
SUDIRMAN;MÊ¯CZYZNA;5;20975044
GORDEJ;MÊ¯CZYZNA;5;20975049
ESHEL;MÊ¯CZYZNA;5;20975054
BATMUNKH;MÊ¯CZYZNA;5;20975059
YOSHIHIKO;MÊ¯CZYZNA;5;20975064
JAHANDAR;MÊ¯CZYZNA;5;20975069
KHURAM;MÊ¯CZYZNA;5;20975074
SILUAN;MÊ¯CZYZNA;5;20975079
WENZHONG;MÊ¯CZYZNA;5;20975084
ADEDAYO;MÊ¯CZYZNA;5;20975089
PRABHAKAR;MÊ¯CZYZNA;5;20975094
ADEMIR;MÊ¯CZYZNA;5;20975099
TIL;MÊ¯CZYZNA;5;20975104
SAHADAT;MÊ¯CZYZNA;5;20975109
ABDELRHMAN;MÊ¯CZYZNA;5;20975114
JULIJAN;MÊ¯CZYZNA;5;20975119
DAVORIN;MÊ¯CZYZNA;5;20975124
AVDI;MÊ¯CZYZNA;5;20975129
MIKAS;MÊ¯CZYZNA;5;20975134
NATIV;MÊ¯CZYZNA;5;20975139
QENDRIM;MÊ¯CZYZNA;5;20975144
GIOWANI;MÊ¯CZYZNA;5;20975149
LORÁND;MÊ¯CZYZNA;5;20975154
SVIATOSLAW;MÊ¯CZYZNA;5;20975159
CVETAN;MÊ¯CZYZNA;5;20975164
VIET HOANG;MÊ¯CZYZNA;5;20975169
ABDESSALEM;MÊ¯CZYZNA;5;20975174
LENAR;MÊ¯CZYZNA;5;20975179
MARTY;MÊ¯CZYZNA;5;20975184
JUNED;MÊ¯CZYZNA;5;20975189
ARCHIT;MÊ¯CZYZNA;5;20975194
COLBY;MÊ¯CZYZNA;5;20975199
JINTAO;MÊ¯CZYZNA;5;20975204
OLBRACHT;MÊ¯CZYZNA;5;20975209
VAN THUONG;MÊ¯CZYZNA;5;20975214
ALBERTO JR.;MÊ¯CZYZNA;5;20975219
LORENS;MÊ¯CZYZNA;5;20975224
RYUTARO;MÊ¯CZYZNA;5;20975229
CALLAN;MÊ¯CZYZNA;5;20975234
SAMPSON;MÊ¯CZYZNA;5;20975239
ABDULMOHSEN;MÊ¯CZYZNA;5;20975244
SAOUD;MÊ¯CZYZNA;5;20975249
TZAHI;MÊ¯CZYZNA;5;20975254
M'HAMED;MÊ¯CZYZNA;5;20975259
ORLAND;MÊ¯CZYZNA;5;20975264
SANTHOSHKUMAR;MÊ¯CZYZNA;5;20975269
ASLANI;MÊ¯CZYZNA;5;20975274
DIXON;MÊ¯CZYZNA;5;20975279
BAKHTIIOR;MÊ¯CZYZNA;5;20975284
AZIZULLAH;MÊ¯CZYZNA;5;20975289
SLADAN;MÊ¯CZYZNA;5;20975294
ERKKI;MÊ¯CZYZNA;5;20975299
OSMAR;MÊ¯CZYZNA;5;20975304
JERWIN;MÊ¯CZYZNA;5;20975309
SHARIFUL;MÊ¯CZYZNA;5;20975314
HYUNJIN;MÊ¯CZYZNA;5;20975319
AKEZHAN;MÊ¯CZYZNA;5;20975324
UTTAM KUMAR;MÊ¯CZYZNA;5;20975329
MAMUR;MÊ¯CZYZNA;5;20975334
MARZPET;MÊ¯CZYZNA;5;20975339
JURIE;MÊ¯CZYZNA;5;20975344
ZAVKIDDIN;MÊ¯CZYZNA;5;20975349
ACE;MÊ¯CZYZNA;5;20975354
RUUD;MÊ¯CZYZNA;5;20975359
NIBIN;MÊ¯CZYZNA;5;20975364
ABDULHALIM;MÊ¯CZYZNA;5;20975369
IGINO;MÊ¯CZYZNA;5;20975374
FERUZBEK;MÊ¯CZYZNA;5;20975379
SEBASTI?O;MÊ¯CZYZNA;5;20975384
SHIJIE;MÊ¯CZYZNA;5;20975389
JÕRN;MÊ¯CZYZNA;5;20975394
MOAAZ;MÊ¯CZYZNA;5;20975399
SHAMEEM;MÊ¯CZYZNA;5;20975404
CIHANGIR;MÊ¯CZYZNA;5;20975409
SERAPHIN;MÊ¯CZYZNA;5;20975414
TALEB;MÊ¯CZYZNA;5;20975419
MIKIYAS;MÊ¯CZYZNA;5;20975424
GEORGOS;MÊ¯CZYZNA;5;20975429
MAICOL;MÊ¯CZYZNA;5;20975434
ABDON;MÊ¯CZYZNA;5;20975439
SHUANG;MÊ¯CZYZNA;5;20975444
RUDRANSH;MÊ¯CZYZNA;5;20975449
VARDEN;MÊ¯CZYZNA;5;20975454
SURAJI;MÊ¯CZYZNA;5;20975459
TASHI;MÊ¯CZYZNA;5;20975464
AZARIASZ;MÊ¯CZYZNA;5;20975469
CAROLUS;MÊ¯CZYZNA;5;20975474
LIJIE;MÊ¯CZYZNA;5;20975479
SHIGEKI;MÊ¯CZYZNA;5;20975484
DEWID;MÊ¯CZYZNA;5;20975489
JERSON;MÊ¯CZYZNA;5;20975494
LAURO;MÊ¯CZYZNA;5;20975499
THUC;MÊ¯CZYZNA;5;20975504
CHUONG;MÊ¯CZYZNA;5;20975509
BUTKHUZI;MÊ¯CZYZNA;5;20975514
MITCHEL;MÊ¯CZYZNA;5;20975519
ATEEQ;MÊ¯CZYZNA;5;20975524
KUDRATJON;MÊ¯CZYZNA;5;20975529
YASUSHI;MÊ¯CZYZNA;5;20975534
VUKAN;MÊ¯CZYZNA;5;20975539
LUIS CARLOS;MÊ¯CZYZNA;5;20975544
MIJO;MÊ¯CZYZNA;5;20975549
IEVSTAKHII;MÊ¯CZYZNA;5;20975554
SONG IL;MÊ¯CZYZNA;5;20975559
RADMYR;MÊ¯CZYZNA;5;20975564
ZHIKAI;MÊ¯CZYZNA;5;20975569
OGTAY;MÊ¯CZYZNA;5;20975574
SAAM;MÊ¯CZYZNA;5;20975579
STANISLAO;MÊ¯CZYZNA;5;20975584
GÜRSEL;MÊ¯CZYZNA;5;20975589
HENNADIJ;MÊ¯CZYZNA;5;20975594
MAGOMET;MÊ¯CZYZNA;5;20975599
ALVAR;MÊ¯CZYZNA;5;20975604
ÉTIENNE;MÊ¯CZYZNA;5;20975609
MOSE;MÊ¯CZYZNA;5;20975614
EPAMEINONDAS;MÊ¯CZYZNA;5;20975619
KOSTYA;MÊ¯CZYZNA;5;20975624
ALESKER;MÊ¯CZYZNA;5;20975629
JOSHKUN;MÊ¯CZYZNA;5;20975634
AYMYRAT;MÊ¯CZYZNA;5;20975639
ZHIJIE;MÊ¯CZYZNA;5;20975644
ABDULAZEEZ;MÊ¯CZYZNA;5;20975649
TOSHIKI;MÊ¯CZYZNA;5;20975654
FAIZALI;MÊ¯CZYZNA;5;20975659
VIJU;MÊ¯CZYZNA;5;20975664
NAJIM;MÊ¯CZYZNA;5;20975669
GERGÖ;MÊ¯CZYZNA;5;20975674
OLUWASEYI;MÊ¯CZYZNA;5;20975679
ADOR;MÊ¯CZYZNA;5;20975684
MADHUSUDAN;MÊ¯CZYZNA;5;20975689
MANJINDER SINGH;MÊ¯CZYZNA;5;20975694
MANLIO;MÊ¯CZYZNA;5;20975699
NURISLAM;MÊ¯CZYZNA;5;20975704
VEYS?;MÊ¯CZYZNA;5;20975709
RAJENDER;MÊ¯CZYZNA;5;20975714
XUESONG;MÊ¯CZYZNA;5;20975719
XUAN VINH;MÊ¯CZYZNA;5;20975724
REMINGTON;MÊ¯CZYZNA;5;20975729
JIANLIN;MÊ¯CZYZNA;5;20975734
DENISH;MÊ¯CZYZNA;5;20975739
VITALIIY;MÊ¯CZYZNA;5;20975744
V??NG;MÊ¯CZYZNA;5;20975749
IBRAH?M;MÊ¯CZYZNA;5;20975754
KEMRAN;MÊ¯CZYZNA;5;20975759
VÃN HO?N;MÊ¯CZYZNA;5;20975764
NARAYANAN;MÊ¯CZYZNA;5;20975769
?SHAK;MÊ¯CZYZNA;5;20975774
HARESH;MÊ¯CZYZNA;5;20975779
SHAHZAIB;MÊ¯CZYZNA;5;20975784
SABBIR;MÊ¯CZYZNA;5;20975789
BOUCHAIB;MÊ¯CZYZNA;5;20975794
SALAMU;MÊ¯CZYZNA;5;20975799
HAE;MÊ¯CZYZNA;5;20975804
ANGE£;MÊ¯CZYZNA;5;20975809
LLUIS;MÊ¯CZYZNA;5;20975814
¯ERARD;MÊ¯CZYZNA;5;20975819
DIVAKAR;MÊ¯CZYZNA;5;20975824
VIET DUNG;MÊ¯CZYZNA;5;20975829
BERTIN;MÊ¯CZYZNA;5;20975834
CELIL;MÊ¯CZYZNA;5;20975839
TIANYU;MÊ¯CZYZNA;5;20975844
MUATH;MÊ¯CZYZNA;5;20975849
YOHEI;MÊ¯CZYZNA;5;20975854
POUYAN;MÊ¯CZYZNA;5;20975859
JOSE IGNACIO;MÊ¯CZYZNA;5;20975864
JOSÉ PEDRO;MÊ¯CZYZNA;5;20975869
MIRACLE;MÊ¯CZYZNA;5;20975874
VALERA;MÊ¯CZYZNA;5;20975879
BAKHYTZHAN;MÊ¯CZYZNA;5;20975884
MATEVOS;MÊ¯CZYZNA;5;20975889
BOUBEKEUR;MÊ¯CZYZNA;5;20975894
BIJAN;MÊ¯CZYZNA;5;20975899
JEONGHO;MÊ¯CZYZNA;5;20975904
VAGHARSHAK;MÊ¯CZYZNA;5;20975909
AVISHEK;MÊ¯CZYZNA;5;20975914
STASII;MÊ¯CZYZNA;5;20975919
DOO;MÊ¯CZYZNA;5;20975924
MATEJA;MÊ¯CZYZNA;5;20975929
SANKARA RAO;MÊ¯CZYZNA;5;20975934
THEOFILOS;MÊ¯CZYZNA;5;20975939
HASIM;MÊ¯CZYZNA;5;20975944
KULWINDER;MÊ¯CZYZNA;5;20975949
GORKEM;MÊ¯CZYZNA;5;20975954
HIKARU;MÊ¯CZYZNA;5;20975959
AMANBEK;MÊ¯CZYZNA;5;20975964
MEYSAM;MÊ¯CZYZNA;5;20975969
SHAIJU;MÊ¯CZYZNA;5;20975974
ARVIS;MÊ¯CZYZNA;5;20975979
AFIG;MÊ¯CZYZNA;5;20975984
MOAZ;MÊ¯CZYZNA;5;20975989
RAPHAIL;MÊ¯CZYZNA;5;20975994
ZACHARII;MÊ¯CZYZNA;5;20975999
NIJAD;MÊ¯CZYZNA;5;20976004
VAN SY;MÊ¯CZYZNA;5;20976009
ARGIRIS;MÊ¯CZYZNA;5;20976014
ARNOT;MÊ¯CZYZNA;5;20976019
GAN;MÊ¯CZYZNA;5;20976024
ODYSEAS;MÊ¯CZYZNA;5;20976029
FARRUKHBEK;MÊ¯CZYZNA;5;20976034
STALIN;MÊ¯CZYZNA;5;20976039
GAYRATBEK;MÊ¯CZYZNA;5;20976044
GREGORI;MÊ¯CZYZNA;5;20976049
MAY;MÊ¯CZYZNA;5;20976054
MARCIANO;MÊ¯CZYZNA;5;20976059
YONGTAO;MÊ¯CZYZNA;5;20976064
VITÁLIJ;MÊ¯CZYZNA;5;20976069
SAYFIDDIN;MÊ¯CZYZNA;5;20976074
GENER;MÊ¯CZYZNA;5;20976079
SOMA;MÊ¯CZYZNA;5;20976084
KAUAN;MÊ¯CZYZNA;5;20976089
KENGO;MÊ¯CZYZNA;5;20976094
CAIN;MÊ¯CZYZNA;5;20976099
JONGMIN;MÊ¯CZYZNA;5;20976104
BALASUBRAMANIAN;MÊ¯CZYZNA;5;20976109
HASEEB;MÊ¯CZYZNA;5;20976114
DUC THANG;MÊ¯CZYZNA;5;20976119
MIRZOBEK;MÊ¯CZYZNA;5;20976124
NYKOLAI;MÊ¯CZYZNA;5;20976129
VILLI;MÊ¯CZYZNA;5;20976134
KHUSNIDIN;MÊ¯CZYZNA;5;20976139
TARIRO;MÊ¯CZYZNA;5;20976144
MD SUMON;MÊ¯CZYZNA;5;20976149
LAERT;MÊ¯CZYZNA;5;20976154
KAZUAKI;MÊ¯CZYZNA;5;20976159
HARSHKUMAR;MÊ¯CZYZNA;5;20976164
VALERIIA;MÊ¯CZYZNA;5;20976169
ROMNICK;MÊ¯CZYZNA;5;20976174
FADII;MÊ¯CZYZNA;5;20976179
SULAIMON;MÊ¯CZYZNA;5;20976184
ZLATI;MÊ¯CZYZNA;5;20976189
PRAKASHKUMAR;MÊ¯CZYZNA;5;20976194
KAUSTUBH;MÊ¯CZYZNA;5;20976199
MD MIZANUR;MÊ¯CZYZNA;5;20976204
YARMASH;MÊ¯CZYZNA;5;20976209
VIECHESLAV;MÊ¯CZYZNA;5;20976214
LAVIE;MÊ¯CZYZNA;5;20976219
KIRYLA;MÊ¯CZYZNA;5;20976224
TITOUAN;MÊ¯CZYZNA;5;20976229
LIBERTY;MÊ¯CZYZNA;5;20976234
NGOC HOANG;MÊ¯CZYZNA;5;20976239
SÜKRÜ;MÊ¯CZYZNA;5;20976244
GENOWEF;MÊ¯CZYZNA;5;20976249
KALILOU;MÊ¯CZYZNA;5;20976254
AMRINDER;MÊ¯CZYZNA;5;20976259
HAMMAD;MÊ¯CZYZNA;5;20976264
MALKIT;MÊ¯CZYZNA;5;20976269
ARSENTIY;MÊ¯CZYZNA;5;20976274
XUAN MANH;MÊ¯CZYZNA;5;20976279
KAI-UWE;MÊ¯CZYZNA;5;20976284
B?NG;MÊ¯CZYZNA;5;20976289
RUSI;MÊ¯CZYZNA;5;20976294
HUU DUONG;MÊ¯CZYZNA;5;20976299
YUHUA;MÊ¯CZYZNA;5;20976304
DEM?R;MÊ¯CZYZNA;5;20976309
BAO LONG;MÊ¯CZYZNA;5;20976314
ASSAD;MÊ¯CZYZNA;5;20976319
JAHIDUL;MÊ¯CZYZNA;5;20976324
GIMZER;MÊ¯CZYZNA;5;20976329
THAER;MÊ¯CZYZNA;5;20976334
MASSINISSA;MÊ¯CZYZNA;5;20976339
BAGAS;MÊ¯CZYZNA;5;20976344
SUPRIYANTO;MÊ¯CZYZNA;5;20976349
DHIREN;MÊ¯CZYZNA;5;20976354
M?RCIS;MÊ¯CZYZNA;5;20976359
NAZARBEK;MÊ¯CZYZNA;5;20976364
AMBAR;MÊ¯CZYZNA;5;20976369
ZAHARI;MÊ¯CZYZNA;5;20976374
TORD;MÊ¯CZYZNA;5;20976379
ALISSON;MÊ¯CZYZNA;5;20976384
RAUSHAN;MÊ¯CZYZNA;5;20976389
ARMANDO JR.;MÊ¯CZYZNA;5;20976394
DODI;MÊ¯CZYZNA;5;20976399
ALYAN;MÊ¯CZYZNA;5;20976404
ZIHAN;MÊ¯CZYZNA;5;20976409
ROWELL;MÊ¯CZYZNA;5;20976414
KONSTANDINOS;MÊ¯CZYZNA;5;20976419
VILSON;MÊ¯CZYZNA;5;20976424
PASKALIS;MÊ¯CZYZNA;5;20976429
ASBJORN;MÊ¯CZYZNA;5;20976434
JOLANTY;MÊ¯CZYZNA;5;20976439
BIENVENU;MÊ¯CZYZNA;5;20976444
VIOLETTA;MÊ¯CZYZNA;5;20976449
HONGPING;MÊ¯CZYZNA;5;20976454
YAYA;MÊ¯CZYZNA;5;20976459
TAYSIR;MÊ¯CZYZNA;5;20976464
T?N;MÊ¯CZYZNA;5;20976469
NISCHAL;MÊ¯CZYZNA;5;20976474
ALLAZ;MÊ¯CZYZNA;5;20976479
HARUT;MÊ¯CZYZNA;5;20976484
YULIIAN;MÊ¯CZYZNA;5;20976489
KARION;MÊ¯CZYZNA;5;20976494
SUJON;MÊ¯CZYZNA;5;20976499
SAIFULLAH;MÊ¯CZYZNA;5;20976504
RUSKO;MÊ¯CZYZNA;5;20976509
WENJUN;MÊ¯CZYZNA;5;20976514
BRODY;MÊ¯CZYZNA;5;20976519
PARTHKUMAR;MÊ¯CZYZNA;5;20976524
THANH S?N;MÊ¯CZYZNA;5;20976529
COSTAS;MÊ¯CZYZNA;5;20976534
GÖKBERK;MÊ¯CZYZNA;5;20976539
SMIT;MÊ¯CZYZNA;5;20976544
ELAZAR;MÊ¯CZYZNA;5;20976549
MAYANKKUMAR;MÊ¯CZYZNA;5;20976554
NATHNAEL;MÊ¯CZYZNA;5;20976559
ZHELYAZKO;MÊ¯CZYZNA;5;20976564
KRUNALKUMAR;MÊ¯CZYZNA;5;20976569
JINMING;MÊ¯CZYZNA;5;20976574
OLUKUNLE;MÊ¯CZYZNA;5;20976579
MAKAN;MÊ¯CZYZNA;5;20976584
TIBERII;MÊ¯CZYZNA;5;20976589
FRANE;MÊ¯CZYZNA;5;20976594
ZELJKO;MÊ¯CZYZNA;5;20976599
WILK;MÊ¯CZYZNA;5;20976604
AIDAMIR;MÊ¯CZYZNA;5;20976609
MOKHLES;MÊ¯CZYZNA;5;20976614
KHAIRUL;MÊ¯CZYZNA;5;20976619
ZENIS£AW;MÊ¯CZYZNA;5;20976624
ISMAËL;MÊ¯CZYZNA;5;20976629
SUNGJUN;MÊ¯CZYZNA;5;20976634
TZACHI;MÊ¯CZYZNA;5;20976639
RACH;MÊ¯CZYZNA;5;20976644
APHIS;MÊ¯CZYZNA;5;20976649
UTA;MÊ¯CZYZNA;5;20976654
EGONS;MÊ¯CZYZNA;5;20976659
TU?RUL;MÊ¯CZYZNA;5;20976664
VARINDER;MÊ¯CZYZNA;5;20976669
TOMMER;MÊ¯CZYZNA;5;20976674
SAIAD;MÊ¯CZYZNA;5;20976679
KRISTI;MÊ¯CZYZNA;5;20976684
GUNDARS;MÊ¯CZYZNA;5;20976689
JAGPREET;MÊ¯CZYZNA;5;20976694
IAREMA;MÊ¯CZYZNA;5;20976699
BAYMYRAT;MÊ¯CZYZNA;5;20976704
MONTY;MÊ¯CZYZNA;5;20976709
HAVRIIL;MÊ¯CZYZNA;5;20976714
VAN CANH;MÊ¯CZYZNA;5;20976719
GOLIB;MÊ¯CZYZNA;5;20976724
CHIDOZIE;MÊ¯CZYZNA;5;20976729
MONISH;MÊ¯CZYZNA;5;20976734
HUNAR;MÊ¯CZYZNA;5;20976739
RIKUTO;MÊ¯CZYZNA;5;20976744
SHAFIQ;MÊ¯CZYZNA;5;20976749
IHTIYAR;MÊ¯CZYZNA;5;20976754
ZLATOSLAV;MÊ¯CZYZNA;5;20976759
TORGVA;MÊ¯CZYZNA;5;20976764
VLADZISLAU;MÊ¯CZYZNA;5;20976769
ERMIAS;MÊ¯CZYZNA;5;20976774
MUHAMMAD ALI;MÊ¯CZYZNA;5;20976779
SUBHENDU;MÊ¯CZYZNA;5;20976784
ZHOLT;MÊ¯CZYZNA;5;20976789
CHAMIL;MÊ¯CZYZNA;5;20976794
WIKTORIO;MÊ¯CZYZNA;5;20976799
KESTUTIS;MÊ¯CZYZNA;5;20976804
MUSTAN;MÊ¯CZYZNA;5;20976809
WEIHUA;MÊ¯CZYZNA;5;20976814
SERAFEIM;MÊ¯CZYZNA;5;20976819
SUNGEUN;MÊ¯CZYZNA;5;20976824
AJET;MÊ¯CZYZNA;5;20976829
SHAMSHER SINGH;MÊ¯CZYZNA;5;20976834
MBONGENI;MÊ¯CZYZNA;5;20976839
WILMAR;MÊ¯CZYZNA;5;20976844
HIROMICHI;MÊ¯CZYZNA;5;20976849
QUANG LINH;MÊ¯CZYZNA;5;20976854
ZHASLAN;MÊ¯CZYZNA;5;20976859
SHIRVANI;MÊ¯CZYZNA;5;20976864
HASSIB;MÊ¯CZYZNA;5;20976869
AUKE;MÊ¯CZYZNA;5;20976874
MOEIN;MÊ¯CZYZNA;5;20976879
ZHENGJUN;MÊ¯CZYZNA;5;20976884
PITAMBAR;MÊ¯CZYZNA;5;20976889
ABDUMANNON;MÊ¯CZYZNA;5;20976894
IRVIN;MÊ¯CZYZNA;5;20976899
DANAS;MÊ¯CZYZNA;5;20976904
EDDI;MÊ¯CZYZNA;5;20976909
REDZHEB;MÊ¯CZYZNA;5;20976914
SUNATULLO;MÊ¯CZYZNA;5;20976919
BOGUMI£Y;MÊ¯CZYZNA;5;20976924
JINU;MÊ¯CZYZNA;5;20976929
ATTA;MÊ¯CZYZNA;5;20976934
RAGESH;MÊ¯CZYZNA;5;20976939
S£AWENTY;MÊ¯CZYZNA;5;20976944
TOMOAKI;MÊ¯CZYZNA;5;20976949
MAILO;MÊ¯CZYZNA;5;20976954
FU;MÊ¯CZYZNA;5;20976959
DONNIE;MÊ¯CZYZNA;5;20976964
FERES;MÊ¯CZYZNA;5;20976969
LEAN;MÊ¯CZYZNA;5;20976974
BILOLIDDIN;MÊ¯CZYZNA;5;20976979
ELIANO;MÊ¯CZYZNA;5;20976984
SANISH;MÊ¯CZYZNA;5;20976989
HARDEV;MÊ¯CZYZNA;5;20976994
WEI-CHEN;MÊ¯CZYZNA;5;20976999
ROMÉO;MÊ¯CZYZNA;5;20977004
SUFIYAN;MÊ¯CZYZNA;5;20977009
BENDZHAMIN;MÊ¯CZYZNA;5;20977014
JINTO;MÊ¯CZYZNA;5;20977019
EERO;MÊ¯CZYZNA;5;20977024
BUNYAMIN;MÊ¯CZYZNA;5;20977029
NG?C TH?NH;MÊ¯CZYZNA;5;20977034
CHINMAYA;MÊ¯CZYZNA;5;20977039
ARFAN;MÊ¯CZYZNA;5;20977044
MORDUCH;MÊ¯CZYZNA;5;20977049
BASSEL;MÊ¯CZYZNA;5;20977054
PRANAB;MÊ¯CZYZNA;5;20977059
SEBIN;MÊ¯CZYZNA;5;20977064
FIKRI;MÊ¯CZYZNA;5;20977069
MD SHAMIM;MÊ¯CZYZNA;5;20977074
DERMAN;MÊ¯CZYZNA;5;20977079
SHAYNE;MÊ¯CZYZNA;5;20977084
ZVONKO;MÊ¯CZYZNA;5;20977089
ULAD;MÊ¯CZYZNA;5;20977094
ILM?RS;MÊ¯CZYZNA;5;20977099
ALI IHSAN;MÊ¯CZYZNA;5;20977104
D¯ANI;MÊ¯CZYZNA;5;20977109
MEER;MÊ¯CZYZNA;5;20977114
GERBEN;MÊ¯CZYZNA;5;20977119
LEWAN;MÊ¯CZYZNA;5;20977124
EDUÁRD;MÊ¯CZYZNA;5;20977129
JIMIN;MÊ¯CZYZNA;5;20977134
TIMOUR;MÊ¯CZYZNA;5;20977139
IPOLITE;MÊ¯CZYZNA;5;20977144
BIKAL;MÊ¯CZYZNA;5;20977149
MOHAMMADALI;MÊ¯CZYZNA;5;20977154
LASSI;MÊ¯CZYZNA;5;20977159
HO?NG LONG;MÊ¯CZYZNA;5;20977164
KHAIRULLO;MÊ¯CZYZNA;5;20977169
GUODONG;MÊ¯CZYZNA;5;20977174
ALI HAYDAR;MÊ¯CZYZNA;5;20977179
MUBASHER;MÊ¯CZYZNA;5;20977184
FAIZAL;MÊ¯CZYZNA;5;20977189
ZINEDDINE;MÊ¯CZYZNA;5;20977194
FEVZ?;MÊ¯CZYZNA;5;20977199
NUSRATULLO;MÊ¯CZYZNA;5;20977204
OWAIS;MÊ¯CZYZNA;5;20977209
GUSTAAF;MÊ¯CZYZNA;5;20977214
FER?T;MÊ¯CZYZNA;5;20977219
ABDULHADI;MÊ¯CZYZNA;5;20977224
KRISTUPAS;MÊ¯CZYZNA;5;20977229
SHAKIRJAN;MÊ¯CZYZNA;5;20977234
ALMASKHAN;MÊ¯CZYZNA;5;20977239
CHAMS;MÊ¯CZYZNA;5;20977244
USEIN;MÊ¯CZYZNA;5;20977249
ELIECER;MÊ¯CZYZNA;5;20977254
IZRAIL;MÊ¯CZYZNA;5;20977259
H?KAN;MÊ¯CZYZNA;5;20977264
VOJTEK;MÊ¯CZYZNA;5;20977269
NURKHAN;MÊ¯CZYZNA;5;20977274
XUAN NAM;MÊ¯CZYZNA;5;20977279
MAKSIMUS;MÊ¯CZYZNA;5;20977284
LÜTFULLAH;MÊ¯CZYZNA;5;20977289
EBUBEK?R;MÊ¯CZYZNA;5;20977294
JIAMING;MÊ¯CZYZNA;5;20977299
NINA;MÊ¯CZYZNA;5;20977304
CONNY;MÊ¯CZYZNA;5;20977309
YUNIOR;MÊ¯CZYZNA;5;20977314
AKHLIDDIN;MÊ¯CZYZNA;5;20977319
ZARKO;MÊ¯CZYZNA;5;20977324
JANEZ;MÊ¯CZYZNA;5;20977329
HO?NG ANH;MÊ¯CZYZNA;5;20977334
JAIDEN;MÊ¯CZYZNA;5;20977339
ASEF;MÊ¯CZYZNA;5;20977344
CONNER;MÊ¯CZYZNA;5;20977349
RAMARAO;MÊ¯CZYZNA;5;20977354
HEINE;MÊ¯CZYZNA;5;20977359
TAYEB;MÊ¯CZYZNA;5;20977364
HEDWIG;MÊ¯CZYZNA;5;20977369
MINH NHAT;MÊ¯CZYZNA;5;20977374
BRONISZ;MÊ¯CZYZNA;5;20977379
Ð?C;MÊ¯CZYZNA;5;20977384
NOFAL;MÊ¯CZYZNA;5;20977389
PRABHJOT SINGH;MÊ¯CZYZNA;5;20977394
ESHED;MÊ¯CZYZNA;5;20977399
NANA;MÊ¯CZYZNA;5;20977404
TZUR;MÊ¯CZYZNA;5;20977409
YOGI;MÊ¯CZYZNA;5;20977414
MIHHAIL;MÊ¯CZYZNA;5;20977419
ARPITKUMAR;MÊ¯CZYZNA;5;20977424
JAEWOO;MÊ¯CZYZNA;5;20977429
KAWA;MÊ¯CZYZNA;5;20977434
ZHIYI;MÊ¯CZYZNA;5;20977439
XIAN;MÊ¯CZYZNA;5;20977444
ALPESHKUMAR;MÊ¯CZYZNA;5;20977449
RITVARS;MÊ¯CZYZNA;5;20977454
AHMET CAN;MÊ¯CZYZNA;5;20977459
GIOVAMBATTISTA;MÊ¯CZYZNA;5;20977464
MULUGETA;MÊ¯CZYZNA;5;20977469
O?UZCAN;MÊ¯CZYZNA;5;20977474
VALENT?NS;MÊ¯CZYZNA;5;20977479
DZHEMIL;MÊ¯CZYZNA;5;20977484
SERGELEN;MÊ¯CZYZNA;5;20977489
FIAZ;MÊ¯CZYZNA;5;20977494
SHOKHBOZ;MÊ¯CZYZNA;5;20977499
JOO;MÊ¯CZYZNA;5;20977504
BRENNO;MÊ¯CZYZNA;5;20977509
BAL BAHADUR;MÊ¯CZYZNA;5;20977514
MAKHAMBET;MÊ¯CZYZNA;5;20977519
SÉAN;MÊ¯CZYZNA;5;20977524
MUBEEN;MÊ¯CZYZNA;5;20977529
SRINIVASU;MÊ¯CZYZNA;5;20977534
ANTOAN;MÊ¯CZYZNA;5;20977539
JACINTO;MÊ¯CZYZNA;5;20977544
RAHEEL;MÊ¯CZYZNA;5;20977549
ABDUVAKHOB;MÊ¯CZYZNA;5;20977554
LEWIN;MÊ¯CZYZNA;5;20977559
ISHEANESU;MÊ¯CZYZNA;5;20977564
VICTORIEN;MÊ¯CZYZNA;5;20977569
ENRI;MÊ¯CZYZNA;5;20977574
FAHRUDIN;MÊ¯CZYZNA;5;20977579
ELVAN;MÊ¯CZYZNA;5;20977584
VASLIDDIN;MÊ¯CZYZNA;5;20977589
EMIRCAN;MÊ¯CZYZNA;5;20977594
BINEESH;MÊ¯CZYZNA;5;20977599
JIGARKUMAR;MÊ¯CZYZNA;5;20977604
BILIAL;MÊ¯CZYZNA;5;20977609
PHILLIPP;MÊ¯CZYZNA;5;20977614
ARII;MÊ¯CZYZNA;5;20977619
QUOC BINH;MÊ¯CZYZNA;5;20977624
SHAKHZODJON;MÊ¯CZYZNA;5;20977629
SAFRON;MÊ¯CZYZNA;5;20977634
KHUSRAV;MÊ¯CZYZNA;5;20977639
TIJS;MÊ¯CZYZNA;5;20977644
HASSAM;MÊ¯CZYZNA;5;20977649
GOVERT;MÊ¯CZYZNA;5;20977654
KALPESHKUMAR;MÊ¯CZYZNA;5;20977659
LIGANG;MÊ¯CZYZNA;5;20977664
ADETOKUNBO;MÊ¯CZYZNA;5;20977669
APOLLON;MÊ¯CZYZNA;5;20977674
ZEIN;MÊ¯CZYZNA;5;20977679
NHAT QUANG;MÊ¯CZYZNA;5;20977684
DERK;MÊ¯CZYZNA;5;20977689
MOHMED;MÊ¯CZYZNA;5;20977694
RADO;MÊ¯CZYZNA;5;20977699
PRABHAT;MÊ¯CZYZNA;5;20977704
JEHAN;MÊ¯CZYZNA;5;20977709
SHUANGFENG;MÊ¯CZYZNA;5;20977714
SENTHILKUMAR;MÊ¯CZYZNA;5;20977719
AKHLIMAN;MÊ¯CZYZNA;5;20977724
YASON;MÊ¯CZYZNA;5;20977729
UMARJON;MÊ¯CZYZNA;5;20977734
NANDAN;MÊ¯CZYZNA;5;20977739
EWGENI;MÊ¯CZYZNA;5;20977744
SANJOG;MÊ¯CZYZNA;5;20977749
T?NG LÂM;MÊ¯CZYZNA;5;20977754
CHI?N;MÊ¯CZYZNA;5;20977759
VELIBOR;MÊ¯CZYZNA;5;20977764
BINAY;MÊ¯CZYZNA;5;20977769
KARA;MÊ¯CZYZNA;5;20977774
MAIL;MÊ¯CZYZNA;5;20977779
KASUN;MÊ¯CZYZNA;5;20977784
AJDAR;MÊ¯CZYZNA;5;20977789
LILIIA;MÊ¯CZYZNA;5;20977794
ALAZAR;MÊ¯CZYZNA;4;20977798
MD SOHEL;MÊ¯CZYZNA;4;20977802
SIWON;MÊ¯CZYZNA;4;20977806
NURAN;MÊ¯CZYZNA;4;20977810
SUSIL;MÊ¯CZYZNA;4;20977814
TALYAT;MÊ¯CZYZNA;4;20977818
SITKI;MÊ¯CZYZNA;4;20977822
REJEP;MÊ¯CZYZNA;4;20977826
ROBERTH;MÊ¯CZYZNA;4;20977830
SIMAS;MÊ¯CZYZNA;4;20977834
GALBADRAKH;MÊ¯CZYZNA;4;20977838
LAURIAN;MÊ¯CZYZNA;4;20977842
PARGAT;MÊ¯CZYZNA;4;20977846
WING;MÊ¯CZYZNA;4;20977850
RAGHUNATH;MÊ¯CZYZNA;4;20977854
BEKTAª;MÊ¯CZYZNA;4;20977858
NACIM;MÊ¯CZYZNA;4;20977862
HELAL;MÊ¯CZYZNA;4;20977866
MADHUR;MÊ¯CZYZNA;4;20977870
PYONG;MÊ¯CZYZNA;4;20977874
RAKHMONALI;MÊ¯CZYZNA;4;20977878
CHENYU;MÊ¯CZYZNA;4;20977882
RAMÓN;MÊ¯CZYZNA;4;20977886
EBUKA;MÊ¯CZYZNA;4;20977890
SHOHAG;MÊ¯CZYZNA;4;20977894
BAJRO;MÊ¯CZYZNA;4;20977898
QUOC VUONG;MÊ¯CZYZNA;4;20977902
DALIAN;MÊ¯CZYZNA;4;20977906
PASHUPATI;MÊ¯CZYZNA;4;20977910
KAVEH;MÊ¯CZYZNA;4;20977914
ANVESH;MÊ¯CZYZNA;4;20977918
BYULENT;MÊ¯CZYZNA;4;20977922
VÃN L??NG;MÊ¯CZYZNA;4;20977926
KRISTINA;MÊ¯CZYZNA;4;20977930
CANKO;MÊ¯CZYZNA;4;20977934
JAN-ALEXANDER;MÊ¯CZYZNA;4;20977938
LIEVEN;MÊ¯CZYZNA;4;20977942
AZNAUR;MÊ¯CZYZNA;4;20977946
ZAHIRUL;MÊ¯CZYZNA;4;20977950
SEBASTJAN;MÊ¯CZYZNA;4;20977954
ABASS;MÊ¯CZYZNA;4;20977958
RAªIT;MÊ¯CZYZNA;4;20977962
SALOMÓN;MÊ¯CZYZNA;4;20977966
HOJIAKBAR;MÊ¯CZYZNA;4;20977970
YESID;MÊ¯CZYZNA;4;20977974
SOOHYUN;MÊ¯CZYZNA;4;20977978
MAGID;MÊ¯CZYZNA;4;20977982
ANUARBEK;MÊ¯CZYZNA;4;20977986
TAEYOON;MÊ¯CZYZNA;4;20977990
ELCIN;MÊ¯CZYZNA;4;20977994
PELLEGRINO;MÊ¯CZYZNA;4;20977998
TUO;MÊ¯CZYZNA;4;20978002
HARMANPREET;MÊ¯CZYZNA;4;20978006
REJITH;MÊ¯CZYZNA;4;20978010
DUMAN;MÊ¯CZYZNA;4;20978014
RESHAD;MÊ¯CZYZNA;4;20978018
RINALDS;MÊ¯CZYZNA;4;20978022
YEREM;MÊ¯CZYZNA;4;20978026
CHANGWOO;MÊ¯CZYZNA;4;20978030
DOCTOR;MÊ¯CZYZNA;4;20978034
MÜRSEL;MÊ¯CZYZNA;4;20978038
DMYTRO-MYKHAILO;MÊ¯CZYZNA;4;20978042
SOO;MÊ¯CZYZNA;4;20978046
GILMAR;MÊ¯CZYZNA;4;20978050
QUN;MÊ¯CZYZNA;4;20978054
MARO;MÊ¯CZYZNA;4;20978058
NI?O;MÊ¯CZYZNA;4;20978062
GABRIELL;MÊ¯CZYZNA;4;20978066
FEYZI;MÊ¯CZYZNA;4;20978070
JORAND;MÊ¯CZYZNA;4;20978074
D¯EJSON;MÊ¯CZYZNA;4;20978078
ZHAOHUA;MÊ¯CZYZNA;4;20978082
SARAVANA;MÊ¯CZYZNA;4;20978086
SZEPSEL;MÊ¯CZYZNA;4;20978090
SUDAN;MÊ¯CZYZNA;4;20978094
JUANSHER;MÊ¯CZYZNA;4;20978098
ANNAMYRAT;MÊ¯CZYZNA;4;20978102
DZHEIMS;MÊ¯CZYZNA;4;20978106
LYON;MÊ¯CZYZNA;4;20978110
MIRLANBEK;MÊ¯CZYZNA;4;20978114
AMEN;MÊ¯CZYZNA;4;20978118
MURODIL;MÊ¯CZYZNA;4;20978122
SHIRIN;MÊ¯CZYZNA;4;20978126
FAYAZ;MÊ¯CZYZNA;4;20978130
KUDZAISHE;MÊ¯CZYZNA;4;20978134
VÃN H?NG;MÊ¯CZYZNA;4;20978138
PUJAN;MÊ¯CZYZNA;4;20978142
PRANESH;MÊ¯CZYZNA;4;20978146
SZON;MÊ¯CZYZNA;4;20978150
AIMO;MÊ¯CZYZNA;4;20978154
NATALIUSZ;MÊ¯CZYZNA;4;20978158
ZHU;MÊ¯CZYZNA;4;20978162
ANOWAR;MÊ¯CZYZNA;4;20978166
OLEKASNDR;MÊ¯CZYZNA;4;20978170
RAMJAN;MÊ¯CZYZNA;4;20978174
HADRIEN;MÊ¯CZYZNA;4;20978178
PERTO;MÊ¯CZYZNA;4;20978182
GIANBATTISTA;MÊ¯CZYZNA;4;20978186
QUOC AN;MÊ¯CZYZNA;4;20978190
GLYN;MÊ¯CZYZNA;4;20978194
DAVIES;MÊ¯CZYZNA;4;20978198
ORLAN;MÊ¯CZYZNA;4;20978202
TAKUMA;MÊ¯CZYZNA;4;20978206
KHAFIZ;MÊ¯CZYZNA;4;20978210
IOEL;MÊ¯CZYZNA;4;20978214
RUI PEDRO;MÊ¯CZYZNA;4;20978218
HEIZA;MÊ¯CZYZNA;4;20978222
HOJUN;MÊ¯CZYZNA;4;20978226
GAZIZ;MÊ¯CZYZNA;4;20978230
SHAOWEI;MÊ¯CZYZNA;4;20978234
KHABIBULLA;MÊ¯CZYZNA;4;20978238
SAJMIR;MÊ¯CZYZNA;4;20978242
POLADKHAN;MÊ¯CZYZNA;4;20978246
FELICJANO;MÊ¯CZYZNA;4;20978250
ZINUR;MÊ¯CZYZNA;4;20978254
ABDELHADI;MÊ¯CZYZNA;4;20978258
JANDRI;MÊ¯CZYZNA;4;20978262
ADVAIT;MÊ¯CZYZNA;4;20978266
BENNI;MÊ¯CZYZNA;4;20978270
VAN LAP;MÊ¯CZYZNA;4;20978274
MD TAJUL;MÊ¯CZYZNA;4;20978278
VALENTY;MÊ¯CZYZNA;4;20978282
HASNAIN;MÊ¯CZYZNA;4;20978286
QUOC NAM;MÊ¯CZYZNA;4;20978290
THEOCHARIS;MÊ¯CZYZNA;4;20978294
TANMOY;MÊ¯CZYZNA;4;20978298
SABINO;MÊ¯CZYZNA;4;20978302
DORAN;MÊ¯CZYZNA;4;20978306
PIERANGELO;MÊ¯CZYZNA;4;20978310
YANJIE;MÊ¯CZYZNA;4;20978314
NERIO;MÊ¯CZYZNA;4;20978318
SHIVANG;MÊ¯CZYZNA;4;20978322
WAHIDULLAH;MÊ¯CZYZNA;4;20978326
YERSULTAN;MÊ¯CZYZNA;4;20978330
RENAS;MÊ¯CZYZNA;4;20978334
SZYMEK;MÊ¯CZYZNA;4;20978338
VÃN THI?N;MÊ¯CZYZNA;4;20978342
ADOLPHE;MÊ¯CZYZNA;4;20978346
OLEKSANDR-VOLODYMYR;MÊ¯CZYZNA;4;20978350
SAGNIK;MÊ¯CZYZNA;4;20978354
RUPERTO;MÊ¯CZYZNA;4;20978358
GAO;MÊ¯CZYZNA;4;20978362
SEBI;MÊ¯CZYZNA;4;20978366
DHARAM;MÊ¯CZYZNA;4;20978370
ATAMURAT;MÊ¯CZYZNA;4;20978374
EUGENIUS;MÊ¯CZYZNA;4;20978378
SATHISHKUMAR;MÊ¯CZYZNA;4;20978382
KHUSHNUD;MÊ¯CZYZNA;4;20978386
LINDON;MÊ¯CZYZNA;4;20978390
SANGYOUNG;MÊ¯CZYZNA;4;20978394
MD RAKIB;MÊ¯CZYZNA;4;20978398
ANDILE;MÊ¯CZYZNA;4;20978402
YUNADI;MÊ¯CZYZNA;4;20978406
NUCHIM;MÊ¯CZYZNA;4;20978410
MONGI;MÊ¯CZYZNA;4;20978414
SAO;MÊ¯CZYZNA;4;20978418
ZACHI;MÊ¯CZYZNA;4;20978422
ASHIS;MÊ¯CZYZNA;4;20978426
MATKO;MÊ¯CZYZNA;4;20978430
MOHSSEN;MÊ¯CZYZNA;4;20978434
EKKACHAI;MÊ¯CZYZNA;4;20978438
BEKHZODBEK;MÊ¯CZYZNA;4;20978442
EKAM;MÊ¯CZYZNA;4;20978446
WENSHENG;MÊ¯CZYZNA;4;20978450
WENTAO;MÊ¯CZYZNA;4;20978454
LAXMI PRASAD;MÊ¯CZYZNA;4;20978458
SENCER;MÊ¯CZYZNA;4;20978462
PU;MÊ¯CZYZNA;4;20978466
KINDRAT;MÊ¯CZYZNA;4;20978470
MIJANUR;MÊ¯CZYZNA;4;20978474
SZARBEL;MÊ¯CZYZNA;4;20978478
HYEONSEO;MÊ¯CZYZNA;4;20978482
HIRSZ;MÊ¯CZYZNA;4;20978486
DINH TIEN;MÊ¯CZYZNA;4;20978490
HAKTAN;MÊ¯CZYZNA;4;20978494
BATLOME;MÊ¯CZYZNA;4;20978498
SUMANTH;MÊ¯CZYZNA;4;20978502
AART;MÊ¯CZYZNA;4;20978506
SALIK;MÊ¯CZYZNA;4;20978510
SAMU;MÊ¯CZYZNA;4;20978514
OTTOMAR;MÊ¯CZYZNA;4;20978518
ARGHYA;MÊ¯CZYZNA;4;20978522
KHAZBULAT;MÊ¯CZYZNA;4;20978526
AMELIA;MÊ¯CZYZNA;4;20978530
KASUM;MÊ¯CZYZNA;4;20978534
THIES;MÊ¯CZYZNA;4;20978538
SIAMAK;MÊ¯CZYZNA;4;20978542
ZHONGHUA;MÊ¯CZYZNA;4;20978546
WEIMIN;MÊ¯CZYZNA;4;20978550
FARROKH;MÊ¯CZYZNA;4;20978554
KIBROM;MÊ¯CZYZNA;4;20978558
MUNKHTULGA;MÊ¯CZYZNA;4;20978562
DACIAN;MÊ¯CZYZNA;4;20978566
JASWANTH;MÊ¯CZYZNA;4;20978570
BRIGHTON;MÊ¯CZYZNA;4;20978574
FERD?;MÊ¯CZYZNA;4;20978578
ANTONIJ;MÊ¯CZYZNA;4;20978582
KHUTA;MÊ¯CZYZNA;4;20978586
GAVRILO;MÊ¯CZYZNA;4;20978590
HONGJUN;MÊ¯CZYZNA;4;20978594
MELOR;MÊ¯CZYZNA;4;20978598
MUNEER;MÊ¯CZYZNA;4;20978602
SUSANTO;MÊ¯CZYZNA;4;20978606
MARCO ANTONIO;MÊ¯CZYZNA;4;20978610
KRZESIMIERZ;MÊ¯CZYZNA;4;20978614
BROCK;MÊ¯CZYZNA;4;20978618
HERNANDO;MÊ¯CZYZNA;4;20978622
NEKTARIOS;MÊ¯CZYZNA;4;20978626
PENGHUI;MÊ¯CZYZNA;4;20978630
HAMRA;MÊ¯CZYZNA;4;20978634
MAQSUDJON;MÊ¯CZYZNA;4;20978638
ISKHAK;MÊ¯CZYZNA;4;20978642
JANOSZ;MÊ¯CZYZNA;4;20978646
LYNDON;MÊ¯CZYZNA;4;20978650
JOSE DANIEL;MÊ¯CZYZNA;4;20978654
RUPINDER;MÊ¯CZYZNA;4;20978658
GASPER;MÊ¯CZYZNA;4;20978662
SHIYU;MÊ¯CZYZNA;4;20978666
VESLAV;MÊ¯CZYZNA;4;20978670
HAIPENG;MÊ¯CZYZNA;4;20978674
ZHAOYANG;MÊ¯CZYZNA;4;20978678
HAMLETI;MÊ¯CZYZNA;4;20978682
BOUBAKER;MÊ¯CZYZNA;4;20978686
ATLE;MÊ¯CZYZNA;4;20978690
LUTHER;MÊ¯CZYZNA;4;20978694
SAATVIK;MÊ¯CZYZNA;4;20978698
ABU BAKAR;MÊ¯CZYZNA;4;20978702
MASUDUR;MÊ¯CZYZNA;4;20978706
BALJIT SINGH;MÊ¯CZYZNA;4;20978710
UNAL;MÊ¯CZYZNA;4;20978714
LAZHARI;MÊ¯CZYZNA;4;20978718
MIA;MÊ¯CZYZNA;4;20978722
BALJEET SINGH;MÊ¯CZYZNA;4;20978726
GAMBAR;MÊ¯CZYZNA;4;20978730
HOANG QUAN;MÊ¯CZYZNA;4;20978734
WONJIN;MÊ¯CZYZNA;4;20978738
LANCELOT;MÊ¯CZYZNA;4;20978742
JESKO;MÊ¯CZYZNA;4;20978746
ZBYCH;MÊ¯CZYZNA;4;20978750
ENKHJARGAL;MÊ¯CZYZNA;4;20978754
VEIS;MÊ¯CZYZNA;4;20978758
BOSCO;MÊ¯CZYZNA;4;20978762
TASHINGA;MÊ¯CZYZNA;4;20978766
BEGZODBEK;MÊ¯CZYZNA;4;20978770
ANDREAN;MÊ¯CZYZNA;4;20978774
TENHIZ;MÊ¯CZYZNA;4;20978778
JIMMI;MÊ¯CZYZNA;4;20978782
SOZAR;MÊ¯CZYZNA;4;20978786
GIÁP;MÊ¯CZYZNA;4;20978790
ZHANYBEK;MÊ¯CZYZNA;4;20978794
OTTÓ;MÊ¯CZYZNA;4;20978798
OLE;MÊ¯CZYZNA;4;20978802
STORM;MÊ¯CZYZNA;4;20978806
LALI;MÊ¯CZYZNA;4;20978810
ARTEM-STEPAN;MÊ¯CZYZNA;4;20978814
FLORIS;MÊ¯CZYZNA;4;20978818
THÃNG;MÊ¯CZYZNA;4;20978822
SAVAN;MÊ¯CZYZNA;4;20978826
SHARVIL;MÊ¯CZYZNA;4;20978830
SYAMSUL;MÊ¯CZYZNA;4;20978834
TCHAVDAR;MÊ¯CZYZNA;4;20978838
RENATUS;MÊ¯CZYZNA;4;20978842
GARD;MÊ¯CZYZNA;4;20978846
DUY TIEN;MÊ¯CZYZNA;4;20978850
ENNO;MÊ¯CZYZNA;4;20978854
TAZAKHAN;MÊ¯CZYZNA;4;20978858
IUSTIN;MÊ¯CZYZNA;4;20978862
PETROV;MÊ¯CZYZNA;4;20978866
GAN-ERDENE;MÊ¯CZYZNA;4;20978870
BERL;MÊ¯CZYZNA;4;20978874
NICOLAE-ALEXANDRU;MÊ¯CZYZNA;4;20978878
MINH PHÚC;MÊ¯CZYZNA;4;20978882
SABASTIAN;MÊ¯CZYZNA;4;20978886
DANIA;MÊ¯CZYZNA;4;20978890
DONG JIN;MÊ¯CZYZNA;4;20978894
BESIR;MÊ¯CZYZNA;4;20978898
ABIAN;MÊ¯CZYZNA;4;20978902
MUNASIB;MÊ¯CZYZNA;4;20978906
AB?D?N;MÊ¯CZYZNA;4;20978910
MONZER;MÊ¯CZYZNA;4;20978914
ZHABRAIL;MÊ¯CZYZNA;4;20978918
SUGIYANTO;MÊ¯CZYZNA;4;20978922
MARZELL;MÊ¯CZYZNA;4;20978926
TÂM;MÊ¯CZYZNA;4;20978930
KARNEI;MÊ¯CZYZNA;4;20978934
SIMHACHALAM;MÊ¯CZYZNA;4;20978938
KIRII;MÊ¯CZYZNA;4;20978942
TOYA;MÊ¯CZYZNA;4;20978946
DJAFAR;MÊ¯CZYZNA;4;20978950
KULWINDER SINGH;MÊ¯CZYZNA;4;20978954
YODGOR;MÊ¯CZYZNA;4;20978958
NARMAN;MÊ¯CZYZNA;4;20978962
ADENIYI;MÊ¯CZYZNA;4;20978966
ALJA;MÊ¯CZYZNA;4;20978970
SAKIB;MÊ¯CZYZNA;4;20978974
THULANI;MÊ¯CZYZNA;4;20978978
TH?NH;MÊ¯CZYZNA;4;20978982
ANKIT KUMAR;MÊ¯CZYZNA;4;20978986
MATUII;MÊ¯CZYZNA;4;20978990
MOSZKO;MÊ¯CZYZNA;4;20978994
HAKAM;MÊ¯CZYZNA;4;20978998
PAJAZIT;MÊ¯CZYZNA;4;20979002
CHANDRAPRAKASH;MÊ¯CZYZNA;4;20979006
MAZIAR;MÊ¯CZYZNA;4;20979010
PELIKS;MÊ¯CZYZNA;4;20979014
WIGDOR;MÊ¯CZYZNA;4;20979018
SHYAMAL;MÊ¯CZYZNA;4;20979022
JÜRI;MÊ¯CZYZNA;4;20979026
AMUR;MÊ¯CZYZNA;4;20979030
PAULO JORGE;MÊ¯CZYZNA;4;20979034
FIRMIN;MÊ¯CZYZNA;4;20979038
TONIO;MÊ¯CZYZNA;4;20979042
ANAY;MÊ¯CZYZNA;4;20979046
MESSI;MÊ¯CZYZNA;4;20979050
YAUHENII;MÊ¯CZYZNA;4;20979054
SHADMAN;MÊ¯CZYZNA;4;20979058
SOKRAT;MÊ¯CZYZNA;4;20979062
MIRJAFAR;MÊ¯CZYZNA;4;20979066
KI?N;MÊ¯CZYZNA;4;20979070
RAZIB;MÊ¯CZYZNA;4;20979074
LUIGINO;MÊ¯CZYZNA;4;20979078
JEVHENIJ;MÊ¯CZYZNA;4;20979082
WONCHUL;MÊ¯CZYZNA;4;20979086
DUC TUAN;MÊ¯CZYZNA;4;20979090
PANDIYAN;MÊ¯CZYZNA;4;20979094
GHALI;MÊ¯CZYZNA;4;20979098
JURIAN;MÊ¯CZYZNA;4;20979102
HARIKRISHNA;MÊ¯CZYZNA;4;20979106
DAEWON;MÊ¯CZYZNA;4;20979110
SIYANG;MÊ¯CZYZNA;4;20979114
VAKHIT;MÊ¯CZYZNA;4;20979118
CIESZYMIR;MÊ¯CZYZNA;4;20979122
DZHOVKHAR;MÊ¯CZYZNA;4;20979126
TIMOTEI;MÊ¯CZYZNA;4;20979130
PIYUSHKUMAR;MÊ¯CZYZNA;4;20979134
TIANYUAN;MÊ¯CZYZNA;4;20979138
MABROUK;MÊ¯CZYZNA;4;20979142
EMSUDIN;MÊ¯CZYZNA;4;20979146
ABDUKHAMID;MÊ¯CZYZNA;4;20979150
MYONG CHOL;MÊ¯CZYZNA;4;20979154
HUY CUONG;MÊ¯CZYZNA;4;20979158
SE;MÊ¯CZYZNA;4;20979162
YAVHENII;MÊ¯CZYZNA;4;20979166
XIAOBAO;MÊ¯CZYZNA;4;20979170
JENARO;MÊ¯CZYZNA;4;20979174
MD MAMUNUR;MÊ¯CZYZNA;4;20979178
YIBIN;MÊ¯CZYZNA;4;20979182
IZZETTIN;MÊ¯CZYZNA;4;20979186
KAJIK;MÊ¯CZYZNA;4;20979190
AVET;MÊ¯CZYZNA;4;20979194
MARCELLI;MÊ¯CZYZNA;4;20979198
LOIK;MÊ¯CZYZNA;4;20979202
GONEN;MÊ¯CZYZNA;4;20979206
IGNATII;MÊ¯CZYZNA;4;20979210
ROSHIN;MÊ¯CZYZNA;4;20979214
GURKAN;MÊ¯CZYZNA;4;20979218
KHOIRUL;MÊ¯CZYZNA;4;20979222
ALIZHAN;MÊ¯CZYZNA;4;20979226
RICHMOND;MÊ¯CZYZNA;4;20979230
DANYIO;MÊ¯CZYZNA;4;20979234
HARRII;MÊ¯CZYZNA;4;20979238
ROBERTINO;MÊ¯CZYZNA;4;20979242
JAESANG;MÊ¯CZYZNA;4;20979246
ARYSTARCH;MÊ¯CZYZNA;4;20979250
ZESHAN;MÊ¯CZYZNA;4;20979254
BEHLÜL;MÊ¯CZYZNA;4;20979258
KYEONG;MÊ¯CZYZNA;4;20979262
JAGO;MÊ¯CZYZNA;4;20979266
JOSYP;MÊ¯CZYZNA;4;20979270
ZHIBIN;MÊ¯CZYZNA;4;20979274
DABAN;MÊ¯CZYZNA;4;20979278
AMIRASLAN;MÊ¯CZYZNA;4;20979282
SHINICHIRO;MÊ¯CZYZNA;4;20979286
QUANG VIET;MÊ¯CZYZNA;4;20979290
ROSTIS£AV;MÊ¯CZYZNA;4;20979294
BINIL;MÊ¯CZYZNA;4;20979298
LUKHUMI;MÊ¯CZYZNA;4;20979302
AFIK;MÊ¯CZYZNA;4;20979306
SADULLA;MÊ¯CZYZNA;4;20979310
VAN THAO;MÊ¯CZYZNA;4;20979314
SHAHNAWAZ;MÊ¯CZYZNA;4;20979318
YAGMYR;MÊ¯CZYZNA;4;20979322
YOSHITO;MÊ¯CZYZNA;4;20979326
XIAOYAN;MÊ¯CZYZNA;4;20979330
MD ARIFUL;MÊ¯CZYZNA;4;20979334
MUH?TT?N;MÊ¯CZYZNA;4;20979338
GUNJAN;MÊ¯CZYZNA;4;20979342
KOVAL;MÊ¯CZYZNA;4;20979346
ALBERTAS;MÊ¯CZYZNA;4;20979350
TOMA;MÊ¯CZYZNA;4;20979354
HOUARI;MÊ¯CZYZNA;4;20979358
ABDELJALIL;MÊ¯CZYZNA;4;20979362
RENJIE;MÊ¯CZYZNA;4;20979366
MINH TRUNG;MÊ¯CZYZNA;4;20979370
LEMMY;MÊ¯CZYZNA;4;20979374
DEIVYDAS;MÊ¯CZYZNA;4;20979378
FEROZ;MÊ¯CZYZNA;4;20979382
HONGXIN;MÊ¯CZYZNA;4;20979386
AUS;MÊ¯CZYZNA;4;20979390
TEMOFII;MÊ¯CZYZNA;4;20979394
FRIEDBERT;MÊ¯CZYZNA;4;20979398
GODFRYD;MÊ¯CZYZNA;4;20979402
VEGARD;MÊ¯CZYZNA;4;20979406
TASOS;MÊ¯CZYZNA;4;20979410
OLUWASEGUN;MÊ¯CZYZNA;4;20979414
CHUDAMANI;MÊ¯CZYZNA;4;20979418
VITALIK;MÊ¯CZYZNA;4;20979422
JIRO;MÊ¯CZYZNA;4;20979426
TZVETAN;MÊ¯CZYZNA;4;20979430
ALGERT;MÊ¯CZYZNA;4;20979434
ABO;MÊ¯CZYZNA;4;20979438
SALWAN;MÊ¯CZYZNA;4;20979442
KIMON;MÊ¯CZYZNA;4;20979446
SANG HUN;MÊ¯CZYZNA;4;20979450
RAF;MÊ¯CZYZNA;4;20979454
MUJEEB;MÊ¯CZYZNA;4;20979458
HOMERO;MÊ¯CZYZNA;4;20979462
DENVER;MÊ¯CZYZNA;4;20979466
HAN?F?;MÊ¯CZYZNA;4;20979470
KAYO;MÊ¯CZYZNA;4;20979474
ABDULLOJON;MÊ¯CZYZNA;4;20979478
ÜMÜT;MÊ¯CZYZNA;4;20979482
BABIN;MÊ¯CZYZNA;4;20979486
ABDELKADIR;MÊ¯CZYZNA;4;20979490
SAWAN;MÊ¯CZYZNA;4;20979494
HONG PHONG;MÊ¯CZYZNA;4;20979498
MANWEL;MÊ¯CZYZNA;4;20979502
ABBOSJON;MÊ¯CZYZNA;4;20979506
IZZATBEK;MÊ¯CZYZNA;4;20979510
PHANI;MÊ¯CZYZNA;4;20979514
AMGALAN;MÊ¯CZYZNA;4;20979518
MACHIEL;MÊ¯CZYZNA;4;20979522
RICARDAS;MÊ¯CZYZNA;4;20979526
RISHAB;MÊ¯CZYZNA;4;20979530
TOP BAHADUR;MÊ¯CZYZNA;4;20979534
DANDY;MÊ¯CZYZNA;4;20979538
CRISPEN;MÊ¯CZYZNA;4;20979542
MARIUS-CÃTÃLIN;MÊ¯CZYZNA;4;20979546
GURUPRASAD;MÊ¯CZYZNA;4;20979550
AYANSH;MÊ¯CZYZNA;4;20979554
FRANCZESKO;MÊ¯CZYZNA;4;20979558
PYRY;MÊ¯CZYZNA;4;20979562
VADIMAS;MÊ¯CZYZNA;4;20979566
ARUTUN;MÊ¯CZYZNA;4;20979570
SHAHRIAR;MÊ¯CZYZNA;4;20979574
NOECH;MÊ¯CZYZNA;4;20979578
MINH TU;MÊ¯CZYZNA;4;20979582
JAHOR;MÊ¯CZYZNA;4;20979586
HUANG;MÊ¯CZYZNA;4;20979590
VOLODYMYR-DMYTRO;MÊ¯CZYZNA;4;20979594
MAXSYM;MÊ¯CZYZNA;4;20979598
WENHAO;MÊ¯CZYZNA;4;20979602
MELNYK;MÊ¯CZYZNA;4;20979606
ODILZHON;MÊ¯CZYZNA;4;20979610
MOHAMMAD HOSSEIN;MÊ¯CZYZNA;4;20979614
EGIDIUSZ;MÊ¯CZYZNA;4;20979618
DUC HANH;MÊ¯CZYZNA;4;20979622
RADZISLAU;MÊ¯CZYZNA;4;20979626
RAMOS;MÊ¯CZYZNA;4;20979630
?ÔNG;MÊ¯CZYZNA;4;20979634
JIALIANG;MÊ¯CZYZNA;4;20979638
ZDENO;MÊ¯CZYZNA;4;20979642
MATO;MÊ¯CZYZNA;4;20979646
JIANQIANG;MÊ¯CZYZNA;4;20979650
MILISAV;MÊ¯CZYZNA;4;20979654
BHIMSEN;MÊ¯CZYZNA;4;20979658
BAKHADUR;MÊ¯CZYZNA;4;20979662
YOSIP;MÊ¯CZYZNA;4;20979666
MINGMING;MÊ¯CZYZNA;4;20979670
NASHAT;MÊ¯CZYZNA;4;20979674
KIARAM;MÊ¯CZYZNA;4;20979678
DUY MANH;MÊ¯CZYZNA;4;20979682
BAKHRIDIN;MÊ¯CZYZNA;4;20979686
BEHROOZ;MÊ¯CZYZNA;4;20979690
TOSHIFUMI;MÊ¯CZYZNA;4;20979694
XUELIANG;MÊ¯CZYZNA;4;20979698
ANGAD;MÊ¯CZYZNA;4;20979702
LUTOMI£;MÊ¯CZYZNA;4;20979706
KLEMENT;MÊ¯CZYZNA;4;20979710
ARVINDER;MÊ¯CZYZNA;4;20979714
NIKO£A;MÊ¯CZYZNA;4;20979718
DAESUNG;MÊ¯CZYZNA;4;20979722
LECHA;MÊ¯CZYZNA;4;20979726
JOVITO;MÊ¯CZYZNA;4;20979730
AGENOR;MÊ¯CZYZNA;4;20979734
KLEVIS;MÊ¯CZYZNA;4;20979738
JIANGUANG;MÊ¯CZYZNA;4;20979742
VAN HOI;MÊ¯CZYZNA;4;20979746
ARTUN;MÊ¯CZYZNA;4;20979750
ELIESER;MÊ¯CZYZNA;4;20979754
DONÁT;MÊ¯CZYZNA;4;20979758
JAMAN;MÊ¯CZYZNA;4;20979762
FRIDAY;MÊ¯CZYZNA;4;20979766
NOSAKHARE;MÊ¯CZYZNA;4;20979770
JAEHOON;MÊ¯CZYZNA;4;20979774
RUPAN;MÊ¯CZYZNA;4;20979778
ICCHAK;MÊ¯CZYZNA;4;20979782
ORIANO;MÊ¯CZYZNA;4;20979786
VALERICA;MÊ¯CZYZNA;4;20979790
JEZREEL;MÊ¯CZYZNA;4;20979794
ERICKSON;MÊ¯CZYZNA;4;20979798
MACSIM;MÊ¯CZYZNA;4;20979802
WALDOMIERZ;MÊ¯CZYZNA;4;20979806
YEONWOO;MÊ¯CZYZNA;4;20979810
NEMO;MÊ¯CZYZNA;4;20979814
PEDRO HENRIQUE;MÊ¯CZYZNA;4;20979818
ALAKSANDAR;MÊ¯CZYZNA;4;20979822
MOMCILO;MÊ¯CZYZNA;4;20979826
XOLANI;MÊ¯CZYZNA;4;20979830
AMIHAI;MÊ¯CZYZNA;4;20979834
JIAWEN;MÊ¯CZYZNA;4;20979838
JINLONG;MÊ¯CZYZNA;4;20979842
SALA;MÊ¯CZYZNA;4;20979846
GAMINI;MÊ¯CZYZNA;4;20979850
TAIMOOR;MÊ¯CZYZNA;4;20979854
BRAYEN;MÊ¯CZYZNA;4;20979858
SAEFUL;MÊ¯CZYZNA;4;20979862
SAMMER;MÊ¯CZYZNA;4;20979866
HAYSAM;MÊ¯CZYZNA;4;20979870
YENOK;MÊ¯CZYZNA;4;20979874
TEJENDRA;MÊ¯CZYZNA;4;20979878
KARANI;MÊ¯CZYZNA;4;20979882
DINH TUAN;MÊ¯CZYZNA;4;20979886
EIDAN;MÊ¯CZYZNA;4;20979890
MDUDUZI;MÊ¯CZYZNA;4;20979894
FETULLAH;MÊ¯CZYZNA;4;20979898
UZOMA;MÊ¯CZYZNA;4;20979902
LESLAV;MÊ¯CZYZNA;4;20979906
EDUARDO JR.;MÊ¯CZYZNA;4;20979910
VÃN KHÁNH;MÊ¯CZYZNA;4;20979914
TIANYI;MÊ¯CZYZNA;4;20979918
YUNIESKY;MÊ¯CZYZNA;4;20979922
SÜREYYA;MÊ¯CZYZNA;4;20979926
SEBASTIANUS;MÊ¯CZYZNA;4;20979930
JEFRY;MÊ¯CZYZNA;4;20979934
DIONYSII;MÊ¯CZYZNA;4;20979938
ZORAWAR;MÊ¯CZYZNA;4;20979942
PHI H?NG;MÊ¯CZYZNA;4;20979946
JANPOLAD;MÊ¯CZYZNA;4;20979950
ALISHERJON;MÊ¯CZYZNA;4;20979954
MUSALIM;MÊ¯CZYZNA;4;20979958
SLAVEKS;MÊ¯CZYZNA;4;20979962
EURICO;MÊ¯CZYZNA;4;20979966
ATIK;MÊ¯CZYZNA;4;20979970
YONGXIN;MÊ¯CZYZNA;4;20979974
LIROY;MÊ¯CZYZNA;4;20979978
RAHMONJON;MÊ¯CZYZNA;4;20979982
MARCIAL;MÊ¯CZYZNA;4;20979986
ZIGURDS;MÊ¯CZYZNA;4;20979990
GIEORGIS;MÊ¯CZYZNA;4;20979994
SEREF;MÊ¯CZYZNA;4;20979998
HUU HAI;MÊ¯CZYZNA;4;20980002
YOKUBJON;MÊ¯CZYZNA;4;20980006
VAN GIAP;MÊ¯CZYZNA;4;20980010
NACI;MÊ¯CZYZNA;4;20980014
BENCJAN;MÊ¯CZYZNA;4;20980018
JAN-ERIK;MÊ¯CZYZNA;4;20980022
CHANDRESH;MÊ¯CZYZNA;4;20980026
SHERVIN;MÊ¯CZYZNA;4;20980030
KODIR;MÊ¯CZYZNA;4;20980034
ARIJAN;MÊ¯CZYZNA;4;20980038
MARSELINO;MÊ¯CZYZNA;4;20980042
DONATELLO;MÊ¯CZYZNA;4;20980046
MASAKAZU;MÊ¯CZYZNA;4;20980050
SADRADIN;MÊ¯CZYZNA;4;20980054
VÃN PH??NG;MÊ¯CZYZNA;4;20980058
GRAMOS;MÊ¯CZYZNA;4;20980062
SHIVAPRASAD;MÊ¯CZYZNA;4;20980066
HUSEN;MÊ¯CZYZNA;4;20980070
MINGLIANG;MÊ¯CZYZNA;4;20980074
EITEL;MÊ¯CZYZNA;4;20980078
ERCÜMENT;MÊ¯CZYZNA;4;20980082
HASIB;MÊ¯CZYZNA;4;20980086
DENG;MÊ¯CZYZNA;4;20980090
MEMED;MÊ¯CZYZNA;4;20980094
KASHYAP;MÊ¯CZYZNA;4;20980098
RAMTIN;MÊ¯CZYZNA;4;20980102
VELODI;MÊ¯CZYZNA;4;20980106
AKASHKUMAR;MÊ¯CZYZNA;4;20980110
MD AL;MÊ¯CZYZNA;4;20980114
JOGARAO;MÊ¯CZYZNA;4;20980118
SHILEI;MÊ¯CZYZNA;4;20980122
SANGYUN;MÊ¯CZYZNA;4;20980126
ANDARBEK;MÊ¯CZYZNA;4;20980130
NEDIR;MÊ¯CZYZNA;4;20980134
JITENDER;MÊ¯CZYZNA;4;20980138
KHASSAN;MÊ¯CZYZNA;4;20980142
IBADAT;MÊ¯CZYZNA;4;20980146
MAYAN;MÊ¯CZYZNA;4;20980150
NATE;MÊ¯CZYZNA;4;20980154
RAREª;MÊ¯CZYZNA;4;20980158
GAZMIR;MÊ¯CZYZNA;4;20980162
GHOLAM;MÊ¯CZYZNA;4;20980166
KASEM;MÊ¯CZYZNA;4;20980170
CHENGLIN;MÊ¯CZYZNA;4;20980174
HAYTHEM;MÊ¯CZYZNA;4;20980178
ERKINJON;MÊ¯CZYZNA;4;20980182
XIANMING;MÊ¯CZYZNA;4;20980186
NHÂN;MÊ¯CZYZNA;4;20980190
IBAD;MÊ¯CZYZNA;4;20980194
NIAM;MÊ¯CZYZNA;4;20980198
RAS?M;MÊ¯CZYZNA;4;20980202
DUANE;MÊ¯CZYZNA;4;20980206
RAMIRES;MÊ¯CZYZNA;4;20980210
VLADISLAVAS;MÊ¯CZYZNA;4;20980214
JONSON;MÊ¯CZYZNA;4;20980218
JASPAL SINGH;MÊ¯CZYZNA;4;20980222
JIANFANG;MÊ¯CZYZNA;4;20980226
HARU;MÊ¯CZYZNA;4;20980230
MYUMYUN;MÊ¯CZYZNA;4;20980234
DELAN;MÊ¯CZYZNA;4;20980238
FLORIN-ALEXANDRU;MÊ¯CZYZNA;4;20980242
SATVIR;MÊ¯CZYZNA;4;20980246
OKBA;MÊ¯CZYZNA;4;20980250
LEN;MÊ¯CZYZNA;4;20980254
RAEES;MÊ¯CZYZNA;4;20980258
MUKHAILO;MÊ¯CZYZNA;4;20980262
TRUST;MÊ¯CZYZNA;4;20980266
SAIDAKHMAD;MÊ¯CZYZNA;4;20980270
JENDRZEJ;MÊ¯CZYZNA;4;20980274
ªENER;MÊ¯CZYZNA;4;20980278
GURSEL;MÊ¯CZYZNA;4;20980282
ICCHOK;MÊ¯CZYZNA;4;20980286
STAFFAN;MÊ¯CZYZNA;4;20980290
SANDRYN;MÊ¯CZYZNA;4;20980294
YAGIL;MÊ¯CZYZNA;4;20980298
JIN HO;MÊ¯CZYZNA;4;20980302
KRYSTJAN;MÊ¯CZYZNA;4;20980306
PREECHA;MÊ¯CZYZNA;4;20980310
DHARMESHKUMAR;MÊ¯CZYZNA;4;20980314
TOSHIHIRO;MÊ¯CZYZNA;4;20980318
ARCHIP;MÊ¯CZYZNA;4;20980322
GIANG NAM;MÊ¯CZYZNA;4;20980326
DZOWANI;MÊ¯CZYZNA;4;20980330
SUNGYOON;MÊ¯CZYZNA;4;20980334
MAIRIS;MÊ¯CZYZNA;4;20980338
NASRULLAH;MÊ¯CZYZNA;4;20980342
ARTH;MÊ¯CZYZNA;4;20980346
VISITA;MÊ¯CZYZNA;4;20980350
JULY;MÊ¯CZYZNA;4;20980354
SABYASACHI;MÊ¯CZYZNA;4;20980358
ILICHBEK;MÊ¯CZYZNA;4;20980362
YOUNG HO;MÊ¯CZYZNA;4;20980366
ELBURS;MÊ¯CZYZNA;4;20980370
NUSEN;MÊ¯CZYZNA;4;20980374
KAZYMIR;MÊ¯CZYZNA;4;20980378
VAN CONG;MÊ¯CZYZNA;4;20980382
BAYASGALAN;MÊ¯CZYZNA;4;20980386
VELIN;MÊ¯CZYZNA;4;20980390
DAYO;MÊ¯CZYZNA;4;20980394
ZIYU;MÊ¯CZYZNA;4;20980398
??C D?NG;MÊ¯CZYZNA;4;20980402
FARHODJON;MÊ¯CZYZNA;4;20980406
JHOAN;MÊ¯CZYZNA;4;20980410
RICARDO JR.;MÊ¯CZYZNA;4;20980414
RATKHAN;MÊ¯CZYZNA;4;20980418
THAMAN;MÊ¯CZYZNA;4;20980422
VLASIY;MÊ¯CZYZNA;4;20980426
SUPRIYONO;MÊ¯CZYZNA;4;20980430
MARIO JR.;MÊ¯CZYZNA;4;20980434
KANGMIN;MÊ¯CZYZNA;4;20980438
GURUMURTY;MÊ¯CZYZNA;4;20980442
GIAN MARCO;MÊ¯CZYZNA;4;20980446
EDNARI;MÊ¯CZYZNA;4;20980450
KAWSAR;MÊ¯CZYZNA;4;20980454
OKEKSANDR;MÊ¯CZYZNA;4;20980458
TEHRAN;MÊ¯CZYZNA;4;20980462
WALERI;MÊ¯CZYZNA;4;20980466
KHAMIDULLA;MÊ¯CZYZNA;4;20980470
ASSANALI;MÊ¯CZYZNA;4;20980474
JOZO;MÊ¯CZYZNA;4;20980478
INGVAR;MÊ¯CZYZNA;4;20980482
TAUS;MÊ¯CZYZNA;4;20980486
UTSAVKUMAR;MÊ¯CZYZNA;4;20980490
BABUR;MÊ¯CZYZNA;4;20980494
DAWOD;MÊ¯CZYZNA;4;20980498
STAMEN;MÊ¯CZYZNA;4;20980502
MELIS;MÊ¯CZYZNA;4;20980506
ZHANGIR;MÊ¯CZYZNA;4;20980510
PAVLO-IVAN;MÊ¯CZYZNA;4;20980514
GIANPIETRO;MÊ¯CZYZNA;4;20980518
NEHAL;MÊ¯CZYZNA;4;20980522
KHOI NGUYEN;MÊ¯CZYZNA;4;20980526
PINTU;MÊ¯CZYZNA;4;20980530
LAIMUTIS;MÊ¯CZYZNA;4;20980534
NANDA;MÊ¯CZYZNA;4;20980538
ATAY;MÊ¯CZYZNA;4;20980542
V?N TH?NG;MÊ¯CZYZNA;4;20980546
MSTISLAV;MÊ¯CZYZNA;4;20980550
ARDAN;MÊ¯CZYZNA;4;20980554
ZHENXING;MÊ¯CZYZNA;4;20980558
DORIANO;MÊ¯CZYZNA;4;20980562
ISLYAM;MÊ¯CZYZNA;4;20980566
MEIER;MÊ¯CZYZNA;4;20980570
SEON;MÊ¯CZYZNA;4;20980574
TAEHYUN;MÊ¯CZYZNA;4;20980578
DUY PHONG;MÊ¯CZYZNA;4;20980582
IVRI;MÊ¯CZYZNA;4;20980586
YANES;MÊ¯CZYZNA;4;20980590
FIRDAUS;MÊ¯CZYZNA;4;20980594
MYKAHAILO;MÊ¯CZYZNA;4;20980598
LJUPCHO;MÊ¯CZYZNA;4;20980602
HEATH;MÊ¯CZYZNA;4;20980606
CHYNHIZ;MÊ¯CZYZNA;4;20980610
TULGA;MÊ¯CZYZNA;4;20980614
MATITIAHU;MÊ¯CZYZNA;4;20980618
ILARYION;MÊ¯CZYZNA;4;20980622
GENC;MÊ¯CZYZNA;4;20980626
SENTHIL;MÊ¯CZYZNA;4;20980630
HERON;MÊ¯CZYZNA;4;20980634
SIMAO;MÊ¯CZYZNA;4;20980638
ABEER;MÊ¯CZYZNA;4;20980642
HERY;MÊ¯CZYZNA;4;20980646
EDV?NS;MÊ¯CZYZNA;4;20980650
ULPHAT;MÊ¯CZYZNA;4;20980654
SAINATH;MÊ¯CZYZNA;4;20980658
OSSI;MÊ¯CZYZNA;4;20980662
TU?N H?NG;MÊ¯CZYZNA;4;20980666
HÔNG;MÊ¯CZYZNA;4;20980670
S£AWOS£AW;MÊ¯CZYZNA;4;20980674
ZACCARIA;MÊ¯CZYZNA;4;20980678
QUANG TH?NG;MÊ¯CZYZNA;4;20980682
DIEU;MÊ¯CZYZNA;4;20980686
HRISTIJAN;MÊ¯CZYZNA;4;20980690
TIMOPHEY;MÊ¯CZYZNA;4;20980694
ARKA;MÊ¯CZYZNA;4;20980698
RENDI;MÊ¯CZYZNA;4;20980702
TRAJKO;MÊ¯CZYZNA;4;20980706
ARGISHTI;MÊ¯CZYZNA;4;20980710
YUNBO;MÊ¯CZYZNA;4;20980714
MATHYS;MÊ¯CZYZNA;4;20980718
HO?NG S?N;MÊ¯CZYZNA;4;20980722
ERMINIO;MÊ¯CZYZNA;4;20980726
DIMOSTENIS;MÊ¯CZYZNA;4;20980730
THANH LUAN;MÊ¯CZYZNA;4;20980734
JASMEET;MÊ¯CZYZNA;4;20980738
SAFEER;MÊ¯CZYZNA;4;20980742
MINH HI?U;MÊ¯CZYZNA;4;20980746
MINH VU;MÊ¯CZYZNA;4;20980750
BINESH;MÊ¯CZYZNA;4;20980754
ZIWEI;MÊ¯CZYZNA;4;20980758
ABDULKHAKIM;MÊ¯CZYZNA;4;20980762
CHUNLIN;MÊ¯CZYZNA;4;20980766
VAN BAY;MÊ¯CZYZNA;4;20980770
HARYK;MÊ¯CZYZNA;4;20980774
JIANLIANG;MÊ¯CZYZNA;4;20980778
KEWAL;MÊ¯CZYZNA;4;20980782
SOLOMIIA;MÊ¯CZYZNA;4;20980786
WALTRAUT;MÊ¯CZYZNA;4;20980790
WAHIDIN;MÊ¯CZYZNA;4;20980794
VAN HOP;MÊ¯CZYZNA;4;20980798
MANVIR;MÊ¯CZYZNA;4;20980802
CHU;MÊ¯CZYZNA;4;20980806
BORISAS;MÊ¯CZYZNA;4;20980810
PEDRO ANTONIO;MÊ¯CZYZNA;4;20980814
AIPING;MÊ¯CZYZNA;4;20980818
QINGJUN;MÊ¯CZYZNA;4;20980822
FILIPOS;MÊ¯CZYZNA;4;20980826
COSKUN;MÊ¯CZYZNA;4;20980830
ASIR;MÊ¯CZYZNA;4;20980834
SIVASANKAR;MÊ¯CZYZNA;4;20980838
GAFAR;MÊ¯CZYZNA;4;20980842
ARUTIN;MÊ¯CZYZNA;4;20980846
UMA;MÊ¯CZYZNA;4;20980850
BABAKHAN;MÊ¯CZYZNA;4;20980854
RENART;MÊ¯CZYZNA;4;20980858
NOBUAKI;MÊ¯CZYZNA;4;20980862
BASHEER;MÊ¯CZYZNA;4;20980866
¯ENIA;MÊ¯CZYZNA;4;20980870
EDRIS;MÊ¯CZYZNA;4;20980874
MASHAL;MÊ¯CZYZNA;4;20980878
XUAN DUNG;MÊ¯CZYZNA;4;20980882
KHAYOTULLO;MÊ¯CZYZNA;4;20980886
JOSÉ ALBERTO;MÊ¯CZYZNA;4;20980890
BARKIN;MÊ¯CZYZNA;4;20980894
HACENE;MÊ¯CZYZNA;4;20980898
SUNG CHUL;MÊ¯CZYZNA;4;20980902
BERTALAN;MÊ¯CZYZNA;4;20980906
GURJIT SINGH;MÊ¯CZYZNA;4;20980910
KAMILA;MÊ¯CZYZNA;4;20980914
KALYS;MÊ¯CZYZNA;4;20980918
JORDANIS;MÊ¯CZYZNA;4;20980922
SOHAG;MÊ¯CZYZNA;4;20980926
TUAN TU;MÊ¯CZYZNA;4;20980930
VOJIN;MÊ¯CZYZNA;4;20980934
JOUNI;MÊ¯CZYZNA;4;20980938
BRYCE;MÊ¯CZYZNA;4;20980942
SHODMON;MÊ¯CZYZNA;4;20980946
KALPESH;MÊ¯CZYZNA;4;20980950
EUNCHAN;MÊ¯CZYZNA;4;20980954
MATISSE;MÊ¯CZYZNA;4;20980958
JIAHUI;MÊ¯CZYZNA;4;20980962
AMRAM;MÊ¯CZYZNA;4;20980966
DINH HOA;MÊ¯CZYZNA;4;20980970
TOTO;MÊ¯CZYZNA;4;20980974
MARIUS-NICOLAE;MÊ¯CZYZNA;4;20980978
THILINA;MÊ¯CZYZNA;4;20980982
ISLIAM;MÊ¯CZYZNA;4;20980986
CHETHAN;MÊ¯CZYZNA;4;20980990
AZIZUL;MÊ¯CZYZNA;4;20980994
BERNARDAS;MÊ¯CZYZNA;4;20980998
ILLAN;MÊ¯CZYZNA;4;20981002
ZOUHAIER;MÊ¯CZYZNA;4;20981006
GERMANS;MÊ¯CZYZNA;4;20981010
NIKIFAR;MÊ¯CZYZNA;4;20981014
RAMO;MÊ¯CZYZNA;4;20981018
THAN;MÊ¯CZYZNA;4;20981022
FOIVOS;MÊ¯CZYZNA;4;20981026
RÛDIGER;MÊ¯CZYZNA;4;20981030
ALBERTS;MÊ¯CZYZNA;4;20981034
JASVINDER;MÊ¯CZYZNA;4;20981038
OTMANE;MÊ¯CZYZNA;4;20981042
HI?P;MÊ¯CZYZNA;4;20981046
YIAN;MÊ¯CZYZNA;4;20981050
ATAR;MÊ¯CZYZNA;4;20981054
GABRY;MÊ¯CZYZNA;4;20981058
ERDINÇ;MÊ¯CZYZNA;4;20981062
SALO;MÊ¯CZYZNA;4;20981066
KORHAN;MÊ¯CZYZNA;4;20981070
HOJIN;MÊ¯CZYZNA;4;20981074
TAYYAB;MÊ¯CZYZNA;4;20981078
DEVAD;MÊ¯CZYZNA;4;20981082
DUKVAKHA;MÊ¯CZYZNA;4;20981086
HUU DUNG;MÊ¯CZYZNA;4;20981090
KHAZHI;MÊ¯CZYZNA;4;20981094
NICOL;MÊ¯CZYZNA;4;20981098
TUVAL;MÊ¯CZYZNA;4;20981102
YOGESHKUMAR;MÊ¯CZYZNA;4;20981106
GERMANO;MÊ¯CZYZNA;4;20981110
EVRIM;MÊ¯CZYZNA;4;20981114
DÉCIO;MÊ¯CZYZNA;4;20981118
TAHYR;MÊ¯CZYZNA;4;20981122
¯YTOMIR;MÊ¯CZYZNA;4;20981126
LUAI;MÊ¯CZYZNA;4;20981130
JOERG;MÊ¯CZYZNA;4;20981134
JORA;MÊ¯CZYZNA;4;20981138
AEDAN;MÊ¯CZYZNA;4;20981142
ISFANDIYAR;MÊ¯CZYZNA;4;20981146
WENYI;MÊ¯CZYZNA;4;20981150
KOSIMJON;MÊ¯CZYZNA;4;20981154
FEOFAN;MÊ¯CZYZNA;4;20981158
VAN BA;MÊ¯CZYZNA;4;20981162
RADOMYS£;MÊ¯CZYZNA;4;20981166
VAN XUAN;MÊ¯CZYZNA;4;20981170
JINYUAN;MÊ¯CZYZNA;4;20981174
JASWINDER;MÊ¯CZYZNA;4;20981178
ESHKIN;MÊ¯CZYZNA;4;20981182
PHÚC H?NG;MÊ¯CZYZNA;4;20981186
YOUNGJUN;MÊ¯CZYZNA;4;20981190
ZBYLUT;MÊ¯CZYZNA;4;20981194
SHOZO;MÊ¯CZYZNA;4;20981198
GODEL;MÊ¯CZYZNA;4;20981202
YONGFU;MÊ¯CZYZNA;4;20981206
TUAN MINH;MÊ¯CZYZNA;4;20981210
KOLAWOLE;MÊ¯CZYZNA;4;20981214
EMMANUELE;MÊ¯CZYZNA;4;20981218
PIERINO;MÊ¯CZYZNA;4;20981222
SAIFULLO;MÊ¯CZYZNA;4;20981226
ROJHAT;MÊ¯CZYZNA;4;20981230
REYNIER;MÊ¯CZYZNA;4;20981234
ILHAMI;MÊ¯CZYZNA;4;20981238
SHACHAF;MÊ¯CZYZNA;4;20981242
SUSHEEL;MÊ¯CZYZNA;4;20981246
RUMAN;MÊ¯CZYZNA;4;20981250
ERMES;MÊ¯CZYZNA;4;20981254
FADDIEI;MÊ¯CZYZNA;4;20981258
B?LGEHAN;MÊ¯CZYZNA;4;20981262
ROMIR;MÊ¯CZYZNA;4;20981266
HRISTIYAN;MÊ¯CZYZNA;4;20981270
MÁRKÓ;MÊ¯CZYZNA;4;20981274
ALIDZHON;MÊ¯CZYZNA;4;20981278
SRAVAN KUMAR;MÊ¯CZYZNA;4;20981282
BAADURI;MÊ¯CZYZNA;4;20981286
KAN;MÊ¯CZYZNA;4;20981290
SON TUNG;MÊ¯CZYZNA;4;20981294
JIANRONG;MÊ¯CZYZNA;4;20981298
GEGAM;MÊ¯CZYZNA;4;20981302
LORETO;MÊ¯CZYZNA;4;20981306
AND¯EJ;MÊ¯CZYZNA;4;20981310
HAGI;MÊ¯CZYZNA;4;20981314
KARAR;MÊ¯CZYZNA;4;20981318
JOGINDER;MÊ¯CZYZNA;4;20981322
MOHINDER;MÊ¯CZYZNA;4;20981326
DARIEN;MÊ¯CZYZNA;4;20981330
SYMPLICJUSZ;MÊ¯CZYZNA;4;20981334
MAURYLIUSZ;MÊ¯CZYZNA;4;20981338
DAMIRI;MÊ¯CZYZNA;4;20981342
MEKHRAB;MÊ¯CZYZNA;4;20981346
ABDELATIF;MÊ¯CZYZNA;4;20981350
YUNG;MÊ¯CZYZNA;4;20981354
FOAD;MÊ¯CZYZNA;4;20981358
NICOS;MÊ¯CZYZNA;4;20981362
RÜªTÜ;MÊ¯CZYZNA;4;20981366
PERVIZ;MÊ¯CZYZNA;4;20981370
YOSHIFUMI;MÊ¯CZYZNA;4;20981374
MUKUNDA;MÊ¯CZYZNA;4;20981378
TASSILO;MÊ¯CZYZNA;4;20981382
HYEON;MÊ¯CZYZNA;4;20981386
ARGAM;MÊ¯CZYZNA;4;20981390
MISLAV;MÊ¯CZYZNA;4;20981394
REIDAR;MÊ¯CZYZNA;4;20981398
MD JAHIDUL;MÊ¯CZYZNA;4;20981402
ZHIHENG;MÊ¯CZYZNA;4;20981406
HAJRUDIN;MÊ¯CZYZNA;4;20981410
MUNNA;MÊ¯CZYZNA;4;20981414
GURVINDER SINGH;MÊ¯CZYZNA;4;20981418
MADAMINJON;MÊ¯CZYZNA;4;20981422
MINH QUÂN;MÊ¯CZYZNA;4;20981426
LACHIN;MÊ¯CZYZNA;4;20981430
ANASTAZJUSZ;MÊ¯CZYZNA;4;20981434
PARGEV;MÊ¯CZYZNA;4;20981438
CHAKER;MÊ¯CZYZNA;4;20981442
SHUKURJON;MÊ¯CZYZNA;4;20981446
VAN YEN;MÊ¯CZYZNA;4;20981450
YANQING;MÊ¯CZYZNA;4;20981454
JEVHENII;MÊ¯CZYZNA;4;20981458
RAKHAT;MÊ¯CZYZNA;4;20981462
NGOC TIEN;MÊ¯CZYZNA;4;20981466
CRISTIÁN;MÊ¯CZYZNA;4;20981470
SEONWOO;MÊ¯CZYZNA;4;20981474
D?NH;MÊ¯CZYZNA;4;20981478
VINODKUMAR;MÊ¯CZYZNA;4;20981482
ZICHEN;MÊ¯CZYZNA;4;20981486
SUHRAB;MÊ¯CZYZNA;4;20981490
TARZYCJUSZ;MÊ¯CZYZNA;4;20981494
ASEEM;MÊ¯CZYZNA;4;20981498
ARWIDAS;MÊ¯CZYZNA;4;20981502
YUXI;MÊ¯CZYZNA;4;20981506
MADOKS;MÊ¯CZYZNA;4;20981510
FAYYAZ;MÊ¯CZYZNA;4;20981514
NATAEL;MÊ¯CZYZNA;4;20981518
KHAMDAMBEK;MÊ¯CZYZNA;4;20981522
MADAMIN;MÊ¯CZYZNA;4;20981526
MICKY;MÊ¯CZYZNA;4;20981530
CHASAN;MÊ¯CZYZNA;4;20981534
VÃN H?O;MÊ¯CZYZNA;4;20981538
DURGA PRASAD;MÊ¯CZYZNA;4;20981542
AKEEM;MÊ¯CZYZNA;4;20981546
NAND;MÊ¯CZYZNA;4;20981550
EDVARDS;MÊ¯CZYZNA;4;20981554
XIAOJING;MÊ¯CZYZNA;4;20981558
GUN?RS;MÊ¯CZYZNA;4;20981562
VSIEVOLOD;MÊ¯CZYZNA;4;20981566
NERTIL;MÊ¯CZYZNA;4;20981570
ALSHAN;MÊ¯CZYZNA;4;20981574
QUANG CHUNG;MÊ¯CZYZNA;4;20981578
PANJI;MÊ¯CZYZNA;4;20981582
ADAMIA;MÊ¯CZYZNA;4;20981586
DEVR?M;MÊ¯CZYZNA;4;20981590
SISAY;MÊ¯CZYZNA;4;20981594
CHIHEB;MÊ¯CZYZNA;4;20981598
KIRA;MÊ¯CZYZNA;4;20981602
JOAO PAULO;MÊ¯CZYZNA;4;20981606
NOUSHAD;MÊ¯CZYZNA;4;20981610
LIBORIO;MÊ¯CZYZNA;4;20981614
TYMOTHEUS;MÊ¯CZYZNA;4;20981618
GILL;MÊ¯CZYZNA;4;20981622
SEBASTYAN;MÊ¯CZYZNA;4;20981626
YAHUI;MÊ¯CZYZNA;4;20981630
GAYAN;MÊ¯CZYZNA;4;20981634
ZHENGHUA;MÊ¯CZYZNA;4;20981638
YANICK;MÊ¯CZYZNA;4;20981642
ASHOK KUMAR;MÊ¯CZYZNA;4;20981646
AJIBOLA;MÊ¯CZYZNA;4;20981650
SAFARBEK;MÊ¯CZYZNA;4;20981654
ANTERO;MÊ¯CZYZNA;4;20981658
SATILMIª;MÊ¯CZYZNA;4;20981662
MARHARYTA;MÊ¯CZYZNA;4;20981666
SENAT;MÊ¯CZYZNA;4;20981670
ANKHBAYAR;MÊ¯CZYZNA;4;20981674
SAU;MÊ¯CZYZNA;4;20981678
DIERK;MÊ¯CZYZNA;4;20981682
KIYAN;MÊ¯CZYZNA;4;20981686
MYUNGJIN;MÊ¯CZYZNA;4;20981690
MAYCON;MÊ¯CZYZNA;4;20981694
ZACKARIA;MÊ¯CZYZNA;4;20981698
YISROEL;MÊ¯CZYZNA;4;20981702
DANIR;MÊ¯CZYZNA;4;20981706
KAMESWARA;MÊ¯CZYZNA;4;20981710
HONGLIN;MÊ¯CZYZNA;4;20981714
WOLTER;MÊ¯CZYZNA;4;20981718
BAKRI;MÊ¯CZYZNA;4;20981722
YORK;MÊ¯CZYZNA;4;20981726
DONGLIN;MÊ¯CZYZNA;4;20981730
ZELIMHAN;MÊ¯CZYZNA;4;20981734
MARTUN;MÊ¯CZYZNA;4;20981738
BRIEUC;MÊ¯CZYZNA;4;20981742
ARAKEL;MÊ¯CZYZNA;4;20981746
CLAY;MÊ¯CZYZNA;4;20981750
YI?IT;MÊ¯CZYZNA;4;20981754
MINGZHE;MÊ¯CZYZNA;4;20981758
MOHNISH;MÊ¯CZYZNA;4;20981762
DOHOON;MÊ¯CZYZNA;4;20981766
FÃNICÃ;MÊ¯CZYZNA;4;20981770
VISWANADHAM;MÊ¯CZYZNA;4;20981774
AAGE;MÊ¯CZYZNA;4;20981778
WENHUA;MÊ¯CZYZNA;4;20981782
UDIT;MÊ¯CZYZNA;4;20981786
CUMAL?;MÊ¯CZYZNA;4;20981790
MANH DUNG;MÊ¯CZYZNA;4;20981794
THANGARAJ;MÊ¯CZYZNA;4;20981798
SEJIN;MÊ¯CZYZNA;4;20981802
SIMEONE;MÊ¯CZYZNA;4;20981806
SZCZÊS£AW;MÊ¯CZYZNA;4;20981810
ZHAOHUI;MÊ¯CZYZNA;4;20981814
ERDENI;MÊ¯CZYZNA;4;20981818
ALKAN;MÊ¯CZYZNA;4;20981822
DIMOSTHENIS;MÊ¯CZYZNA;4;20981826
SAKIN;MÊ¯CZYZNA;4;20981830
ABELARD;MÊ¯CZYZNA;4;20981834
ILDEFONSO;MÊ¯CZYZNA;4;20981838
MD HABIBUR;MÊ¯CZYZNA;4;20981842
SIF;MÊ¯CZYZNA;4;20981846
MAKHMUT;MÊ¯CZYZNA;4;20981850
IZHAAN;MÊ¯CZYZNA;4;20981854
BI;MÊ¯CZYZNA;4;20981858
XIAOLEI;MÊ¯CZYZNA;4;20981862
DALJEET SINGH;MÊ¯CZYZNA;4;20981866
AWNI;MÊ¯CZYZNA;4;20981870
PARVIZJON;MÊ¯CZYZNA;4;20981874
JINSOO;MÊ¯CZYZNA;4;20981878
EKHTIRAM;MÊ¯CZYZNA;4;20981882
SERGEII;MÊ¯CZYZNA;4;20981886
BIJENDRA;MÊ¯CZYZNA;4;20981890
MARTHIN;MÊ¯CZYZNA;4;20981894
GREKO;MÊ¯CZYZNA;4;20981898
SATEESH;MÊ¯CZYZNA;4;20981902
MUNAWAR;MÊ¯CZYZNA;4;20981906
TUMYR;MÊ¯CZYZNA;4;20981910
MORANDI;MÊ¯CZYZNA;4;20981914
LOUKA;MÊ¯CZYZNA;4;20981918
JEIRANI;MÊ¯CZYZNA;4;20981922
ABDELMOUMENE;MÊ¯CZYZNA;4;20981926
LOVE;MÊ¯CZYZNA;4;20981930
GEIRAT;MÊ¯CZYZNA;4;20981934
RATNA;MÊ¯CZYZNA;4;20981938
STANISLAVS;MÊ¯CZYZNA;4;20981942
PELAYO;MÊ¯CZYZNA;4;20981946
ROSTIK;MÊ¯CZYZNA;4;20981950
PERTTI;MÊ¯CZYZNA;4;20981954
JOSE CARLOS;MÊ¯CZYZNA;4;20981958
NOOKA;MÊ¯CZYZNA;4;20981962
ASTENIUSZ;MÊ¯CZYZNA;4;20981966
KRISTIANS;MÊ¯CZYZNA;4;20981970
ULYSSE;MÊ¯CZYZNA;4;20981974
VETON;MÊ¯CZYZNA;4;20981978
MURODILLO;MÊ¯CZYZNA;4;20981982
BHOJ;MÊ¯CZYZNA;4;20981986
VAIOS;MÊ¯CZYZNA;4;20981990
TEZEUSZ;MÊ¯CZYZNA;4;20981994
DURMISHKHANI;MÊ¯CZYZNA;4;20981998
SHAMBHU;MÊ¯CZYZNA;4;20982002
FARHANG;MÊ¯CZYZNA;4;20982006
JUHWAN;MÊ¯CZYZNA;4;20982010
WENYAN;MÊ¯CZYZNA;4;20982014
NICON;MÊ¯CZYZNA;4;20982018
SUKHVIR SINGH;MÊ¯CZYZNA;4;20982022
TIMOFYI;MÊ¯CZYZNA;4;20982026
ZE;MÊ¯CZYZNA;4;20982030
AZEEM;MÊ¯CZYZNA;4;20982034
JAX;MÊ¯CZYZNA;4;20982038
SEMILJANO;MÊ¯CZYZNA;4;20982042
ABDULL;MÊ¯CZYZNA;4;20982046
ADEYINKA;MÊ¯CZYZNA;4;20982050
RAAFAT;MÊ¯CZYZNA;4;20982054
DELONG;MÊ¯CZYZNA;4;20982058
ALTAF;MÊ¯CZYZNA;4;20982062
SHOVAN;MÊ¯CZYZNA;4;20982066
HELCIO;MÊ¯CZYZNA;4;20982070
YAZGELDI;MÊ¯CZYZNA;4;20982074
HAILIN;MÊ¯CZYZNA;4;20982078
VARVARA;MÊ¯CZYZNA;4;20982082
SOIN;MÊ¯CZYZNA;4;20982086
YERGALI;MÊ¯CZYZNA;4;20982090
MORI;MÊ¯CZYZNA;4;20982094
DARPAN;MÊ¯CZYZNA;4;20982098
MD SUJAN;MÊ¯CZYZNA;4;20982102
MATFIEI;MÊ¯CZYZNA;4;20982106
ZIHENG;MÊ¯CZYZNA;4;20982110
SHUHEI;MÊ¯CZYZNA;4;20982114
VLADIMIROS;MÊ¯CZYZNA;4;20982118
JOHNBOSCO;MÊ¯CZYZNA;4;20982122
ELSUN;MÊ¯CZYZNA;4;20982126
ZINEDIN;MÊ¯CZYZNA;4;20982130
PRATYUSH;MÊ¯CZYZNA;4;20982134
ARCHER;MÊ¯CZYZNA;4;20982138
ROMANOS;MÊ¯CZYZNA;4;20982142
EMENIKE;MÊ¯CZYZNA;4;20982146
ªENEL;MÊ¯CZYZNA;4;20982150
ZHONGWEI;MÊ¯CZYZNA;4;20982154
JAMESON;MÊ¯CZYZNA;4;20982158
SANJEEWA;MÊ¯CZYZNA;4;20982162
VIRGINIO;MÊ¯CZYZNA;4;20982166
LUUKAS;MÊ¯CZYZNA;4;20982170
IANUSH;MÊ¯CZYZNA;4;20982174
KYLYCHBEK;MÊ¯CZYZNA;4;20982178
GIRUM;MÊ¯CZYZNA;4;20982182
MUCAHIT;MÊ¯CZYZNA;4;20982186
ANURAJ;MÊ¯CZYZNA;4;20982190
PRANIT;MÊ¯CZYZNA;4;20982194
QIWEI;MÊ¯CZYZNA;4;20982198
JASKARAN;MÊ¯CZYZNA;4;20982202
RADJ;MÊ¯CZYZNA;4;20982206
IBRAGIMKHALIL;MÊ¯CZYZNA;4;20982210
AFIF;MÊ¯CZYZNA;4;20982214
LEVIS;MÊ¯CZYZNA;4;20982218
HASHIR;MÊ¯CZYZNA;4;20982222
DZIANI;MÊ¯CZYZNA;4;20982226
M?NH QUÂN;MÊ¯CZYZNA;4;20982230
NASAR;MÊ¯CZYZNA;4;20982234
ZOUBIR;MÊ¯CZYZNA;4;20982238
JORI;MÊ¯CZYZNA;4;20982242
¯AK;MÊ¯CZYZNA;4;20982246
ZAIM;MÊ¯CZYZNA;4;20982250
CHARLS;MÊ¯CZYZNA;4;20982254
KRISHNAMOORTHY;MÊ¯CZYZNA;4;20982258
IDIR;MÊ¯CZYZNA;4;20982262
MD ASHRAFUL;MÊ¯CZYZNA;4;20982266
BA MINH;MÊ¯CZYZNA;4;20982270
MIROSLAVS;MÊ¯CZYZNA;4;20982274
LOU;MÊ¯CZYZNA;4;20982278
ABDOLREZA;MÊ¯CZYZNA;4;20982282
RYNALDO;MÊ¯CZYZNA;4;20982286
NITAJ;MÊ¯CZYZNA;4;20982290
ZAKARI;MÊ¯CZYZNA;4;20982294
ANDRA;MÊ¯CZYZNA;4;20982298
HENDI;MÊ¯CZYZNA;4;20982302
MARFAT;MÊ¯CZYZNA;4;20982306
KAIYUAN;MÊ¯CZYZNA;4;20982310
QUYNH;MÊ¯CZYZNA;4;20982314
ONYEDIKA;MÊ¯CZYZNA;4;20982318
MINSIK;MÊ¯CZYZNA;4;20982322
VENUGOPAL;MÊ¯CZYZNA;4;20982326
HIDDE;MÊ¯CZYZNA;4;20982330
ZHARGAL;MÊ¯CZYZNA;4;20982334
DORZHI;MÊ¯CZYZNA;4;20982338
RIVALDO;MÊ¯CZYZNA;4;20982342
STASIU;MÊ¯CZYZNA;4;20982346
VIET TRUNG;MÊ¯CZYZNA;4;20982350
ZULQARNAIN;MÊ¯CZYZNA;4;20982354
MAH?R;MÊ¯CZYZNA;4;20982358
JOSYF;MÊ¯CZYZNA;4;20982362
LIRAZ;MÊ¯CZYZNA;4;20982366
THAI SON;MÊ¯CZYZNA;4;20982370
AMKHAD;MÊ¯CZYZNA;4;20982374
ALIAKSEJ;MÊ¯CZYZNA;4;20982378
MARTIK;MÊ¯CZYZNA;4;20982382
CYPIS;MÊ¯CZYZNA;4;20982386
CHITO;MÊ¯CZYZNA;4;20982390
YERSON;MÊ¯CZYZNA;4;20982394
MANFREDI;MÊ¯CZYZNA;4;20982398
EMILJANO;MÊ¯CZYZNA;4;20982402
SHRAVAN;MÊ¯CZYZNA;4;20982406
TAEHYEON;MÊ¯CZYZNA;4;20982410
BJÕRN;MÊ¯CZYZNA;4;20982414
MAYK;MÊ¯CZYZNA;4;20982418
KRUNOSLAV;MÊ¯CZYZNA;4;20982422
INOKENTII;MÊ¯CZYZNA;4;20982426
SHOKHRAT;MÊ¯CZYZNA;4;20982430
AMJED;MÊ¯CZYZNA;4;20982434
GALIP;MÊ¯CZYZNA;4;20982438
?ZZET;MÊ¯CZYZNA;4;20982442
VAGRAM;MÊ¯CZYZNA;4;20982446
KORYUN;MÊ¯CZYZNA;4;20982450
BIEN;MÊ¯CZYZNA;4;20982454
ABUBAKER;MÊ¯CZYZNA;4;20982458
MISGANA;MÊ¯CZYZNA;4;20982462
VULLNET;MÊ¯CZYZNA;4;20982466
S£AWIUSZ;MÊ¯CZYZNA;4;20982470
VANKO;MÊ¯CZYZNA;4;20982474
CEMALETT?N;MÊ¯CZYZNA;4;20982478
GOPALAKRISHNAN;MÊ¯CZYZNA;4;20982482
VISSARION;MÊ¯CZYZNA;4;20982486
BARZAN;MÊ¯CZYZNA;4;20982490
AD?L;MÊ¯CZYZNA;4;20982494
WEIJIAN;MÊ¯CZYZNA;4;20982498
RAGAB;MÊ¯CZYZNA;4;20982502
AVGUSTYN;MÊ¯CZYZNA;4;20982506
RAHMATJON;MÊ¯CZYZNA;4;20982510
DANANG;MÊ¯CZYZNA;4;20982514
LUDOVICUS;MÊ¯CZYZNA;4;20982518
YLAN;MÊ¯CZYZNA;4;20982522
PRODIP;MÊ¯CZYZNA;4;20982526
SUNGWON;MÊ¯CZYZNA;4;20982530
FESTIM;MÊ¯CZYZNA;4;20982534
HABIBULLAH;MÊ¯CZYZNA;4;20982538
MATTY;MÊ¯CZYZNA;4;20982542
ALTAI;MÊ¯CZYZNA;4;20982546
IDOWU;MÊ¯CZYZNA;4;20982550
JASSER;MÊ¯CZYZNA;4;20982554
BUVAYSAR;MÊ¯CZYZNA;4;20982558
TAEWAN;MÊ¯CZYZNA;4;20982562
ZHIQUAN;MÊ¯CZYZNA;4;20982566
BERNAT;MÊ¯CZYZNA;4;20982570
CHI HIEU;MÊ¯CZYZNA;4;20982574
ASHIN;MÊ¯CZYZNA;4;20982578
DAMIN;MÊ¯CZYZNA;4;20982582
AKHATJON;MÊ¯CZYZNA;4;20982586
ZINOVI;MÊ¯CZYZNA;4;20982590
AMILCAR;MÊ¯CZYZNA;4;20982594
QILIN;MÊ¯CZYZNA;4;20982598
KAZIMÍR;MÊ¯CZYZNA;4;20982602
CHAIWAT;MÊ¯CZYZNA;4;20982606
ATMANE;MÊ¯CZYZNA;4;20982610
MD IQBAL;MÊ¯CZYZNA;4;20982614
LUKIIAN;MÊ¯CZYZNA;4;20982618
ALCIDES;MÊ¯CZYZNA;4;20982622
LEANDROS;MÊ¯CZYZNA;4;20982626
DIEP;MÊ¯CZYZNA;4;20982630
XIAOTAO;MÊ¯CZYZNA;4;20982634
OTAMUROD;MÊ¯CZYZNA;4;20982638
TUAN AN;MÊ¯CZYZNA;4;20982642
NOUREDDIN;MÊ¯CZYZNA;4;20982646
TAJADDIN;MÊ¯CZYZNA;4;20982650
MOHANA RAO;MÊ¯CZYZNA;4;20982654
MD FARHAD;MÊ¯CZYZNA;4;20982658
QUANG HIEU;MÊ¯CZYZNA;4;20982662
KEITARO;MÊ¯CZYZNA;4;20982666
ULADLEN;MÊ¯CZYZNA;4;20982670
ZACARIAS;MÊ¯CZYZNA;4;20982674
DEWA;MÊ¯CZYZNA;4;20982678
KWANGHYUN;MÊ¯CZYZNA;4;20982682
CHAWKI;MÊ¯CZYZNA;4;20982686
SAGOR;MÊ¯CZYZNA;4;20982690
KARTIKKUMAR;MÊ¯CZYZNA;4;20982694
NAHI;MÊ¯CZYZNA;4;20982698
ELIMDAR;MÊ¯CZYZNA;4;20982702
RAVISANKAR;MÊ¯CZYZNA;4;20982706
CZARIUSZ;MÊ¯CZYZNA;4;20982710
EVERETT;MÊ¯CZYZNA;4;20982714
TUY;MÊ¯CZYZNA;4;20982718
XUEPING;MÊ¯CZYZNA;4;20982722
ABDUL HAKIM;MÊ¯CZYZNA;4;20982726
ZHILIN;MÊ¯CZYZNA;4;20982730
MANUEL JR.;MÊ¯CZYZNA;4;20982734
SOUHAIL;MÊ¯CZYZNA;4;20982738
CHRYZANT;MÊ¯CZYZNA;4;20982742
ANON;MÊ¯CZYZNA;4;20982746
BOGDAN-MIHAI;MÊ¯CZYZNA;4;20982750
SADETT?N;MÊ¯CZYZNA;4;20982754
AN;MÊ¯CZYZNA;4;20982758
OLEKSEII;MÊ¯CZYZNA;4;20982762
MUKHAMMAD ALI;MÊ¯CZYZNA;4;20982766
DINISLAM;MÊ¯CZYZNA;4;20982770
BOCHIA;MÊ¯CZYZNA;4;20982774
QUOC BAO;MÊ¯CZYZNA;4;20982778
VÃN TR?NG;MÊ¯CZYZNA;4;20982782
HAJDAR;MÊ¯CZYZNA;4;20982786
VENKATESWARA RAO;MÊ¯CZYZNA;4;20982790
VELES;MÊ¯CZYZNA;4;20982794
OZAL;MÊ¯CZYZNA;4;20982798
ETIEN;MÊ¯CZYZNA;4;20982802
TWINKLE;MÊ¯CZYZNA;4;20982806
BEXULTAN;MÊ¯CZYZNA;4;20982810
NIILO;MÊ¯CZYZNA;4;20982814
SHERAZ;MÊ¯CZYZNA;4;20982818
LONGLONG;MÊ¯CZYZNA;4;20982822
PARMENI;MÊ¯CZYZNA;4;20982826
TURKO;MÊ¯CZYZNA;4;20982830
GIORGIS;MÊ¯CZYZNA;4;20982834
VAN DAT;MÊ¯CZYZNA;4;20982838
TRINH;MÊ¯CZYZNA;4;20982842
JENS-PETER;MÊ¯CZYZNA;4;20982846
IBRAR;MÊ¯CZYZNA;4;20982850
ANTU;MÊ¯CZYZNA;4;20982854
BALKAR SINGH;MÊ¯CZYZNA;4;20982858
HAIKAL;MÊ¯CZYZNA;4;20982862
NAM ANH;MÊ¯CZYZNA;4;20982866
JIANHAO;MÊ¯CZYZNA;4;20982870
KOREY;MÊ¯CZYZNA;4;20982874
GAL?P;MÊ¯CZYZNA;4;20982878
BASHIM;MÊ¯CZYZNA;4;20982882
VALÉRY;MÊ¯CZYZNA;4;20982886
GENESIS;MÊ¯CZYZNA;4;20982890
GIJS;MÊ¯CZYZNA;4;20982894
SANTA;MÊ¯CZYZNA;4;20982898
INAL;MÊ¯CZYZNA;4;20982902
JALOL;MÊ¯CZYZNA;4;20982906
SAKIR;MÊ¯CZYZNA;4;20982910
VALERIANO;MÊ¯CZYZNA;4;20982914
HEORGII;MÊ¯CZYZNA;4;20982918
SAPTARSHI;MÊ¯CZYZNA;4;20982922
MAROUN;MÊ¯CZYZNA;4;20982926
JERÓNIMO;MÊ¯CZYZNA;4;20982930
NURYANTO;MÊ¯CZYZNA;4;20982934
JOWANI;MÊ¯CZYZNA;4;20982938
MIRAC;MÊ¯CZYZNA;4;20982942
SAIKRISHNA;MÊ¯CZYZNA;4;20982946
MANOLITO;MÊ¯CZYZNA;4;20982950
BØETISLAV;MÊ¯CZYZNA;4;20982954
JASZA;MÊ¯CZYZNA;4;20982958
GADY;MÊ¯CZYZNA;4;20982962
LANDER;MÊ¯CZYZNA;4;20982966
NORIHIKO;MÊ¯CZYZNA;4;20982970
DASHI;MÊ¯CZYZNA;4;20982974
JALEL;MÊ¯CZYZNA;4;20982978
PINKAS;MÊ¯CZYZNA;4;20982982
JOSE ALBERTO;MÊ¯CZYZNA;4;20982986
KIKI;MÊ¯CZYZNA;4;20982990
GYAN BAHADUR;MÊ¯CZYZNA;4;20982994
JAGAN;MÊ¯CZYZNA;4;20982998
VEISAL;MÊ¯CZYZNA;4;20983002
HEKIM;MÊ¯CZYZNA;4;20983006
DURIM;MÊ¯CZYZNA;4;20983010
LEA;MÊ¯CZYZNA;4;20983014
JUNQING;MÊ¯CZYZNA;4;20983018
ARNIM;MÊ¯CZYZNA;4;20983022
SLEIMAN;MÊ¯CZYZNA;4;20983026
DESTIN;MÊ¯CZYZNA;4;20983030
YONY;MÊ¯CZYZNA;4;20983034
ANH S?N;MÊ¯CZYZNA;4;20983038
FREDYS£AW;MÊ¯CZYZNA;4;20983042
DENNI;MÊ¯CZYZNA;4;20983046
KAMILIAN;MÊ¯CZYZNA;4;20983050
VIKRAMJIT;MÊ¯CZYZNA;4;20983054
JOK?BAS;MÊ¯CZYZNA;4;20983058
MONTAGUE;MÊ¯CZYZNA;4;20983062
TEMITAYO;MÊ¯CZYZNA;4;20983066
JIJESH;MÊ¯CZYZNA;4;20983070
JURICA;MÊ¯CZYZNA;4;20983074
LAL BAHADUR;MÊ¯CZYZNA;4;20983078
PREBEN;MÊ¯CZYZNA;4;20983082
RENATS;MÊ¯CZYZNA;4;20983086
YONGHYUN;MÊ¯CZYZNA;4;20983090
POLISHCHUK;MÊ¯CZYZNA;4;20983094
RABIUL;MÊ¯CZYZNA;4;20983098
ANUWAT;MÊ¯CZYZNA;4;20983102
FLORENTYN;MÊ¯CZYZNA;4;20983106
BRENNAN;MÊ¯CZYZNA;4;20983110
YONGHO;MÊ¯CZYZNA;4;20983114
HUIYONG;MÊ¯CZYZNA;4;20983118
BINYAM;MÊ¯CZYZNA;4;20983122
CHARANJIT;MÊ¯CZYZNA;4;20983126
MEHMOOD;MÊ¯CZYZNA;4;20983130
TIE;MÊ¯CZYZNA;4;20983134
QUOC HUONG;MÊ¯CZYZNA;4;20983138
KARANBIR;MÊ¯CZYZNA;4;20983142
GYUNAYDAN;MÊ¯CZYZNA;4;20983146
JAHAN;MÊ¯CZYZNA;4;20983150
EWANGELOS;MÊ¯CZYZNA;4;20983154
BEAU;MÊ¯CZYZNA;4;20983158
VICTOR HUGO;MÊ¯CZYZNA;4;20983162
THANH DONG;MÊ¯CZYZNA;4;20983166
JASSEM;MÊ¯CZYZNA;4;20983170
MITHILESH;MÊ¯CZYZNA;4;20983174
KULBIR;MÊ¯CZYZNA;4;20983178
AREL;MÊ¯CZYZNA;4;20983182
BESHOY;MÊ¯CZYZNA;4;20983186
JINGBO;MÊ¯CZYZNA;4;20983190
YO;MÊ¯CZYZNA;4;20983194
YIN;MÊ¯CZYZNA;4;20983198
IWELIN;MÊ¯CZYZNA;4;20983202
JOSE MIGUEL;MÊ¯CZYZNA;4;20983206
VICENT;MÊ¯CZYZNA;4;20983210
ARTYK;MÊ¯CZYZNA;4;20983214
ANDRUS;MÊ¯CZYZNA;4;20983218
IASONI;MÊ¯CZYZNA;4;20983222
XUEWEI;MÊ¯CZYZNA;4;20983226
STEFEN;MÊ¯CZYZNA;4;20983230
WINIS£AW;MÊ¯CZYZNA;4;20983234
ARNAULD;MÊ¯CZYZNA;4;20983238
SHAIK;MÊ¯CZYZNA;4;20983242
MIKHA;MÊ¯CZYZNA;4;20983246
SHILOH;MÊ¯CZYZNA;4;20983250
DÜZGÜN;MÊ¯CZYZNA;4;20983254
BALKRISHNA;MÊ¯CZYZNA;4;20983258
TARKESHWAR;MÊ¯CZYZNA;4;20983262
FARZIN;MÊ¯CZYZNA;4;20983266
ROBERTO JR.;MÊ¯CZYZNA;4;20983270
CÃTÃLIN-DANIEL;MÊ¯CZYZNA;4;20983274
PAWANDEEP;MÊ¯CZYZNA;4;20983278
RAFAYIL;MÊ¯CZYZNA;4;20983282
YUHENG;MÊ¯CZYZNA;4;20983286
MUKHAMMADKARIM;MÊ¯CZYZNA;4;20983290
KYAN;MÊ¯CZYZNA;4;20983294
MODOU;MÊ¯CZYZNA;4;20983298
VIJEESH;MÊ¯CZYZNA;4;20983302
YEDUARD;MÊ¯CZYZNA;4;20983306
ZIYUAN;MÊ¯CZYZNA;4;20983310
JUNYA;MÊ¯CZYZNA;4;20983314
MIRKAMOL;MÊ¯CZYZNA;4;20983318
MELAN;MÊ¯CZYZNA;4;20983322
VERGEL;MÊ¯CZYZNA;4;20983326
SHAKHVALAD;MÊ¯CZYZNA;4;20983330
MIHAITA;MÊ¯CZYZNA;4;20983334
CHEN-YU;MÊ¯CZYZNA;4;20983338
AZEDDINE;MÊ¯CZYZNA;4;20983342
QU?C ANH;MÊ¯CZYZNA;4;20983346
VÃN VI?T;MÊ¯CZYZNA;4;20983350
MRINAL;MÊ¯CZYZNA;4;20983354
MONIRUL;MÊ¯CZYZNA;4;20983358
YUMA;MÊ¯CZYZNA;4;20983362
AMULYA;MÊ¯CZYZNA;4;20983366
PARFAIT;MÊ¯CZYZNA;4;20983370
EVELIN;MÊ¯CZYZNA;4;20983374
CHANGSHENG;MÊ¯CZYZNA;4;20983378
QIU;MÊ¯CZYZNA;4;20983382
REZART;MÊ¯CZYZNA;4;20983386
AKTAI;MÊ¯CZYZNA;4;20983390
JAN-WILLEM;MÊ¯CZYZNA;4;20983394
SVIATOSLAV-YURII;MÊ¯CZYZNA;4;20983398
WASIF;MÊ¯CZYZNA;4;20983402
ALIMURAD;MÊ¯CZYZNA;4;20983406
JOGA;MÊ¯CZYZNA;4;20983410
XUAN MINH;MÊ¯CZYZNA;4;20983414
ÐÚC;MÊ¯CZYZNA;4;20983418
C?LIN;MÊ¯CZYZNA;4;20983422
KEERTHIVASAN;MÊ¯CZYZNA;4;20983426
MICHEÁL;MÊ¯CZYZNA;4;20983430
MAHMUDUL;MÊ¯CZYZNA;4;20983434
SATHIT;MÊ¯CZYZNA;4;20983438
KAJI;MÊ¯CZYZNA;4;20983442
OLALEKAN;MÊ¯CZYZNA;4;20983446
MINGHUI;MÊ¯CZYZNA;4;20983450
YONGWEI;MÊ¯CZYZNA;4;20983454
MUKHAMMADUMAR;MÊ¯CZYZNA;4;20983458
ZINOWIJ;MÊ¯CZYZNA;4;20983462
BIRGIR;MÊ¯CZYZNA;4;20983466
ZELIK;MÊ¯CZYZNA;4;20983470
RAMIK;MÊ¯CZYZNA;4;20983474
MONIK;MÊ¯CZYZNA;4;20983478
LERNIK;MÊ¯CZYZNA;4;20983482
GURI;MÊ¯CZYZNA;4;20983486
THUONG;MÊ¯CZYZNA;4;20983490
SOMESHWAR;MÊ¯CZYZNA;4;20983494
VASU;MÊ¯CZYZNA;4;20983498
TAESUNG;MÊ¯CZYZNA;4;20983502
ABE;MÊ¯CZYZNA;4;20983506
JASSIN;MÊ¯CZYZNA;4;20983510
WOYTEK;MÊ¯CZYZNA;4;20983514
SULAMBEK;MÊ¯CZYZNA;4;20983518
NUTA;MÊ¯CZYZNA;4;20983522
TOAN THANG;MÊ¯CZYZNA;4;20983526
BURT;MÊ¯CZYZNA;4;20983530
KHEM RAJ;MÊ¯CZYZNA;4;20983534
MALLESH;MÊ¯CZYZNA;4;20983538
TOMMIE;MÊ¯CZYZNA;4;20983542
TOLIMIR;MÊ¯CZYZNA;4;20983546
TSELMEG;MÊ¯CZYZNA;4;20983550
MAQSOOD;MÊ¯CZYZNA;4;20983554
SAHBI;MÊ¯CZYZNA;4;20983558
NOBUHIKO;MÊ¯CZYZNA;4;20983562
SIDAR;MÊ¯CZYZNA;4;20983566
MEINOLF;MÊ¯CZYZNA;4;20983570
MIRABBOS;MÊ¯CZYZNA;4;20983574
ZHIHAO;MÊ¯CZYZNA;4;20983578
ZABIT;MÊ¯CZYZNA;4;20983582
SEUNGYEON;MÊ¯CZYZNA;4;20983586
PERHAT;MÊ¯CZYZNA;4;20983590
HAC?;MÊ¯CZYZNA;4;20983594
SWAPAN;MÊ¯CZYZNA;4;20983598
SEMIN;MÊ¯CZYZNA;4;20983602
HERMENEGILDO;MÊ¯CZYZNA;4;20983606
DUC NAM;MÊ¯CZYZNA;4;20983610
NEXHAT;MÊ¯CZYZNA;4;20983614
TOPRAK;MÊ¯CZYZNA;4;20983618
ZHOZEF;MÊ¯CZYZNA;4;20983622
REDVAN;MÊ¯CZYZNA;4;20983626
LEONIDES;MÊ¯CZYZNA;4;20983630
PINO;MÊ¯CZYZNA;4;20983634
WANGJUN;MÊ¯CZYZNA;4;20983638
LYUDVIK;MÊ¯CZYZNA;4;20983642
MINH TRUONG;MÊ¯CZYZNA;4;20983646
TACHIR;MÊ¯CZYZNA;4;20983650
KISHORE KUMAR;MÊ¯CZYZNA;4;20983654
PIAST;MÊ¯CZYZNA;4;20983658
BOGOMIL;MÊ¯CZYZNA;4;20983662
DEVANAND;MÊ¯CZYZNA;4;20983666
BOBOJON;MÊ¯CZYZNA;4;20983670
HERASIM;MÊ¯CZYZNA;4;20983674
IUZEF;MÊ¯CZYZNA;4;20983678
DAVINCI;MÊ¯CZYZNA;4;20983682
HARIHARAN;MÊ¯CZYZNA;4;20983686
HEMANTKUMAR;MÊ¯CZYZNA;4;20983690
HUNOR;MÊ¯CZYZNA;4;20983694
YORKINBEK;MÊ¯CZYZNA;4;20983698
CHANYOUNG;MÊ¯CZYZNA;4;20983702
DARAN;MÊ¯CZYZNA;4;20983706
HIACENTY;MÊ¯CZYZNA;4;20983710
MASARU;MÊ¯CZYZNA;4;20983714
RAHYM;MÊ¯CZYZNA;4;20983718
SADRI;MÊ¯CZYZNA;4;20983722
ORCUN;MÊ¯CZYZNA;4;20983726
JARL;MÊ¯CZYZNA;4;20983730
JINGWEI;MÊ¯CZYZNA;4;20983734
PHURBA;MÊ¯CZYZNA;4;20983738
PAL;MÊ¯CZYZNA;4;20983742
STAMAT;MÊ¯CZYZNA;4;20983746
GABRYIEL;MÊ¯CZYZNA;4;20983750
ZDISLAV;MÊ¯CZYZNA;4;20983754
HRISHIKESH;MÊ¯CZYZNA;4;20983758
TARASHI;MÊ¯CZYZNA;4;20983762
SIERIO¯A;MÊ¯CZYZNA;4;20983766
HARDI;MÊ¯CZYZNA;4;20983770
RAIHAN;MÊ¯CZYZNA;4;20983774
SANTE;MÊ¯CZYZNA;4;20983778
MONSUR;MÊ¯CZYZNA;4;20983782
LEVEN;MÊ¯CZYZNA;4;20983786
KYI;MÊ¯CZYZNA;4;20983790
ZIJIAN;MÊ¯CZYZNA;4;20983794
JUAN ALBERTO;MÊ¯CZYZNA;4;20983798
IFEOLUWA;MÊ¯CZYZNA;4;20983802
TIRTHA;MÊ¯CZYZNA;4;20983806
ARIO;MÊ¯CZYZNA;4;20983810
JUGAL;MÊ¯CZYZNA;4;20983814
IJAZ;MÊ¯CZYZNA;4;20983818
DHARMIK;MÊ¯CZYZNA;4;20983822
TANATSWA;MÊ¯CZYZNA;4;20983826
MARGAR;MÊ¯CZYZNA;4;20983830
KARIMJON;MÊ¯CZYZNA;4;20983834
ZIATKHAN;MÊ¯CZYZNA;4;20983838
KAM;MÊ¯CZYZNA;4;20983842
TOLKUN;MÊ¯CZYZNA;4;20983846
PANKAJKUMAR;MÊ¯CZYZNA;4;20983850
DZINO;MÊ¯CZYZNA;4;20983854
TAE HYUN;MÊ¯CZYZNA;4;20983858
AUDREY;MÊ¯CZYZNA;4;20983862
ARIYAN;MÊ¯CZYZNA;4;20983866
SALVADORE;MÊ¯CZYZNA;4;20983870
SANIL;MÊ¯CZYZNA;4;20983874
EHSANULLAH;MÊ¯CZYZNA;4;20983878
VINIAMIN;MÊ¯CZYZNA;4;20983882
SEYYID;MÊ¯CZYZNA;4;20983886
MILAIM;MÊ¯CZYZNA;4;20983890
MOTEK;MÊ¯CZYZNA;4;20983894
HERC;MÊ¯CZYZNA;4;20983898
SAVKO;MÊ¯CZYZNA;4;20983902
LAJB;MÊ¯CZYZNA;4;20983906
BHAUMIK;MÊ¯CZYZNA;4;20983910
NAYEF;MÊ¯CZYZNA;4;20983914
HUNG DUNG;MÊ¯CZYZNA;4;20983918
AMANBAY;MÊ¯CZYZNA;4;20983922
AIRAM;MÊ¯CZYZNA;4;20983926
SHANG;MÊ¯CZYZNA;4;20983930
DIWASH;MÊ¯CZYZNA;4;20983934
PAJTIM;MÊ¯CZYZNA;4;20983938
MOIN;MÊ¯CZYZNA;4;20983942
VAN KHUONG;MÊ¯CZYZNA;4;20983946
CUBA;MÊ¯CZYZNA;4;20983950
YOUN;MÊ¯CZYZNA;4;20983954
YUGO;MÊ¯CZYZNA;4;20983958
TALES;MÊ¯CZYZNA;4;20983962
YUICHIRO;MÊ¯CZYZNA;4;20983966
SHOKHIJAKHON;MÊ¯CZYZNA;4;20983970
SIJAN;MÊ¯CZYZNA;4;20983974
NILTON;MÊ¯CZYZNA;4;20983978
OSAZEE;MÊ¯CZYZNA;4;20983982
JINPING;MÊ¯CZYZNA;4;20983986
VÃN TÂM;MÊ¯CZYZNA;4;20983990
MAT?SS;MÊ¯CZYZNA;4;20983994
SOBHAN;MÊ¯CZYZNA;4;20983998
ISKHAN;MÊ¯CZYZNA;4;20984002
SHIQIANG;MÊ¯CZYZNA;4;20984006
DEJUN;MÊ¯CZYZNA;4;20984010
SZILARD;MÊ¯CZYZNA;4;20984014
AKINORI;MÊ¯CZYZNA;4;20984018
KAORU;MÊ¯CZYZNA;4;20984022
WENENCJUSZ;MÊ¯CZYZNA;4;20984026
IREMI;MÊ¯CZYZNA;4;20984030
KWOK;MÊ¯CZYZNA;4;20984034
NIKOLOS;MÊ¯CZYZNA;4;20984038
GEORGEL;MÊ¯CZYZNA;4;20984042
RAKHMONJON;MÊ¯CZYZNA;4;20984046
ASOMIDDIN;MÊ¯CZYZNA;4;20984050
CHOL HO;MÊ¯CZYZNA;4;20984054
SRIRAM;MÊ¯CZYZNA;4;20984058
SELAM?;MÊ¯CZYZNA;4;20984062
VAN VU;MÊ¯CZYZNA;4;20984066
VÃN NINH;MÊ¯CZYZNA;4;20984070
OIBEK;MÊ¯CZYZNA;4;20984074
YERDAULET;MÊ¯CZYZNA;4;20984078
ABDELGHAFOUR;MÊ¯CZYZNA;4;20984082
ABRORKHON;MÊ¯CZYZNA;4;20984086
ECKARD;MÊ¯CZYZNA;4;20984090
CHENGZHI;MÊ¯CZYZNA;4;20984094
MIHKEL;MÊ¯CZYZNA;4;20984098
SHUKI;MÊ¯CZYZNA;4;20984102
KY;MÊ¯CZYZNA;4;20984106
VÃN CÔNG;MÊ¯CZYZNA;4;20984110
CAMIEL;MÊ¯CZYZNA;4;20984114
REJI;MÊ¯CZYZNA;4;20984118
THUAT;MÊ¯CZYZNA;4;20984122
JOFFREY;MÊ¯CZYZNA;4;20984126
NICKO;MÊ¯CZYZNA;4;20984130
TITAN;MÊ¯CZYZNA;4;20984134
RENNY;MÊ¯CZYZNA;4;20984138
SEYHMUS;MÊ¯CZYZNA;4;20984142
VITA;MÊ¯CZYZNA;4;20984146
BARABASZ;MÊ¯CZYZNA;4;20984150
JITEN;MÊ¯CZYZNA;4;20984154
RUSIAN;MÊ¯CZYZNA;4;20984158
TAFDIG;MÊ¯CZYZNA;4;20984162
KEYAN;MÊ¯CZYZNA;4;20984166
MARYIAN;MÊ¯CZYZNA;4;20984170
AMITTAI;MÊ¯CZYZNA;4;20984174
RESTU;MÊ¯CZYZNA;4;20984178
NAGARJUNA;MÊ¯CZYZNA;4;20984182
SREEHARI;MÊ¯CZYZNA;4;20984186
DAXESH;MÊ¯CZYZNA;4;20984190
HASANBOY;MÊ¯CZYZNA;4;20984194
ARSIENIJ;MÊ¯CZYZNA;4;20984198
GERHARDUS;MÊ¯CZYZNA;4;20984202
KRITOF;MÊ¯CZYZNA;4;20984206
PRITHVI;MÊ¯CZYZNA;4;20984210
SAIFULLAKH;MÊ¯CZYZNA;4;20984214
ZELIN;MÊ¯CZYZNA;4;20984218
VLADA;MÊ¯CZYZNA;4;20984222
KENSUKE;MÊ¯CZYZNA;4;20984226
JHON JAIRO;MÊ¯CZYZNA;4;20984230
RASZID;MÊ¯CZYZNA;4;20984234
MI£AN;MÊ¯CZYZNA;4;20984238
TURSUNBOY;MÊ¯CZYZNA;4;20984242
SEONG HO;MÊ¯CZYZNA;4;20984246
ARBEY;MÊ¯CZYZNA;4;20984250
REGINARD;MÊ¯CZYZNA;4;20984254
VAN NGHI;MÊ¯CZYZNA;4;20984258
WASI£;MÊ¯CZYZNA;4;20984262
QUANG VU;MÊ¯CZYZNA;4;20984266
SHYMON;MÊ¯CZYZNA;4;20984270
KA?AN;MÊ¯CZYZNA;4;20984274
ALTANGEREL;MÊ¯CZYZNA;4;20984278
EMELIAN;MÊ¯CZYZNA;4;20984282
SHEHAB;MÊ¯CZYZNA;4;20984286
RITHWIK;MÊ¯CZYZNA;4;20984290
ARVELODI;MÊ¯CZYZNA;4;20984294
ULYAN;MÊ¯CZYZNA;4;20984298
DINMUKHAMMED;MÊ¯CZYZNA;4;20984302
LAKSHAY;MÊ¯CZYZNA;4;20984306
OTÁVIO;MÊ¯CZYZNA;4;20984310
SHIVARAJ;MÊ¯CZYZNA;4;20984314
ROYE;MÊ¯CZYZNA;4;20984318
ERMIYAS;MÊ¯CZYZNA;4;20984322
GUANGLEI;MÊ¯CZYZNA;4;20984326
USTSIN;MÊ¯CZYZNA;4;20984330
SHVETS;MÊ¯CZYZNA;4;20984334
WALLACE;MÊ¯CZYZNA;4;20984338
XHAFER;MÊ¯CZYZNA;4;20984342
LUIS ALBERTO;MÊ¯CZYZNA;4;20984346
ROSTEVAN;MÊ¯CZYZNA;4;20984350
HIERONYMUS;MÊ¯CZYZNA;4;20984354
DEVIZI;MÊ¯CZYZNA;4;20984358
JOHN CARLO;MÊ¯CZYZNA;4;20984362
PREMKUMAR;MÊ¯CZYZNA;4;20984366
SANGEETH;MÊ¯CZYZNA;4;20984370
FINTAN;MÊ¯CZYZNA;4;20984374
AKSHIT;MÊ¯CZYZNA;4;20984378
FAHRETTIN;MÊ¯CZYZNA;4;20984382
SHIHAB;MÊ¯CZYZNA;4;20984386
KHADAK;MÊ¯CZYZNA;4;20984390
HUAIYU;MÊ¯CZYZNA;4;20984394
SHINSUKE;MÊ¯CZYZNA;4;20984398
HAOXIANG;MÊ¯CZYZNA;4;20984402
TAKAHISA;MÊ¯CZYZNA;4;20984406
SUKHPREET;MÊ¯CZYZNA;4;20984410
SANTOKH;MÊ¯CZYZNA;4;20984414
ZHONGPING;MÊ¯CZYZNA;4;20984418
SELYAYDIN;MÊ¯CZYZNA;4;20984422
CAS;MÊ¯CZYZNA;4;20984426
IGNATIY;MÊ¯CZYZNA;4;20984430
VASUL;MÊ¯CZYZNA;4;20984434
HALIS;MÊ¯CZYZNA;4;20984438
MD SHAHIN;MÊ¯CZYZNA;4;20984442
ENUKI;MÊ¯CZYZNA;4;20984446
JO?O MANUEL;MÊ¯CZYZNA;4;20984450
MATYII;MÊ¯CZYZNA;4;20984454
MURSHUD;MÊ¯CZYZNA;4;20984458
LITON;MÊ¯CZYZNA;4;20984462
ABDUKAKHKHOR;MÊ¯CZYZNA;4;20984466
ALECU;MÊ¯CZYZNA;4;20984470
LEDION;MÊ¯CZYZNA;4;20984474
HUSAN;MÊ¯CZYZNA;4;20984478
RAJNEESH;MÊ¯CZYZNA;4;20984482
HASSANE;MÊ¯CZYZNA;4;20984486
ATHMANE;MÊ¯CZYZNA;4;20984490
ABDESLAM;MÊ¯CZYZNA;4;20984494
ABOUBAKER;MÊ¯CZYZNA;4;20984498
SUNGHUN;MÊ¯CZYZNA;4;20984502
ELCHYN;MÊ¯CZYZNA;4;20984506
SODIQ;MÊ¯CZYZNA;4;20984510
SADIKH;MÊ¯CZYZNA;4;20984514
ED?Z;MÊ¯CZYZNA;4;20984518
ABDUNABI;MÊ¯CZYZNA;4;20984522
OLEKSAND;MÊ¯CZYZNA;4;20984526
ZIFENG;MÊ¯CZYZNA;4;20984530
MYCHAI£O;MÊ¯CZYZNA;4;20984534
TRUNG DUNG;MÊ¯CZYZNA;4;20984538
NIPUN;MÊ¯CZYZNA;4;20984542
SALIOU;MÊ¯CZYZNA;4;20984546
DEREJE;MÊ¯CZYZNA;4;20984550
MD ANWAR;MÊ¯CZYZNA;4;20984554
LAHSEN;MÊ¯CZYZNA;4;20984558
Ð?C ANH;MÊ¯CZYZNA;4;20984562
WAAD;MÊ¯CZYZNA;4;20984566
SADAM;MÊ¯CZYZNA;4;20984570
UGHUR;MÊ¯CZYZNA;4;20984574
CHUKWUNONSO;MÊ¯CZYZNA;4;20984578
ABDAL;MÊ¯CZYZNA;4;20984582
YONGTAE;MÊ¯CZYZNA;4;20984586
CHENGHAO;MÊ¯CZYZNA;4;20984590
GYORGY;MÊ¯CZYZNA;4;20984594
CHIRANJIBI;MÊ¯CZYZNA;4;20984598
?ÃNG KHOA;MÊ¯CZYZNA;4;20984602
MATII;MÊ¯CZYZNA;4;20984606
MITO;MÊ¯CZYZNA;4;20984610
DALWIN;MÊ¯CZYZNA;4;20984614
EUNWOO;MÊ¯CZYZNA;4;20984618
BARNABO;MÊ¯CZYZNA;4;20984622
DELIL;MÊ¯CZYZNA;4;20984626
ARATA;MÊ¯CZYZNA;4;20984630
WARSITO;MÊ¯CZYZNA;4;20984634
ABIJITH;MÊ¯CZYZNA;4;20984638
RASYM;MÊ¯CZYZNA;4;20984642
LAI;MÊ¯CZYZNA;4;20984646
MUJO;MÊ¯CZYZNA;4;20984650
PEIMAN;MÊ¯CZYZNA;4;20984654
OG?UZHAN;MÊ¯CZYZNA;4;20984658
VAGHINAK;MÊ¯CZYZNA;4;20984662
CYGNO;MÊ¯CZYZNA;4;20984666
MAURITZ;MÊ¯CZYZNA;4;20984670
JIANCHENG;MÊ¯CZYZNA;4;20984674
VIET THANG;MÊ¯CZYZNA;4;20984678
HAI TRUNG;MÊ¯CZYZNA;4;20984682
FILCHO;MÊ¯CZYZNA;4;20984686
EDVARDI;MÊ¯CZYZNA;4;20984690
BAREND;MÊ¯CZYZNA;4;20984694
VÃN QUY?T;MÊ¯CZYZNA;4;20984698
IKMET;MÊ¯CZYZNA;4;20984702
BRIEN;MÊ¯CZYZNA;4;20984706
REKARDO;MÊ¯CZYZNA;4;20984710
YAROS£AW;MÊ¯CZYZNA;4;20984714
KONDRATE;MÊ¯CZYZNA;4;20984718
DRILON;MÊ¯CZYZNA;4;20984722
T?MUR;MÊ¯CZYZNA;4;20984726
NOLY;MÊ¯CZYZNA;4;20984730
JAGDEEP SINGH;MÊ¯CZYZNA;4;20984734
KANATO;MÊ¯CZYZNA;4;20984738
KAJO;MÊ¯CZYZNA;4;20984742
SUWANDI;MÊ¯CZYZNA;4;20984746
GHAZANFAR;MÊ¯CZYZNA;4;20984750
MOEEZ;MÊ¯CZYZNA;4;20984754
BEKHRUZBEK;MÊ¯CZYZNA;4;20984758
MANTHAN;MÊ¯CZYZNA;4;20984762
VLADISLAW;MÊ¯CZYZNA;4;20984766
VAGE;MÊ¯CZYZNA;4;20984770
RAVEN;MÊ¯CZYZNA;4;20984774
XINPING;MÊ¯CZYZNA;4;20984778
RUDIGER;MÊ¯CZYZNA;4;20984782
TOP;MÊ¯CZYZNA;4;20984786
TASAWAR;MÊ¯CZYZNA;4;20984790
QUOC PHONG;MÊ¯CZYZNA;4;20984794
ABDUGAFFOR;MÊ¯CZYZNA;4;20984798
YOUNG SOO;MÊ¯CZYZNA;4;20984802
ALPHONSE;MÊ¯CZYZNA;4;20984806
LINGYONG;MÊ¯CZYZNA;4;20984810
TA;MÊ¯CZYZNA;4;20984814
LUZER;MÊ¯CZYZNA;4;20984818
MIVAAN;MÊ¯CZYZNA;4;20984822
GJORGI;MÊ¯CZYZNA;4;20984826
MERSIN;MÊ¯CZYZNA;4;20984830
ARSHIA;MÊ¯CZYZNA;4;20984834
PRABHAKARAN;MÊ¯CZYZNA;4;20984838
PRIYESH;MÊ¯CZYZNA;4;20984842
KHASANJON;MÊ¯CZYZNA;4;20984846
VESKO;MÊ¯CZYZNA;4;20984850
GINTAS;MÊ¯CZYZNA;4;20984854
ISEIN;MÊ¯CZYZNA;4;20984858
WJATSCHESLAW;MÊ¯CZYZNA;4;20984862
BALWINDER SINGH;MÊ¯CZYZNA;4;20984866
ZHONGSHENG;MÊ¯CZYZNA;4;20984870
RAMA RAO;MÊ¯CZYZNA;4;20984874
VAN NGAN;MÊ¯CZYZNA;4;20984878
TAPDIG;MÊ¯CZYZNA;4;20984882
EJUP;MÊ¯CZYZNA;4;20984886
WIGO;MÊ¯CZYZNA;4;20984890
KAISHENG;MÊ¯CZYZNA;4;20984894
LEMUEL;MÊ¯CZYZNA;4;20984898
WACEK;MÊ¯CZYZNA;4;20984902
OLLIVIER;MÊ¯CZYZNA;4;20984906
CAMRON;MÊ¯CZYZNA;4;20984910
DAEHWAN;MÊ¯CZYZNA;4;20984914
SUBRAHMANYAM;MÊ¯CZYZNA;4;20984918
MARC-ANDRÉ;MÊ¯CZYZNA;4;20984922
KL?VS;MÊ¯CZYZNA;4;20984926
RANNY;MÊ¯CZYZNA;4;20984930
SUNE;MÊ¯CZYZNA;4;20984934
REGAN;MÊ¯CZYZNA;4;20984938
GÜRHAN;MÊ¯CZYZNA;4;20984942
NAGARAJ;MÊ¯CZYZNA;4;20984946
AGNES;MÊ¯CZYZNA;4;20984950
DAPENG;MÊ¯CZYZNA;4;20984954
WALDAS;MÊ¯CZYZNA;4;20984958
STEEVEN;MÊ¯CZYZNA;4;20984962
HUIJIE;MÊ¯CZYZNA;4;20984966
MOHAMMAD ALI;MÊ¯CZYZNA;4;20984970
KYOUNG;MÊ¯CZYZNA;4;20984974
SHIVKUMAR;MÊ¯CZYZNA;4;20984978
ÜZEY?R;MÊ¯CZYZNA;4;20984982
OLEKSADNR;MÊ¯CZYZNA;4;20984986
PULAT;MÊ¯CZYZNA;4;20984990
JEORGE;MÊ¯CZYZNA;4;20984994
JINGJIE;MÊ¯CZYZNA;4;20984998
JEAN-DAVID;MÊ¯CZYZNA;4;20985002
DUC THINH;MÊ¯CZYZNA;4;20985006
TOMASS;MÊ¯CZYZNA;4;20985010
ZMICIER;MÊ¯CZYZNA;4;20985014
GRYGOR;MÊ¯CZYZNA;4;20985018
LEDIAN;MÊ¯CZYZNA;4;20985022
KAIRO;MÊ¯CZYZNA;4;20985026
NIRAJAN;MÊ¯CZYZNA;4;20985030
SERIKBOL;MÊ¯CZYZNA;4;20985034
AVERY;MÊ¯CZYZNA;4;20985038
VAN THAM;MÊ¯CZYZNA;4;20985042
THI?N;MÊ¯CZYZNA;4;20985046
PHILIPE;MÊ¯CZYZNA;4;20985050
LIJAN;MÊ¯CZYZNA;4;20985054
BA VIET;MÊ¯CZYZNA;4;20985058
VACHAHAN;MÊ¯CZYZNA;4;20985062
AS?L;MÊ¯CZYZNA;4;20985066
SAMIRAN;MÊ¯CZYZNA;4;20985070
JINSEOK;MÊ¯CZYZNA;4;20985074
VÃN ?ÔNG;MÊ¯CZYZNA;4;20985078
PETRU-ALEXANDRU;MÊ¯CZYZNA;4;20985082
HURAMI;MÊ¯CZYZNA;4;20985086
AMANMYRAT;MÊ¯CZYZNA;4;20985090
NERSIK;MÊ¯CZYZNA;4;20985094
ARUN BABU;MÊ¯CZYZNA;4;20985098
JIN YOUNG;MÊ¯CZYZNA;4;20985102
BRADFORD;MÊ¯CZYZNA;4;20985106
GASHAM;MÊ¯CZYZNA;4;20985110
SEYDI;MÊ¯CZYZNA;4;20985114
CHENGJUN;MÊ¯CZYZNA;4;20985118
KLODJAN;MÊ¯CZYZNA;4;20985122
SERCHII;MÊ¯CZYZNA;4;20985126
SAHETMYRAT;MÊ¯CZYZNA;4;20985130
KRSTO;MÊ¯CZYZNA;4;20985134
ZIXIANG;MÊ¯CZYZNA;4;20985138
GERY;MÊ¯CZYZNA;4;20985142
SHIFAT;MÊ¯CZYZNA;4;20985146
ALTU?;MÊ¯CZYZNA;4;20985150
MILLER;MÊ¯CZYZNA;4;20985154
AARIZ;MÊ¯CZYZNA;4;20985158
SIVA KUMAR;MÊ¯CZYZNA;4;20985162
ZHIGUO;MÊ¯CZYZNA;4;20985166
ESIN;MÊ¯CZYZNA;4;20985170
REYNANTE;MÊ¯CZYZNA;4;20985174
JOKUBAS;MÊ¯CZYZNA;4;20985178
JUNLIN;MÊ¯CZYZNA;4;20985182
TELEMACH;MÊ¯CZYZNA;4;20985186
JIYONG;MÊ¯CZYZNA;4;20985190
CIARÁN;MÊ¯CZYZNA;4;20985194
ªEFIK;MÊ¯CZYZNA;4;20985198
VÃN C?NH;MÊ¯CZYZNA;4;20985202
OTMAN;MÊ¯CZYZNA;4;20985206
VAFADAR;MÊ¯CZYZNA;4;20985210
JUNHUI;MÊ¯CZYZNA;4;20985214
CHARIF;MÊ¯CZYZNA;4;20985218
LYUBOV;MÊ¯CZYZNA;4;20985222
ALEKSIY;MÊ¯CZYZNA;4;20985226
HAJI;MÊ¯CZYZNA;4;20985230
NEKRUZ;MÊ¯CZYZNA;4;20985234
PETRICA;MÊ¯CZYZNA;4;20985238
SAIAVUSH;MÊ¯CZYZNA;4;20985242
EKHTIBAR;MÊ¯CZYZNA;4;20985246
KARMA;MÊ¯CZYZNA;4;20985250
KHARITON;MÊ¯CZYZNA;4;20985254
SHAILESHKUMAR;MÊ¯CZYZNA;4;20985258
NAOTO;MÊ¯CZYZNA;4;20985262
MOUADH;MÊ¯CZYZNA;4;20985266
HADY;MÊ¯CZYZNA;4;20985270
OLUWADAMILOLA;MÊ¯CZYZNA;4;20985274
VALENTINAS;MÊ¯CZYZNA;4;20985278
PERICA;MÊ¯CZYZNA;4;20985282
SONGTAO;MÊ¯CZYZNA;4;20985286
OGABEK;MÊ¯CZYZNA;4;20985290
CATALDO;MÊ¯CZYZNA;4;20985294
KUDZANAI;MÊ¯CZYZNA;4;20985298
GRYGORIJ;MÊ¯CZYZNA;4;20985302
YIRAN;MÊ¯CZYZNA;4;20985306
TH?NH TRUNG;MÊ¯CZYZNA;4;20985310
NAVRUZJON;MÊ¯CZYZNA;4;20985314
VITUS;MÊ¯CZYZNA;4;20985318
MEGH;MÊ¯CZYZNA;4;20985322
NITHEESH;MÊ¯CZYZNA;4;20985326
BADIRKHAN;MÊ¯CZYZNA;4;20985330
THANH DUY;MÊ¯CZYZNA;4;20985334
SHAMAL;MÊ¯CZYZNA;4;20985338
KYM;MÊ¯CZYZNA;4;20985342
JAAP;MÊ¯CZYZNA;4;20985346
HI?N;MÊ¯CZYZNA;4;20985350
GÉRALD;MÊ¯CZYZNA;4;20985354
SAMIRBHAI;MÊ¯CZYZNA;4;20985358
ENAMUL;MÊ¯CZYZNA;4;20985362
KEYAAN;MÊ¯CZYZNA;4;20985366
ASPARUH;MÊ¯CZYZNA;4;20985370
JUSTINE;MÊ¯CZYZNA;4;20985374
EDVART;MÊ¯CZYZNA;4;20985378
DEMIIAN;MÊ¯CZYZNA;4;20985382
HAMILTON;MÊ¯CZYZNA;4;20985386
CHEOL;MÊ¯CZYZNA;4;20985390
LAMAR;MÊ¯CZYZNA;4;20985394
YGOR;MÊ¯CZYZNA;4;20985398
BELTRAN;MÊ¯CZYZNA;4;20985402
KENDRICK;MÊ¯CZYZNA;4;20985406
ANTONAS;MÊ¯CZYZNA;4;20985410
XIAOQI;MÊ¯CZYZNA;4;20985414
JEAN LUC;MÊ¯CZYZNA;4;20985418
DZHONATAN;MÊ¯CZYZNA;4;20985422
RUGGIERO;MÊ¯CZYZNA;4;20985426
RAJARAM;MÊ¯CZYZNA;4;20985430
SARAN;MÊ¯CZYZNA;4;20985434
VRUYR;MÊ¯CZYZNA;4;20985438
CASEMIRO;MÊ¯CZYZNA;4;20985442
ELIYAS;MÊ¯CZYZNA;4;20985446
LEONTIY;MÊ¯CZYZNA;4;20985450
GERMANE;MÊ¯CZYZNA;4;20985454
IVAN-PAVLO;MÊ¯CZYZNA;4;20985458
HUGO MIGUEL;MÊ¯CZYZNA;4;20985462
VIKENTII;MÊ¯CZYZNA;4;20985466
TAKAHARU;MÊ¯CZYZNA;4;20985470
CHETANKUMAR;MÊ¯CZYZNA;4;20985474
LUIS ALFONSO;MÊ¯CZYZNA;4;20985478
WALDI;MÊ¯CZYZNA;4;20985482
ERIKH;MÊ¯CZYZNA;4;20985486
JIANKANG;MÊ¯CZYZNA;4;20985490
CHINTANKUMAR;MÊ¯CZYZNA;4;20985494
AUBIN;MÊ¯CZYZNA;4;20985498
GURDEV;MÊ¯CZYZNA;4;20985502
GULAD;MÊ¯CZYZNA;4;20985506
IKHSAN;MÊ¯CZYZNA;4;20985510
YORII;MÊ¯CZYZNA;4;20985514
BONAVENTURE;MÊ¯CZYZNA;4;20985518
ENKHTUVSHIN;MÊ¯CZYZNA;4;20985522
LEWI;MÊ¯CZYZNA;4;20985526
REZAUL;MÊ¯CZYZNA;4;20985530
KASPARAS;MÊ¯CZYZNA;4;20985534
XINGGUO;MÊ¯CZYZNA;4;20985538
MINGMAR;MÊ¯CZYZNA;4;20985542
LUV;MÊ¯CZYZNA;4;20985546
NIKESH;MÊ¯CZYZNA;4;20985550
DAGIR;MÊ¯CZYZNA;4;20985554
EHRENFRIED;MÊ¯CZYZNA;4;20985558
OLMOS;MÊ¯CZYZNA;4;20985562
EROSI;MÊ¯CZYZNA;4;20985566
RIK;MÊ¯CZYZNA;4;20985570
BÁ D?NG;MÊ¯CZYZNA;4;20985574
JORGO;MÊ¯CZYZNA;4;20985578
ANH DUC;MÊ¯CZYZNA;4;20985582
MINH SANG;MÊ¯CZYZNA;4;20985586
GAZANFAR;MÊ¯CZYZNA;4;20985590
SAVELIJ;MÊ¯CZYZNA;4;20985594
AADITYA;MÊ¯CZYZNA;4;20985598
THABANI;MÊ¯CZYZNA;4;20985602
WASILIOS;MÊ¯CZYZNA;4;20985606
RARES;MÊ¯CZYZNA;4;20985610
SIYOON;MÊ¯CZYZNA;4;20985614
SELVARAJ;MÊ¯CZYZNA;4;20985618
ZHIWEN;MÊ¯CZYZNA;4;20985622
USMONJON;MÊ¯CZYZNA;4;20985626
VÃN PHONG;MÊ¯CZYZNA;4;20985630
CORD;MÊ¯CZYZNA;4;20985634
COSTIN;MÊ¯CZYZNA;4;20985638
DUY KHANH;MÊ¯CZYZNA;4;20985642
SÃNDEL;MÊ¯CZYZNA;4;20985646
ESTATE;MÊ¯CZYZNA;4;20985650
LEUL;MÊ¯CZYZNA;4;20985654
ELIUSZ;MÊ¯CZYZNA;4;20985658
JONG IN;MÊ¯CZYZNA;4;20985662
STAYKO;MÊ¯CZYZNA;4;20985666
AKOB;MÊ¯CZYZNA;4;20985670
HOON;MÊ¯CZYZNA;4;20985674
JUBRIL;MÊ¯CZYZNA;4;20985678
PURNA BAHADUR;MÊ¯CZYZNA;4;20985682
HRISTOS;MÊ¯CZYZNA;4;20985686
AINDI;MÊ¯CZYZNA;4;20985690
TUY?N;MÊ¯CZYZNA;4;20985694
DINA;MÊ¯CZYZNA;4;20985698
SAÚL;MÊ¯CZYZNA;4;20985702
MANSWET;MÊ¯CZYZNA;4;20985706
YOUSSIF;MÊ¯CZYZNA;4;20985710
VÃN TH??NG;MÊ¯CZYZNA;4;20985714
SUKHRAJ;MÊ¯CZYZNA;4;20985718
FADDEI;MÊ¯CZYZNA;4;20985722
IKBOL;MÊ¯CZYZNA;4;20985726
SHERMUKHAMMAD;MÊ¯CZYZNA;4;20985730
S£AWBOR;MÊ¯CZYZNA;4;20985734
JIANQING;MÊ¯CZYZNA;4;20985738
ROHAAN;MÊ¯CZYZNA;4;20985742
SYLVIO;MÊ¯CZYZNA;4;20985746
RYSIEK;MÊ¯CZYZNA;4;20985750
TUAN DAT;MÊ¯CZYZNA;4;20985754
CEL?L;MÊ¯CZYZNA;4;20985758
SHAKHRAM;MÊ¯CZYZNA;4;20985762
SIMA;MÊ¯CZYZNA;4;20985766
AMARNATH;MÊ¯CZYZNA;4;20985770
BRAULIO;MÊ¯CZYZNA;4;20985774
SAYD-SELIM;MÊ¯CZYZNA;4;20985778
PHANINDRA;MÊ¯CZYZNA;4;20985782
YENISH;MÊ¯CZYZNA;4;20985786
SACHINKUMAR;MÊ¯CZYZNA;4;20985790
ARYSTIAN;MÊ¯CZYZNA;4;20985794
UTHAI;MÊ¯CZYZNA;4;20985798
YUNES;MÊ¯CZYZNA;4;20985802
BESJAN;MÊ¯CZYZNA;4;20985806
VARFOLOMII;MÊ¯CZYZNA;4;20985810
V?N TH?NH;MÊ¯CZYZNA;4;20985814
ILKAY;MÊ¯CZYZNA;4;20985818
JIHU;MÊ¯CZYZNA;4;20985822
HUU THANH;MÊ¯CZYZNA;4;20985826
JAYLORD;MÊ¯CZYZNA;4;20985830
RODRIGUE;MÊ¯CZYZNA;4;20985834
AKIHITO;MÊ¯CZYZNA;4;20985838
SAVLE;MÊ¯CZYZNA;4;20985842
DOYOON;MÊ¯CZYZNA;4;20985846
RONGJUN;MÊ¯CZYZNA;4;20985850
VAN DIEN;MÊ¯CZYZNA;4;20985854
THAIR;MÊ¯CZYZNA;4;20985858
PASCHAL;MÊ¯CZYZNA;4;20985862
KIL;MÊ¯CZYZNA;4;20985866
KATSUYA;MÊ¯CZYZNA;4;20985870
AMIRALI;MÊ¯CZYZNA;4;20985874
MO;MÊ¯CZYZNA;4;20985878
PEPIJN;MÊ¯CZYZNA;4;20985882
MALHAR;MÊ¯CZYZNA;4;20985886
ABOUBAKAR;MÊ¯CZYZNA;4;20985890
BIVIN;MÊ¯CZYZNA;4;20985894
MELITON;MÊ¯CZYZNA;4;20985898
VAN MIEN;MÊ¯CZYZNA;4;20985902
ANNO;MÊ¯CZYZNA;4;20985906
RICHI;MÊ¯CZYZNA;4;20985910
PRAVESH;MÊ¯CZYZNA;4;20985914
SKARBIMIERZ;MÊ¯CZYZNA;4;20985918
?ORÐE;MÊ¯CZYZNA;4;20985922
GEGO;MÊ¯CZYZNA;4;20985926
JUWENCJUSZ;MÊ¯CZYZNA;4;20985930
LUIS MIGUEL;MÊ¯CZYZNA;4;20985934
STEWEN;MÊ¯CZYZNA;4;20985938
LUCHIAN;MÊ¯CZYZNA;4;20985942
ASSADULLAH;MÊ¯CZYZNA;4;20985946
YONGGANG;MÊ¯CZYZNA;4;20985950
ABDELHAFID;MÊ¯CZYZNA;4;20985954
FILIPS;MÊ¯CZYZNA;4;20985958
PANCHO;MÊ¯CZYZNA;4;20985962
DINH QUANG;MÊ¯CZYZNA;4;20985966
NASRADIN;MÊ¯CZYZNA;4;20985970
ELOCHUKWU;MÊ¯CZYZNA;4;20985974
VAN TY;MÊ¯CZYZNA;4;20985978
GUOJUN;MÊ¯CZYZNA;4;20985982
GADIEL;MÊ¯CZYZNA;4;20985986
CHARL;MÊ¯CZYZNA;4;20985990
RIF;MÊ¯CZYZNA;4;20985994
YARI;MÊ¯CZYZNA;4;20985998
HUU HOANG;MÊ¯CZYZNA;4;20986002
PRASENJIT;MÊ¯CZYZNA;4;20986006
ALEXZANDER;MÊ¯CZYZNA;4;20986010
PROCHOR;MÊ¯CZYZNA;4;20986014
DUKE;MÊ¯CZYZNA;4;20986018
XUAN HUY;MÊ¯CZYZNA;4;20986022
DIONISIO;MÊ¯CZYZNA;4;20986026
NGOC VINH;MÊ¯CZYZNA;4;20986030
YOUNGSU;MÊ¯CZYZNA;4;20986034
WESELIN;MÊ¯CZYZNA;4;20986038
CUMHUR;MÊ¯CZYZNA;4;20986042
RAM KUMAR;MÊ¯CZYZNA;4;20986046
AMIEL;MÊ¯CZYZNA;4;20986050
SCOT;MÊ¯CZYZNA;4;20986054
MAIKI;MÊ¯CZYZNA;4;20986058
GABY;MÊ¯CZYZNA;4;20986062
YIFU;MÊ¯CZYZNA;4;20986066
DJAMSHID;MÊ¯CZYZNA;4;20986070
PALVAN;MÊ¯CZYZNA;4;20986074
NOURDINE;MÊ¯CZYZNA;4;20986078
YUANHAO;MÊ¯CZYZNA;4;20986082
MAKSATMYRAT;MÊ¯CZYZNA;4;20986086
YANCHENG;MÊ¯CZYZNA;4;20986090
WADE;MÊ¯CZYZNA;4;20986094
WENICJUSZ;MÊ¯CZYZNA;4;20986098
MUTHU;MÊ¯CZYZNA;4;20986102
GURJIT;MÊ¯CZYZNA;4;20986106
ELBASAN;MÊ¯CZYZNA;4;20986110
KAMERON;MÊ¯CZYZNA;4;20986114
AREZKI;MÊ¯CZYZNA;4;20986118
SHAKHAWAT;MÊ¯CZYZNA;4;20986122
DZHALIL;MÊ¯CZYZNA;4;20986126
ABHIRAM;MÊ¯CZYZNA;4;20986130
?ÃNG;MÊ¯CZYZNA;4;20986134
TIANO;MÊ¯CZYZNA;4;20986138
OBRAD;MÊ¯CZYZNA;4;20986142
LUIS FELIPE;MÊ¯CZYZNA;4;20986146
SANDI;MÊ¯CZYZNA;4;20986150
HRUSHIKESH;MÊ¯CZYZNA;4;20986154
IMEDO;MÊ¯CZYZNA;4;20986158
SATTAR;MÊ¯CZYZNA;4;20986162
ELMURAT;MÊ¯CZYZNA;4;20986166
GERRARD;MÊ¯CZYZNA;4;20986170
WADIUSZ;MÊ¯CZYZNA;4;20986174
JOUSEF;MÊ¯CZYZNA;4;20986178
SAFAL;MÊ¯CZYZNA;4;20986182
MUKHLIS;MÊ¯CZYZNA;4;20986186
DAWUD;MÊ¯CZYZNA;4;20986190
ZUBAYR;MÊ¯CZYZNA;4;20986194
MUKHAMADJON;MÊ¯CZYZNA;4;20986198
BASANT;MÊ¯CZYZNA;4;20986202
TUNG ANH;MÊ¯CZYZNA;4;20986206
GARSEVAN;MÊ¯CZYZNA;4;20986210
MANINDER SINGH;MÊ¯CZYZNA;4;20986214
HU?NH;MÊ¯CZYZNA;4;20986218
SHAFI;MÊ¯CZYZNA;4;20986222
KURNIAWAN;MÊ¯CZYZNA;4;20986226
SHIRVAN;MÊ¯CZYZNA;4;20986230
ALIYOR;MÊ¯CZYZNA;4;20986234
BILENT;MÊ¯CZYZNA;4;20986238
NALI;MÊ¯CZYZNA;4;20986242
AMBAKO;MÊ¯CZYZNA;4;20986246
LAPO;MÊ¯CZYZNA;4;20986250
MIDO;MÊ¯CZYZNA;4;20986254
ABDULLACH;MÊ¯CZYZNA;4;20986258
MAHESHKUMAR;MÊ¯CZYZNA;4;20986262
ILKAN;MÊ¯CZYZNA;4;20986266
DZHEMALI;MÊ¯CZYZNA;4;20986270
SERZHYK;MÊ¯CZYZNA;4;20986274
ALBI;MÊ¯CZYZNA;4;20986278
GEONWOO;MÊ¯CZYZNA;4;20986282
GANBAR;MÊ¯CZYZNA;4;20986286
ADY;MÊ¯CZYZNA;4;20986290
IRENE;MÊ¯CZYZNA;4;20986294
ARSAN;MÊ¯CZYZNA;4;20986298
XIAOBING;MÊ¯CZYZNA;4;20986302
BOBIRBEK;MÊ¯CZYZNA;4;20986306
TRONG HUNG;MÊ¯CZYZNA;4;20986310
TSAHI;MÊ¯CZYZNA;4;20986314
MAURYCJUSZ;MÊ¯CZYZNA;4;20986318
JEF;MÊ¯CZYZNA;4;20986322
AJUB;MÊ¯CZYZNA;4;20986326
CRISTIAN-FLORIN;MÊ¯CZYZNA;4;20986330
DENAN;MÊ¯CZYZNA;4;20986334
SALEZY;MÊ¯CZYZNA;4;20986338
REID;MÊ¯CZYZNA;4;20986342
AMINDZHON;MÊ¯CZYZNA;4;20986346
JINJUN;MÊ¯CZYZNA;4;20986350
MARLO;MÊ¯CZYZNA;4;20986354
AKRAMKHON;MÊ¯CZYZNA;4;20986358
MUZAFER;MÊ¯CZYZNA;4;20986362
GEBHARD;MÊ¯CZYZNA;4;20986366
NGO;MÊ¯CZYZNA;4;20986370
YADAV;MÊ¯CZYZNA;4;20986374
EPREM;MÊ¯CZYZNA;4;20986378
ARBIN;MÊ¯CZYZNA;4;20986382
QINGFENG;MÊ¯CZYZNA;4;20986386
PRABESH;MÊ¯CZYZNA;4;20986390
NEELKUMAR;MÊ¯CZYZNA;4;20986394
ORYAN;MÊ¯CZYZNA;4;20986398
JAMIRO;MÊ¯CZYZNA;4;20986402
PHAN ANH;MÊ¯CZYZNA;4;20986406
MYONG IL;MÊ¯CZYZNA;4;20986410
HIDENORI;MÊ¯CZYZNA;4;20986414
SHAWON;MÊ¯CZYZNA;4;20986418
FALAH;MÊ¯CZYZNA;4;20986422
YILDIRAY;MÊ¯CZYZNA;4;20986426
MONACO;MÊ¯CZYZNA;4;20986430
TAWFIQ;MÊ¯CZYZNA;4;20986434
VILI;MÊ¯CZYZNA;4;20986438
MOHAMMAD REZA;MÊ¯CZYZNA;4;20986442
JENERI;MÊ¯CZYZNA;4;20986446
VAN THIET;MÊ¯CZYZNA;4;20986450
ODILO;MÊ¯CZYZNA;4;20986454
SERGEIS;MÊ¯CZYZNA;4;20986458
STOS£AW;MÊ¯CZYZNA;4;20986462
MAMADI;MÊ¯CZYZNA;4;20986466
NEYMAR;MÊ¯CZYZNA;4;20986470
SUNNET;MÊ¯CZYZNA;4;20986474
SUGIANTO;MÊ¯CZYZNA;4;20986478
SATINDER;MÊ¯CZYZNA;4;20986482
JAESIK;MÊ¯CZYZNA;4;20986486
ZHIFANG;MÊ¯CZYZNA;4;20986490
SUHEIL;MÊ¯CZYZNA;4;20986494
ADNEN;MÊ¯CZYZNA;4;20986498
RONALDS;MÊ¯CZYZNA;4;20986502
TYMOFIYI;MÊ¯CZYZNA;4;20986506
BIR BAHADUR;MÊ¯CZYZNA;4;20986510
ESDRAS;MÊ¯CZYZNA;4;20986514
YIHAO;MÊ¯CZYZNA;4;20986518
YAMIN;MÊ¯CZYZNA;4;20986522
MEHMEDALI;MÊ¯CZYZNA;4;20986526
ILIMDAR;MÊ¯CZYZNA;4;20986530
SHAILENDER;MÊ¯CZYZNA;4;20986534
YASSEN;MÊ¯CZYZNA;4;20986538
TAEYONG;MÊ¯CZYZNA;4;20986542
NEDELCHO;MÊ¯CZYZNA;4;20986546
SANTIN;MÊ¯CZYZNA;4;20986550
TIANHAO;MÊ¯CZYZNA;4;20986554
RYUJI;MÊ¯CZYZNA;4;20986558
BAHRUL;MÊ¯CZYZNA;4;20986562
MAIWAND;MÊ¯CZYZNA;4;20986566
HARWINDER SINGH;MÊ¯CZYZNA;4;20986570
ELIAV;MÊ¯CZYZNA;4;20986574
JOSTEIN;MÊ¯CZYZNA;4;20986578
YEHORII;MÊ¯CZYZNA;4;20986582
ALIRIZA;MÊ¯CZYZNA;4;20986586
TUL;MÊ¯CZYZNA;4;20986590
AMAN KUMAR;MÊ¯CZYZNA;4;20986594
BEILO;MÊ¯CZYZNA;4;20986598
ENDA;MÊ¯CZYZNA;4;20986602
PRABU;MÊ¯CZYZNA;4;20986606
RAUNAK;MÊ¯CZYZNA;4;20986610
MALAKAI;MÊ¯CZYZNA;4;20986614
AUDUN;MÊ¯CZYZNA;4;20986618
FAZLA;MÊ¯CZYZNA;4;20986622
ASOKAN;MÊ¯CZYZNA;4;20986626
TIN;MÊ¯CZYZNA;4;20986630
BAISANGUR;MÊ¯CZYZNA;4;20986634
GRACJUSZ;MÊ¯CZYZNA;4;20986638
NURHAN;MÊ¯CZYZNA;4;20986642
LIYAN;MÊ¯CZYZNA;4;20986646
SIDHARTH;MÊ¯CZYZNA;4;20986650
NGOC VAN;MÊ¯CZYZNA;4;20986654
ARIYANTO;MÊ¯CZYZNA;4;20986658
SAIDKHON;MÊ¯CZYZNA;4;20986662
YEDIDYA;MÊ¯CZYZNA;4;20986666
SOLA;MÊ¯CZYZNA;4;20986670
XIAOMIN;MÊ¯CZYZNA;4;20986674
SHAOJIE;MÊ¯CZYZNA;4;20986678
ALIMKHAN;MÊ¯CZYZNA;4;20986682
AKHMADILLO;MÊ¯CZYZNA;4;20986686
YONG IL;MÊ¯CZYZNA;4;20986690
LEO;MÊ¯CZYZNA;4;20986694
EFKAN;MÊ¯CZYZNA;4;20986698
ZORIGT;MÊ¯CZYZNA;4;20986702
ANGUEL;MÊ¯CZYZNA;4;20986706
AVICHAY;MÊ¯CZYZNA;4;20986710
MUN;MÊ¯CZYZNA;4;20986714
NEBRAS;MÊ¯CZYZNA;4;20986718
LEKH;MÊ¯CZYZNA;4;20986722
ASTOR;MÊ¯CZYZNA;4;20986726
CIHAD;MÊ¯CZYZNA;4;20986730
LOMALI;MÊ¯CZYZNA;4;20986734
VICTOR MANUEL;MÊ¯CZYZNA;4;20986738
LOM;MÊ¯CZYZNA;4;20986742
KAZUNORI;MÊ¯CZYZNA;4;20986746
FAREED;MÊ¯CZYZNA;4;20986750
MOHID;MÊ¯CZYZNA;4;20986754
OUSSEMA;MÊ¯CZYZNA;4;20986758
JOMY;MÊ¯CZYZNA;4;20986762
SIRJAN;MÊ¯CZYZNA;4;20986766
YUKO;MÊ¯CZYZNA;4;20986770
ARTEK;MÊ¯CZYZNA;4;20986774
WINNICJUSZ;MÊ¯CZYZNA;4;20986778
FUNGAI;MÊ¯CZYZNA;4;20986782
CHINZORIG;MÊ¯CZYZNA;4;20986786
ALAUDDIN;MÊ¯CZYZNA;4;20986790
B?O;MÊ¯CZYZNA;4;20986794
DALJIT SINGH;MÊ¯CZYZNA;4;20986798
GORDAN;MÊ¯CZYZNA;4;20986802
JAZON;MÊ¯CZYZNA;4;20986806
SAJEESH;MÊ¯CZYZNA;4;20986810
DINH HUNG;MÊ¯CZYZNA;4;20986814
KIPRIAN;MÊ¯CZYZNA;4;20986818
GRYHORIY;MÊ¯CZYZNA;4;20986822
JAMALADDIN;MÊ¯CZYZNA;4;20986826
TORGOM;MÊ¯CZYZNA;4;20986830
SAWYER;MÊ¯CZYZNA;4;20986834
JUUSO;MÊ¯CZYZNA;4;20986838
MAGOMED-EMI;MÊ¯CZYZNA;4;20986842
ZECHARIAH;MÊ¯CZYZNA;4;20986846
MD HASAN;MÊ¯CZYZNA;4;20986850
YANIK;MÊ¯CZYZNA;4;20986854
SVIATOSLAV-IVAN;MÊ¯CZYZNA;4;20986858
RETHEESH;MÊ¯CZYZNA;4;20986862
ABILASH;MÊ¯CZYZNA;4;20986866
ABULFAZ;MÊ¯CZYZNA;4;20986870
SAMIILO;MÊ¯CZYZNA;4;20986874
ZIYOVUDDIN;MÊ¯CZYZNA;4;20986878
BOGUDAR;MÊ¯CZYZNA;4;20986882
SAYAM;MÊ¯CZYZNA;4;20986886
LAID;MÊ¯CZYZNA;4;20986890
VASEEM;MÊ¯CZYZNA;4;20986894
XUAN THANG;MÊ¯CZYZNA;4;20986898
ASRORBEK;MÊ¯CZYZNA;4;20986902
TINU;MÊ¯CZYZNA;4;20986906
SERHAD;MÊ¯CZYZNA;4;20986910
TAUSEEF;MÊ¯CZYZNA;4;20986914
AHMED MOHAMED;MÊ¯CZYZNA;4;20986918
GENCI;MÊ¯CZYZNA;4;20986922
RASAMBEK;MÊ¯CZYZNA;4;20986926
ZINAR;MÊ¯CZYZNA;4;20986930
JAGDIP;MÊ¯CZYZNA;4;20986934
TSOLMON;MÊ¯CZYZNA;4;20986938
EVERARDO;MÊ¯CZYZNA;4;20986942
JASWANT;MÊ¯CZYZNA;4;20986946
JENO;MÊ¯CZYZNA;4;20986950
YISHAK;MÊ¯CZYZNA;4;20986954
FAIH;MÊ¯CZYZNA;4;20986958
ALIYEV;MÊ¯CZYZNA;4;20986962
CHANAN;MÊ¯CZYZNA;4;20986966
JINSU;MÊ¯CZYZNA;4;20986970
MARUAN;MÊ¯CZYZNA;4;20986974
JINXIN;MÊ¯CZYZNA;4;20986978
JEONGMIN;MÊ¯CZYZNA;4;20986982
MURARI;MÊ¯CZYZNA;4;20986986
GOHAR;MÊ¯CZYZNA;4;20986990
SUJOY;MÊ¯CZYZNA;4;20986994
ARSO;MÊ¯CZYZNA;4;20986998
SAFDAR;MÊ¯CZYZNA;4;20987002
KARWAN;MÊ¯CZYZNA;4;20987006
JOTO;MÊ¯CZYZNA;4;20987010
WANGIEL;MÊ¯CZYZNA;4;20987014
NATANIAN;MÊ¯CZYZNA;4;20987018
FRANCESKO;MÊ¯CZYZNA;4;20987022
ZI;MÊ¯CZYZNA;4;20987026
SALIL;MÊ¯CZYZNA;4;20987030
TSAFRIR;MÊ¯CZYZNA;4;20987034
H?NG H?I;MÊ¯CZYZNA;4;20987038
RITURAJ;MÊ¯CZYZNA;4;20987042
ALUN;MÊ¯CZYZNA;4;20987046
TAHSEEN;MÊ¯CZYZNA;4;20987050
EMILBEK;MÊ¯CZYZNA;4;20987054
VLADYSLAV-MYKOLA;MÊ¯CZYZNA;4;20987058
ALFRÉD;MÊ¯CZYZNA;4;20987062
PIERRE-ALEXANDRE;MÊ¯CZYZNA;4;20987066
BOHU;MÊ¯CZYZNA;4;20987070
EMAL;MÊ¯CZYZNA;4;20987074
SHENGJIE;MÊ¯CZYZNA;4;20987078
NICUSOR;MÊ¯CZYZNA;4;20987082
MOJMIR;MÊ¯CZYZNA;4;20987086
GENT;MÊ¯CZYZNA;4;20987090
MOINUDDIN;MÊ¯CZYZNA;4;20987094
SYLWERYN;MÊ¯CZYZNA;4;20987098
PRIYANSHU;MÊ¯CZYZNA;4;20987102
JAN-HENDRIK;MÊ¯CZYZNA;4;20987106
MD ARIFUR;MÊ¯CZYZNA;4;20987110
BAMIDELE;MÊ¯CZYZNA;4;20987114
CRESCENZO;MÊ¯CZYZNA;4;20987118
HRIDAY;MÊ¯CZYZNA;4;20987122
SAIDI;MÊ¯CZYZNA;4;20987126
SIIM;MÊ¯CZYZNA;4;20987130
JOHNPAUL;MÊ¯CZYZNA;4;20987134
DEV BAHADUR;MÊ¯CZYZNA;4;20987138
SABRY;MÊ¯CZYZNA;4;20987142
MAISEI;MÊ¯CZYZNA;4;20987146
NAMYS£AW;MÊ¯CZYZNA;4;20987150
YONGHE;MÊ¯CZYZNA;4;20987154
SHREE KRISHNA;MÊ¯CZYZNA;4;20987158
NAVAL;MÊ¯CZYZNA;4;20987162
ABDUL AZIZ;MÊ¯CZYZNA;4;20987166
DUC TRONG;MÊ¯CZYZNA;4;20987170
TOTOK;MÊ¯CZYZNA;4;20987174
MAIZER;MÊ¯CZYZNA;4;20987178
ANDJEI;MÊ¯CZYZNA;4;20987182
ULI;MÊ¯CZYZNA;4;20987186
ERVINAS;MÊ¯CZYZNA;4;20987190
IKMAT;MÊ¯CZYZNA;4;20987194
SOUFIENE;MÊ¯CZYZNA;4;20987198
PRINCEWILL;MÊ¯CZYZNA;4;20987202
MASAO;MÊ¯CZYZNA;4;20987206
ANTHON;MÊ¯CZYZNA;4;20987210
HI?U;MÊ¯CZYZNA;4;20987214
ZORYSLAV;MÊ¯CZYZNA;4;20987218
MAHAMMED;MÊ¯CZYZNA;4;20987222
BEK;MÊ¯CZYZNA;4;20987226
RANDOLF;MÊ¯CZYZNA;4;20987230
CHENXI;MÊ¯CZYZNA;4;20987234
VINCENTE;MÊ¯CZYZNA;4;20987238
SONGLIN;MÊ¯CZYZNA;4;20987242
CHINGISKHAN;MÊ¯CZYZNA;4;20987246
CHANJONG;MÊ¯CZYZNA;4;20987250
OTAKAR;MÊ¯CZYZNA;4;20987254
KAMURAN;MÊ¯CZYZNA;4;20987258
VEPHKHIA;MÊ¯CZYZNA;4;20987262
LUBEN;MÊ¯CZYZNA;4;20987266
NIKOLAIS;MÊ¯CZYZNA;4;20987270
HONGSEOK;MÊ¯CZYZNA;4;20987274
VASUDEV;MÊ¯CZYZNA;4;20987278
KSAWER;MÊ¯CZYZNA;4;20987282
SWIATOSLAV;MÊ¯CZYZNA;4;20987286
TOIVO;MÊ¯CZYZNA;4;20987290
EHTIRAM;MÊ¯CZYZNA;4;20987294
AJIT KUMAR;MÊ¯CZYZNA;4;20987298
DIGVIJAY;MÊ¯CZYZNA;4;20987302
KAMALESH;MÊ¯CZYZNA;4;20987306
DELVIN;MÊ¯CZYZNA;4;20987310
IZZATULLA;MÊ¯CZYZNA;4;20987314
WOOHYUN;MÊ¯CZYZNA;4;20987318
TEYYUB;MÊ¯CZYZNA;4;20987322
BINUMON;MÊ¯CZYZNA;4;20987326
CHANG HO;MÊ¯CZYZNA;4;20987330
HARI BAHADUR;MÊ¯CZYZNA;4;20987334
MYKHAYIL;MÊ¯CZYZNA;4;20987338
HILTON;MÊ¯CZYZNA;4;20987342
THAWATCHAI;MÊ¯CZYZNA;4;20987346
AKAN;MÊ¯CZYZNA;4;20987350
C?NH;MÊ¯CZYZNA;4;20987354
GENE;MÊ¯CZYZNA;4;20987358
MINGGUANG;MÊ¯CZYZNA;4;20987362
ZHENHE;MÊ¯CZYZNA;4;20987366
CIECHOS£AW;MÊ¯CZYZNA;4;20987370
SOYUN;MÊ¯CZYZNA;4;20987374
VEIKKO;MÊ¯CZYZNA;4;20987378
JHALAK;MÊ¯CZYZNA;4;20987382
HAJRIZ;MÊ¯CZYZNA;4;20987386
SOCRATES;MÊ¯CZYZNA;4;20987390
WEIBO;MÊ¯CZYZNA;4;20987394
SPAS;MÊ¯CZYZNA;4;20987398
RAIN;MÊ¯CZYZNA;4;20987402
HOSEOK;MÊ¯CZYZNA;4;20987406
CHUCK;MÊ¯CZYZNA;4;20987410
VISAKH;MÊ¯CZYZNA;4;20987414
NANAJI;MÊ¯CZYZNA;4;20987418
DALIP;MÊ¯CZYZNA;4;20987422
BABLU;MÊ¯CZYZNA;4;20987426
KRISTER;MÊ¯CZYZNA;4;20987430
BATURAY;MÊ¯CZYZNA;4;20987434
IOV;MÊ¯CZYZNA;4;20987438
SARANDIS;MÊ¯CZYZNA;4;20987442
VIET HAI;MÊ¯CZYZNA;4;20987446
BENIGNO;MÊ¯CZYZNA;4;20987450
TITAS;MÊ¯CZYZNA;4;20987454
HARIKUMAR;MÊ¯CZYZNA;4;20987458
ED;MÊ¯CZYZNA;4;20987462
AKVSENTI;MÊ¯CZYZNA;4;20987466
BAHODIRJON;MÊ¯CZYZNA;4;20987470
VYOM;MÊ¯CZYZNA;4;20987474
AYAANSH;MÊ¯CZYZNA;4;20987478
TENGIS;MÊ¯CZYZNA;4;20987482
MESFIN;MÊ¯CZYZNA;4;20987486
SAVINO;MÊ¯CZYZNA;4;20987490
MATTHAIOS;MÊ¯CZYZNA;4;20987494
SYRGAK;MÊ¯CZYZNA;4;20987498
TIEN HUNG;MÊ¯CZYZNA;4;20987502
SUNGHAN;MÊ¯CZYZNA;4;20987506
ARNAB;MÊ¯CZYZNA;4;20987510
SEUNGIL;MÊ¯CZYZNA;4;20987514
MACK;MÊ¯CZYZNA;4;20987518
VAN KHOA;MÊ¯CZYZNA;4;20987522
ORE;MÊ¯CZYZNA;4;20987526
SHOVKAT;MÊ¯CZYZNA;4;20987530
BOCHDAN;MÊ¯CZYZNA;4;20987534
BELGACEM;MÊ¯CZYZNA;4;20987538
OLGIERT;MÊ¯CZYZNA;4;20987542
RAVITEJA;MÊ¯CZYZNA;4;20987546
MIRZABEK;MÊ¯CZYZNA;4;20987550
MARCELLINO;MÊ¯CZYZNA;4;20987554
YUCEL;MÊ¯CZYZNA;4;20987558
STEEVE;MÊ¯CZYZNA;4;20987562
NUREDDIN;MÊ¯CZYZNA;4;20987566
PRODROMOS;MÊ¯CZYZNA;4;20987570
TIMOFI;MÊ¯CZYZNA;4;20987574
USUP;MÊ¯CZYZNA;4;20987578
NGH?A;MÊ¯CZYZNA;4;20987582
ISMAILOV;MÊ¯CZYZNA;4;20987586
TUAN LONG;MÊ¯CZYZNA;4;20987590
PALIKO;MÊ¯CZYZNA;4;20987594
SUNNATULLA;MÊ¯CZYZNA;4;20987598
ALFREDAS;MÊ¯CZYZNA;4;20987602
ABDULHAL?M;MÊ¯CZYZNA;4;20987606
MEJDI;MÊ¯CZYZNA;4;20987610
NGOC CUONG;MÊ¯CZYZNA;4;20987614
ARTEMIO;MÊ¯CZYZNA;4;20987618
GO;MÊ¯CZYZNA;4;20987622
MALYI;MÊ¯CZYZNA;4;20987626
MURADKHAN;MÊ¯CZYZNA;4;20987630
MANOLII;MÊ¯CZYZNA;4;20987634
FLORENCJUSZ;MÊ¯CZYZNA;4;20987638
REYMAR;MÊ¯CZYZNA;4;20987642
FREEDOM;MÊ¯CZYZNA;4;20987646
MIN HO;MÊ¯CZYZNA;4;20987650
JOANN;MÊ¯CZYZNA;4;20987654
ZEFENG;MÊ¯CZYZNA;4;20987658
OSIAS;MÊ¯CZYZNA;4;20987662
NH?T MINH;MÊ¯CZYZNA;4;20987666
ISER;MÊ¯CZYZNA;4;20987670
SAIDAKBAR;MÊ¯CZYZNA;4;20987674
ACEP;MÊ¯CZYZNA;4;20987678
ADHIKARI;MÊ¯CZYZNA;4;20987682
CHEMS;MÊ¯CZYZNA;4;20987686
ANDEJUS;MÊ¯CZYZNA;4;20987690
JELISEJ;MÊ¯CZYZNA;4;20987694
MILANA;MÊ¯CZYZNA;4;20987698
KAMARIDDIN;MÊ¯CZYZNA;4;20987702
IZCHAK;MÊ¯CZYZNA;4;20987706
HOYOUNG;MÊ¯CZYZNA;4;20987710
HIROYASU;MÊ¯CZYZNA;4;20987714
TON;MÊ¯CZYZNA;4;20987718
NURMAT;MÊ¯CZYZNA;4;20987722
ARSLONBEK;MÊ¯CZYZNA;4;20987726
MINKAIL;MÊ¯CZYZNA;4;20987730
KHEMRAJ;MÊ¯CZYZNA;4;20987734
YUSTYNIAN;MÊ¯CZYZNA;4;20987738
RUDIN;MÊ¯CZYZNA;4;20987742
LELAND;MÊ¯CZYZNA;4;20987746
DIMITRIAN;MÊ¯CZYZNA;4;20987750
JUNCHEN;MÊ¯CZYZNA;4;20987754
ABDENOUR;MÊ¯CZYZNA;4;20987758
KRISHNENDU;MÊ¯CZYZNA;4;20987762
EGIDE;MÊ¯CZYZNA;4;20987766
KWANGMIN;MÊ¯CZYZNA;4;20987770
AVTANDYL;MÊ¯CZYZNA;4;20987774
JARON;MÊ¯CZYZNA;4;20987778
YUDAI;MÊ¯CZYZNA;4;20987782
HEDYMIN;MÊ¯CZYZNA;4;20987786
MAKHAMAD;MÊ¯CZYZNA;4;20987790
GARCIA;MÊ¯CZYZNA;4;20987794
MUKHMAD;MÊ¯CZYZNA;4;20987798
ZENOBIAN;MÊ¯CZYZNA;4;20987802
CHIJIOKE;MÊ¯CZYZNA;4;20987806
CHANGHWAN;MÊ¯CZYZNA;4;20987810
MIO;MÊ¯CZYZNA;4;20987814
RUDOLP;MÊ¯CZYZNA;4;20987818
SHAIKH;MÊ¯CZYZNA;4;20987822
DO?Uª;MÊ¯CZYZNA;4;20987826
EDIP;MÊ¯CZYZNA;4;20987830
YIXUAN;MÊ¯CZYZNA;4;20987834
BABACAR;MÊ¯CZYZNA;4;20987838
D?C;MÊ¯CZYZNA;4;20987842
UMIDBEK;MÊ¯CZYZNA;4;20987846
TOSHIKAZU;MÊ¯CZYZNA;4;20987850
MIKLOS;MÊ¯CZYZNA;4;20987854
EKTORAS;MÊ¯CZYZNA;4;20987858
LAWIN;MÊ¯CZYZNA;4;20987862
ALEKXANDRU;MÊ¯CZYZNA;4;20987866
ESWAR;MÊ¯CZYZNA;4;20987870
?YVIND;MÊ¯CZYZNA;4;20987874
SAYDALI;MÊ¯CZYZNA;4;20987878
MYKCHAILO;MÊ¯CZYZNA;4;20987882
ALEM;MÊ¯CZYZNA;4;20987886
RUHUL;MÊ¯CZYZNA;4;20987890
FRIETZ;MÊ¯CZYZNA;4;20987894
VIBHOR;MÊ¯CZYZNA;4;20987898
AMIRREZA;MÊ¯CZYZNA;4;20987902
JAROMIERZ;MÊ¯CZYZNA;4;20987906
WIATOPE£K;MÊ¯CZYZNA;4;20987910
MAHDY;MÊ¯CZYZNA;4;20987914
BATSAIKHAN;MÊ¯CZYZNA;4;20987918
MUKESH KUMAR;MÊ¯CZYZNA;4;20987922
LINTO;MÊ¯CZYZNA;4;20987926
HAB?B;MÊ¯CZYZNA;4;20987930
ONURCAN;MÊ¯CZYZNA;4;20987934
ABDULAKHAD;MÊ¯CZYZNA;4;20987938
WAGIH;MÊ¯CZYZNA;4;20987942
GUVEN;MÊ¯CZYZNA;4;20987946
GIENEK;MÊ¯CZYZNA;4;20987950
TJEERD;MÊ¯CZYZNA;4;20987954
SEHII;MÊ¯CZYZNA;4;20987958
FAIAZ;MÊ¯CZYZNA;4;20987962
YUNHAI;MÊ¯CZYZNA;4;20987966
PANTELIMON;MÊ¯CZYZNA;4;20987970
MUZAFFARBEK;MÊ¯CZYZNA;4;20987974
KSAVER;MÊ¯CZYZNA;4;20987978
KURULO;MÊ¯CZYZNA;4;20987982
ELCHU;MÊ¯CZYZNA;4;20987986
PHOLAD;MÊ¯CZYZNA;4;20987990
GULIVER;MÊ¯CZYZNA;4;20987994
BASSEY;MÊ¯CZYZNA;4;20987998
AYYAN;MÊ¯CZYZNA;4;20988002
MICHAEL JOHN;MÊ¯CZYZNA;4;20988006
KIZITO;MÊ¯CZYZNA;4;20988010
CHUKWUKA;MÊ¯CZYZNA;4;20988014
AGAGELDI;MÊ¯CZYZNA;4;20988018
GÖKTU?;MÊ¯CZYZNA;4;20988022
THANH MINH;MÊ¯CZYZNA;4;20988026
PIERGIORGIO;MÊ¯CZYZNA;4;20988030
NARENDRA SINGH;MÊ¯CZYZNA;4;20988034
SAKET;MÊ¯CZYZNA;4;20988038
KIARASH;MÊ¯CZYZNA;4;20988042
VIBIN;MÊ¯CZYZNA;4;20988046
NICHOLAUS;MÊ¯CZYZNA;4;20988050
DAWIN;MÊ¯CZYZNA;4;20988054
METODIJA;MÊ¯CZYZNA;4;20988058
RUHAN;MÊ¯CZYZNA;4;20988062
VO£ODYMYR;MÊ¯CZYZNA;4;20988066
FLORIJAN;MÊ¯CZYZNA;4;20988070
VAPADAR;MÊ¯CZYZNA;4;20988074
BURKHON;MÊ¯CZYZNA;4;20988078
MEDERBEK;MÊ¯CZYZNA;4;20988082
GLORIAN;MÊ¯CZYZNA;4;20988086
OTIA;MÊ¯CZYZNA;4;20988090
INNA;MÊ¯CZYZNA;4;20988094
THANH HA;MÊ¯CZYZNA;4;20988098
IKEMEFUNA;MÊ¯CZYZNA;4;20988102
SHEFQET;MÊ¯CZYZNA;4;20988106
WITALIAN;MÊ¯CZYZNA;4;20988110
ZAMIRI;MÊ¯CZYZNA;4;20988114
WALDYMIR;MÊ¯CZYZNA;4;20988118
DZHEMAYDIN;MÊ¯CZYZNA;4;20988122
BAKHDIAR;MÊ¯CZYZNA;4;20988126
ERCOLE;MÊ¯CZYZNA;4;20988130
ZAHARY;MÊ¯CZYZNA;4;20988134
HERSZKO;MÊ¯CZYZNA;4;20988138
TRUNG D?NG;MÊ¯CZYZNA;4;20988142
KAZEEM;MÊ¯CZYZNA;4;20988146
AUSTRIS;MÊ¯CZYZNA;4;20988150
SUNGKYU;MÊ¯CZYZNA;4;20988154
NAZARALI;MÊ¯CZYZNA;4;20988158
TYRESE;MÊ¯CZYZNA;4;20988162
CHRISPIN;MÊ¯CZYZNA;4;20988166
EKA;MÊ¯CZYZNA;4;20988170
TAIGA;MÊ¯CZYZNA;4;20988174
MELWIN;MÊ¯CZYZNA;4;20988178
GEOFF;MÊ¯CZYZNA;4;20988182
FRENK;MÊ¯CZYZNA;4;20988186
WALERIY;MÊ¯CZYZNA;4;20988190
ARISH;MÊ¯CZYZNA;4;20988194
KABINDRA;MÊ¯CZYZNA;4;20988198
WEIXING;MÊ¯CZYZNA;4;20988202
VÃN TUÂN;MÊ¯CZYZNA;4;20988206
TAEHWAN;MÊ¯CZYZNA;4;20988210
SHANU;MÊ¯CZYZNA;4;20988214
HIGIN;MÊ¯CZYZNA;4;20988218
MUBARIK;MÊ¯CZYZNA;4;20988222
OKHUNJON;MÊ¯CZYZNA;4;20988226
FRANTZ;MÊ¯CZYZNA;4;20988230
NASTIN;MÊ¯CZYZNA;4;20988234
SHAHLAR;MÊ¯CZYZNA;4;20988238
JIDONG;MÊ¯CZYZNA;4;20988242
AHAMAD;MÊ¯CZYZNA;4;20988246
JIANYU;MÊ¯CZYZNA;4;20988250
MASATAKA;MÊ¯CZYZNA;4;20988254
BAKHROMBEK;MÊ¯CZYZNA;4;20988258
SHERMADINI;MÊ¯CZYZNA;4;20988262
CHANGYU;MÊ¯CZYZNA;4;20988266
HANGELDI;MÊ¯CZYZNA;4;20988270
ABOU;MÊ¯CZYZNA;4;20988274
ACHILEAS;MÊ¯CZYZNA;4;20988278
HARI KRISHNA;MÊ¯CZYZNA;4;20988282
SATNAM SINGH;MÊ¯CZYZNA;4;20988286
NAZM?;MÊ¯CZYZNA;4;20988290
SWAMY;MÊ¯CZYZNA;4;20988294
ZAINAL;MÊ¯CZYZNA;4;20988298
ARKAN;MÊ¯CZYZNA;4;20988302
GUANGMING;MÊ¯CZYZNA;4;20988306
CHÍNH;MÊ¯CZYZNA;4;20988310
MUHITDIN;MÊ¯CZYZNA;4;20988314
ABDULJABBAR;MÊ¯CZYZNA;4;20988318
INDRA BAHADUR;MÊ¯CZYZNA;4;20988322
DEBABRATA;MÊ¯CZYZNA;4;20988326
YONGMIN;MÊ¯CZYZNA;4;20988330
PARVESH;MÊ¯CZYZNA;4;20988334
MELORI;MÊ¯CZYZNA;4;20988338
MOHAMED AHMED;MÊ¯CZYZNA;4;20988342
KIWA;MÊ¯CZYZNA;4;20988346
EREL;MÊ¯CZYZNA;4;20988350
JARVIS;MÊ¯CZYZNA;4;20988354
ERARD;MÊ¯CZYZNA;4;20988358
GANKHUYAG;MÊ¯CZYZNA;4;20988362
VALKO;MÊ¯CZYZNA;4;20988366
YECHEZKEL;MÊ¯CZYZNA;4;20988370
GELANI;MÊ¯CZYZNA;4;20988374
MUKHAMEDALI;MÊ¯CZYZNA;4;20988378
MY;MÊ¯CZYZNA;4;20988382
TAMANG;MÊ¯CZYZNA;4;20988386
HINRICH;MÊ¯CZYZNA;4;20988390
MUAZ;MÊ¯CZYZNA;4;20988394
KYPYLO;MÊ¯CZYZNA;4;20988398
KODY;MÊ¯CZYZNA;4;20988402
VAL;MÊ¯CZYZNA;4;20988406
NADI;MÊ¯CZYZNA;4;20988410
HUMBAT;MÊ¯CZYZNA;4;20988414
MIRODIL;MÊ¯CZYZNA;4;20988418
JEAN PIERRE;MÊ¯CZYZNA;4;20988422
NEHEMIAH;MÊ¯CZYZNA;4;20988426
MIDAS;MÊ¯CZYZNA;4;20988430
JOVANI;MÊ¯CZYZNA;4;20988434
VAISHNAV;MÊ¯CZYZNA;4;20988438
MINH HOANG;MÊ¯CZYZNA;4;20988442
KENDALL;MÊ¯CZYZNA;4;20988446
BANDAR;MÊ¯CZYZNA;4;20988450
JAEYOUNG;MÊ¯CZYZNA;4;20988454
HEPING;MÊ¯CZYZNA;4;20988458
SHY;MÊ¯CZYZNA;4;20988462
DO?Uª;MÊ¯CZYZNA;4;20988466
LOUNES;MÊ¯CZYZNA;4;20988470
LOUNIS;MÊ¯CZYZNA;4;20988474
HAGGAI;MÊ¯CZYZNA;4;20988478
LY;MÊ¯CZYZNA;4;20988482
POURIA;MÊ¯CZYZNA;4;20988486
XUAN BACH;MÊ¯CZYZNA;4;20988490
JESS;MÊ¯CZYZNA;4;20988494
TRACY;MÊ¯CZYZNA;4;20988498
RAJA RAO;MÊ¯CZYZNA;4;20988502
AHLIMAN;MÊ¯CZYZNA;4;20988506
LORENTSO;MÊ¯CZYZNA;4;20988510
KUPAKWASHE;MÊ¯CZYZNA;4;20988514
DIVIT;MÊ¯CZYZNA;4;20988518
MIFTAH;MÊ¯CZYZNA;4;20988522
IRMANTAS;MÊ¯CZYZNA;4;20988526
SHASHIDHAR;MÊ¯CZYZNA;4;20988530
SAGIE;MÊ¯CZYZNA;4;20988534
GHEORGHIÞÃ;MÊ¯CZYZNA;4;20988538
QAMIL;MÊ¯CZYZNA;4;20988542
SULIMIR;MÊ¯CZYZNA;4;20988546
VANSH;MÊ¯CZYZNA;4;20988550
NOUR-EDDINE;MÊ¯CZYZNA;4;20988554
NIKOLAZ;MÊ¯CZYZNA;4;20988558
SATWINDER;MÊ¯CZYZNA;4;20988562
SATURNINO;MÊ¯CZYZNA;4;20988566
SEUN;MÊ¯CZYZNA;4;20988570
GRACJANO;MÊ¯CZYZNA;4;20988574
DIAKO;MÊ¯CZYZNA;4;20988578
SURYANARAYANA;MÊ¯CZYZNA;4;20988582
ONYEBUCHI;MÊ¯CZYZNA;4;20988586
QINGHUA;MÊ¯CZYZNA;4;20988590
SEBASTIYAN;MÊ¯CZYZNA;4;20988594
MD JAHIRUL;MÊ¯CZYZNA;4;20988598
SANA;MÊ¯CZYZNA;4;20988602
ANANTH;MÊ¯CZYZNA;4;20988606
VAGNER;MÊ¯CZYZNA;4;20988610
THAE;MÊ¯CZYZNA;4;20988614
VAN BIEN;MÊ¯CZYZNA;4;20988618
JUMPEI;MÊ¯CZYZNA;4;20988622
ESMAEIL;MÊ¯CZYZNA;4;20988626
YEVHENIIA;MÊ¯CZYZNA;4;20988630
ISLOMIDDIN;MÊ¯CZYZNA;4;20988634
BREN;MÊ¯CZYZNA;4;20988638
SHAHZOD;MÊ¯CZYZNA;4;20988642
BEILA;MÊ¯CZYZNA;4;20988646
??C TH?NH;MÊ¯CZYZNA;4;20988650
NURU;MÊ¯CZYZNA;4;20988654
JAGROOP;MÊ¯CZYZNA;4;20988658
¯ORA;MÊ¯CZYZNA;4;20988662
REDI;MÊ¯CZYZNA;4;20988666
CHÍ;MÊ¯CZYZNA;4;20988670
BEKTAS;MÊ¯CZYZNA;4;20988674
JANARDAN;MÊ¯CZYZNA;4;20988678
STELICA;MÊ¯CZYZNA;4;20988682
EOGHAN;MÊ¯CZYZNA;4;20988686
HOSAM;MÊ¯CZYZNA;4;20988690
SIVAJI;MÊ¯CZYZNA;4;20988694
MUFARO;MÊ¯CZYZNA;4;20988698
HONGJU;MÊ¯CZYZNA;4;20988702
SEYFI;MÊ¯CZYZNA;4;20988706
NIKOLAE;MÊ¯CZYZNA;4;20988710
BALTASAR;MÊ¯CZYZNA;4;20988714
EL MOSTAFA;MÊ¯CZYZNA;4;20988718
ROMANAS;MÊ¯CZYZNA;4;20988722
AYYAPPAN;MÊ¯CZYZNA;4;20988726
ZIDANE;MÊ¯CZYZNA;4;20988730
NIZAMETTIN;MÊ¯CZYZNA;4;20988734
VIVEKKUMAR;MÊ¯CZYZNA;4;20988738
ADEREMI;MÊ¯CZYZNA;4;20988742
SHIMSHON;MÊ¯CZYZNA;4;20988746
ALIDZHAN;MÊ¯CZYZNA;4;20988750
RUSZLÁN;MÊ¯CZYZNA;4;20988754
TAILER;MÊ¯CZYZNA;4;20988758
HABEEB;MÊ¯CZYZNA;4;20988762
MUKHAMMADDIYOR;MÊ¯CZYZNA;4;20988766
QUANG TUNG;MÊ¯CZYZNA;4;20988770
DARIS;MÊ¯CZYZNA;4;20988774
JODY;MÊ¯CZYZNA;4;20988778
BALTHASAR;MÊ¯CZYZNA;4;20988782
CHRIST;MÊ¯CZYZNA;4;20988786
SUNDARA;MÊ¯CZYZNA;4;20988790
BOBURKHON;MÊ¯CZYZNA;4;20988794
BU?RAHAN;MÊ¯CZYZNA;4;20988798
QUANG TRUNG;MÊ¯CZYZNA;4;20988802
ELMEDIN;MÊ¯CZYZNA;4;20988806
SIMAN;MÊ¯CZYZNA;4;20988810
NAZARIUS;MÊ¯CZYZNA;4;20988814
CELESTIN;MÊ¯CZYZNA;4;20988818
CRISTIAN CAMILO;MÊ¯CZYZNA;4;20988822
ABDULAH;MÊ¯CZYZNA;4;20988826
SARIAN;MÊ¯CZYZNA;4;20988830
ASSI;MÊ¯CZYZNA;4;20988834
DANIEL ALEJANDRO;MÊ¯CZYZNA;4;20988838
MD ASIF;MÊ¯CZYZNA;4;20988842
CHIBUZO;MÊ¯CZYZNA;4;20988846
MURUGESAN;MÊ¯CZYZNA;4;20988850
DOMIN;MÊ¯CZYZNA;4;20988854
VEREMII;MÊ¯CZYZNA;4;20988858
JUNWU;MÊ¯CZYZNA;4;20988862
ERALD;MÊ¯CZYZNA;4;20988866
SAIDALI;MÊ¯CZYZNA;4;20988870
HAOCHEN;MÊ¯CZYZNA;4;20988874
INAKI;MÊ¯CZYZNA;4;20988878
TANYRBERDI;MÊ¯CZYZNA;4;20988882
RASHIT;MÊ¯CZYZNA;4;20988886
MATHEWS;MÊ¯CZYZNA;4;20988890
KOSMOS;MÊ¯CZYZNA;4;20988894
TADEVOS;MÊ¯CZYZNA;4;20988898
YEREMIY;MÊ¯CZYZNA;4;20988902
LESIA;MÊ¯CZYZNA;4;20988906
DIMID;MÊ¯CZYZNA;4;20988910
RANJIT SINGH;MÊ¯CZYZNA;4;20988914
KELWIN;MÊ¯CZYZNA;4;20988918
SEYED MOHAMMAD;MÊ¯CZYZNA;4;20988922
GABIB;MÊ¯CZYZNA;4;20988926
KARIEM;MÊ¯CZYZNA;4;20988930
JASEM;MÊ¯CZYZNA;4;20988934
INYONG;MÊ¯CZYZNA;4;20988938
JAY-AR;MÊ¯CZYZNA;4;20988942
CHINEDUM;MÊ¯CZYZNA;4;20988946
NICHLAS;MÊ¯CZYZNA;4;20988950
VLASTISLAV;MÊ¯CZYZNA;4;20988954
AHMADREZA;MÊ¯CZYZNA;4;20988958
JONGHYEON;MÊ¯CZYZNA;4;20988962
YU-SHENG;MÊ¯CZYZNA;4;20988966
ISHIMWE;MÊ¯CZYZNA;4;20988970
TAKATOSHI;MÊ¯CZYZNA;4;20988974
DAWSON;MÊ¯CZYZNA;4;20988978
OLDRICH;MÊ¯CZYZNA;4;20988982
KHALADDIN;MÊ¯CZYZNA;4;20988986
MICHÉL;MÊ¯CZYZNA;4;20988990
SUNGHWAN;MÊ¯CZYZNA;4;20988994
NANDOR;MÊ¯CZYZNA;4;20988998
MANTU;MÊ¯CZYZNA;4;20989002
JOHN REY;MÊ¯CZYZNA;4;20989006
MAIC;MÊ¯CZYZNA;4;20989010
LEONÁRD;MÊ¯CZYZNA;4;20989014
PUNJAB;MÊ¯CZYZNA;4;20989018
IRODI;MÊ¯CZYZNA;4;20989022
INGWAR;MÊ¯CZYZNA;4;20989026
ZACHARIE;MÊ¯CZYZNA;4;20989030
PEMA;MÊ¯CZYZNA;4;20989034
VIESTURS;MÊ¯CZYZNA;4;20989038
YOZHEF;MÊ¯CZYZNA;4;20989042
BATTUR;MÊ¯CZYZNA;3;20989045
GUNA;MÊ¯CZYZNA;3;20989048
KOMOLIDDIN;MÊ¯CZYZNA;3;20989051
BONGANI;MÊ¯CZYZNA;3;20989054
ALED;MÊ¯CZYZNA;3;20989057
SUKUMAR;MÊ¯CZYZNA;3;20989060
RAWAZ;MÊ¯CZYZNA;3;20989063
JANVIER;MÊ¯CZYZNA;3;20989066
KARAMJIT;MÊ¯CZYZNA;3;20989069
UTKU CAN;MÊ¯CZYZNA;3;20989072
DEM'IAN;MÊ¯CZYZNA;3;20989075
SAIFUDIN;MÊ¯CZYZNA;3;20989078
KRESCENTY;MÊ¯CZYZNA;3;20989081
BOTAN;MÊ¯CZYZNA;3;20989084
TAKUTO;MÊ¯CZYZNA;3;20989087
GENNADIUSZ;MÊ¯CZYZNA;3;20989090
SHIRONG;MÊ¯CZYZNA;3;20989093
MAXEL;MÊ¯CZYZNA;3;20989096
UMESH KUMAR;MÊ¯CZYZNA;3;20989099
JINSEONG;MÊ¯CZYZNA;3;20989102
GYUNER;MÊ¯CZYZNA;3;20989105
MEDI;MÊ¯CZYZNA;3;20989108
WATCHARA;MÊ¯CZYZNA;3;20989111
YESKENDIR;MÊ¯CZYZNA;3;20989114
BASKAR;MÊ¯CZYZNA;3;20989117
SEOWOO;MÊ¯CZYZNA;3;20989120
SLAVE;MÊ¯CZYZNA;3;20989123
VOLODYSLAV;MÊ¯CZYZNA;3;20989126
HIDETOSHI;MÊ¯CZYZNA;3;20989129
RAJESHWAR;MÊ¯CZYZNA;3;20989132
GEWORG;MÊ¯CZYZNA;3;20989135
MKRTICZ;MÊ¯CZYZNA;3;20989138
TEMPLER;MÊ¯CZYZNA;3;20989141
JIANQUAN;MÊ¯CZYZNA;3;20989144
BIRAJ;MÊ¯CZYZNA;3;20989147
LIBU;MÊ¯CZYZNA;3;20989150
ALKHAN;MÊ¯CZYZNA;3;20989153
BRAXTON;MÊ¯CZYZNA;3;20989156
NITINKUMAR;MÊ¯CZYZNA;3;20989159
ALBEN;MÊ¯CZYZNA;3;20989162
SANWAL;MÊ¯CZYZNA;3;20989165
BOYUAN;MÊ¯CZYZNA;3;20989168
CHI HUNG;MÊ¯CZYZNA;3;20989171
CAH?T;MÊ¯CZYZNA;3;20989174
HEM BAHADUR;MÊ¯CZYZNA;3;20989177
EELI;MÊ¯CZYZNA;3;20989180
TIKHONI;MÊ¯CZYZNA;3;20989183
ªEVK?;MÊ¯CZYZNA;3;20989186
JERIC;MÊ¯CZYZNA;3;20989189
THE VINH;MÊ¯CZYZNA;3;20989192
KAMALDEEP SINGH;MÊ¯CZYZNA;3;20989195
WAYLON;MÊ¯CZYZNA;3;20989198
ALWYN;MÊ¯CZYZNA;3;20989201
MD IMAM;MÊ¯CZYZNA;3;20989204
MURTADA;MÊ¯CZYZNA;3;20989207
MAOSHENG;MÊ¯CZYZNA;3;20989210
DUC DANH;MÊ¯CZYZNA;3;20989213
SUFJAN;MÊ¯CZYZNA;3;20989216
DZIER¯YMIR;MÊ¯CZYZNA;3;20989219
AISEN;MÊ¯CZYZNA;3;20989222
XUEQI;MÊ¯CZYZNA;3;20989225
BERNOLD;MÊ¯CZYZNA;3;20989228
OBAIDULLAH;MÊ¯CZYZNA;3;20989231
WONIL;MÊ¯CZYZNA;3;20989234
NAJIMADDIN;MÊ¯CZYZNA;3;20989237
DARSONO;MÊ¯CZYZNA;3;20989240
QADIR;MÊ¯CZYZNA;3;20989243
ZIAUL;MÊ¯CZYZNA;3;20989246
ECHEZONA;MÊ¯CZYZNA;3;20989249
REDEN;MÊ¯CZYZNA;3;20989252
INOM;MÊ¯CZYZNA;3;20989255
DUNYAMALI;MÊ¯CZYZNA;3;20989258
CHANDRAMOHAN;MÊ¯CZYZNA;3;20989261
FENGJUN;MÊ¯CZYZNA;3;20989264
MILCHO;MÊ¯CZYZNA;3;20989267
HAI SON;MÊ¯CZYZNA;3;20989270
SULTONMUROD;MÊ¯CZYZNA;3;20989273
HIROTAKA;MÊ¯CZYZNA;3;20989276
ONOFRIO;MÊ¯CZYZNA;3;20989279
ZHILIANG;MÊ¯CZYZNA;3;20989282
QUANG TU?N;MÊ¯CZYZNA;3;20989285
OLIVERIO;MÊ¯CZYZNA;3;20989288
LUTEK;MÊ¯CZYZNA;3;20989291
BOKHODIRJON;MÊ¯CZYZNA;3;20989294
BONDARENKO;MÊ¯CZYZNA;3;20989297
MAHABUB;MÊ¯CZYZNA;3;20989300
CHIMAOBI;MÊ¯CZYZNA;3;20989303
BENJAMIM;MÊ¯CZYZNA;3;20989306
SANJEET;MÊ¯CZYZNA;3;20989309
KRYSTYIAN;MÊ¯CZYZNA;3;20989312
RYDER;MÊ¯CZYZNA;3;20989315
ULARBEK;MÊ¯CZYZNA;3;20989318
MTHABISI;MÊ¯CZYZNA;3;20989321
FEILONG;MÊ¯CZYZNA;3;20989324
JOSÉ MANUEL;MÊ¯CZYZNA;3;20989327
LUIZ FELIPE;MÊ¯CZYZNA;3;20989330
LIYING;MÊ¯CZYZNA;3;20989333
XIAOCHUAN;MÊ¯CZYZNA;3;20989336
DZHAVYD;MÊ¯CZYZNA;3;20989339
VANUSH;MÊ¯CZYZNA;3;20989342
BEGLARI;MÊ¯CZYZNA;3;20989345
CONG THANH;MÊ¯CZYZNA;3;20989348
GANAPATHY;MÊ¯CZYZNA;3;20989351
AMARJEET SINGH;MÊ¯CZYZNA;3;20989354
ELHANAN;MÊ¯CZYZNA;3;20989357
QUANG PHUC;MÊ¯CZYZNA;3;20989360
MARJANAS;MÊ¯CZYZNA;3;20989363
SAHAND;MÊ¯CZYZNA;3;20989366
MURALIDHARAN;MÊ¯CZYZNA;3;20989369
RAJEEV KUMAR;MÊ¯CZYZNA;3;20989372
ADELIN;MÊ¯CZYZNA;3;20989375
KYONG HO;MÊ¯CZYZNA;3;20989378
NAZ?F;MÊ¯CZYZNA;3;20989381
ANJAY;MÊ¯CZYZNA;3;20989384
KHURSANBEK;MÊ¯CZYZNA;3;20989387
ARVIND KUMAR;MÊ¯CZYZNA;3;20989390
VEERASWAMY;MÊ¯CZYZNA;3;20989393
TEOPILE;MÊ¯CZYZNA;3;20989396
HASSAIN;MÊ¯CZYZNA;3;20989399
HERIYANTO;MÊ¯CZYZNA;3;20989402
SHRIPAD;MÊ¯CZYZNA;3;20989405
MONJURUL;MÊ¯CZYZNA;3;20989408
EDHART;MÊ¯CZYZNA;3;20989411
BRUNTSOV;MÊ¯CZYZNA;3;20989414
FILIPAS;MÊ¯CZYZNA;3;20989417
NGOC LUONG;MÊ¯CZYZNA;3;20989420
POLIKARPOS;MÊ¯CZYZNA;3;20989423
HAI ANH;MÊ¯CZYZNA;3;20989426
HARIPRASAD;MÊ¯CZYZNA;3;20989429
CHENRUI;MÊ¯CZYZNA;3;20989432
MANJOT;MÊ¯CZYZNA;3;20989435
JIBILO;MÊ¯CZYZNA;3;20989438
ABDULELAH;MÊ¯CZYZNA;3;20989441
FRIEDER;MÊ¯CZYZNA;3;20989444
AUGUSTINUS;MÊ¯CZYZNA;3;20989447
SOGHOMON;MÊ¯CZYZNA;3;20989450
LOVRO;MÊ¯CZYZNA;3;20989453
LOUISE;MÊ¯CZYZNA;3;20989456
MUHAMMETALY;MÊ¯CZYZNA;3;20989459
RAGIN;MÊ¯CZYZNA;3;20989462
ARIUS;MÊ¯CZYZNA;3;20989465
ODOARDO;MÊ¯CZYZNA;3;20989468
OLMO;MÊ¯CZYZNA;3;20989471
MD JOYNAL;MÊ¯CZYZNA;3;20989474
ROISHAN;MÊ¯CZYZNA;3;20989477
BENOY;MÊ¯CZYZNA;3;20989480
AYYOUB;MÊ¯CZYZNA;3;20989483
DIDARUL;MÊ¯CZYZNA;3;20989486
KOSTOS;MÊ¯CZYZNA;3;20989489
PHI HUNG;MÊ¯CZYZNA;3;20989492
KASPJAN;MÊ¯CZYZNA;3;20989495
JUE;MÊ¯CZYZNA;3;20989498
TEJ BAHADUR;MÊ¯CZYZNA;3;20989501
ASKO;MÊ¯CZYZNA;3;20989504
DJALAL;MÊ¯CZYZNA;3;20989507
RUSTAMKHON;MÊ¯CZYZNA;3;20989510
DEONYSII;MÊ¯CZYZNA;3;20989513
MINSANG;MÊ¯CZYZNA;3;20989516
MAME;MÊ¯CZYZNA;3;20989519
LIGUANG;MÊ¯CZYZNA;3;20989522
SOMESWARA RAO;MÊ¯CZYZNA;3;20989525
GHALIB;MÊ¯CZYZNA;3;20989528
NEWMAN;MÊ¯CZYZNA;3;20989531
MD SHAFIQUL;MÊ¯CZYZNA;3;20989534
MECHASLAU;MÊ¯CZYZNA;3;20989537
AHMER;MÊ¯CZYZNA;3;20989540
MAXSIM;MÊ¯CZYZNA;3;20989543
DAMIIAN;MÊ¯CZYZNA;3;20989546
JASVINDER SINGH;MÊ¯CZYZNA;3;20989549
LEÓ;MÊ¯CZYZNA;3;20989552
BISHNU BAHADUR;MÊ¯CZYZNA;3;20989555
KARIN;MÊ¯CZYZNA;3;20989558
MEÈISLOVAS;MÊ¯CZYZNA;3;20989561
MAHAMUDUL;MÊ¯CZYZNA;3;20989564
SEUNG HUN;MÊ¯CZYZNA;3;20989567
D¯OCHAR;MÊ¯CZYZNA;3;20989570
BASHARAT;MÊ¯CZYZNA;3;20989573
SAIKOU;MÊ¯CZYZNA;3;20989576
DRUPAD;MÊ¯CZYZNA;3;20989579
UTKAN;MÊ¯CZYZNA;3;20989582
DANIJL;MÊ¯CZYZNA;3;20989585
LOURENS;MÊ¯CZYZNA;3;20989588
V?N LONG;MÊ¯CZYZNA;3;20989591
APURVA;MÊ¯CZYZNA;3;20989594
IZATULLO;MÊ¯CZYZNA;3;20989597
MUZAMIL;MÊ¯CZYZNA;3;20989600
PO-YU;MÊ¯CZYZNA;3;20989603
AMRILLO;MÊ¯CZYZNA;3;20989606
BERHAN;MÊ¯CZYZNA;3;20989609
IRAJ;MÊ¯CZYZNA;3;20989612
PANAJOTI;MÊ¯CZYZNA;3;20989615
KAISER;MÊ¯CZYZNA;3;20989618
ADRIN;MÊ¯CZYZNA;3;20989621
MAIRON;MÊ¯CZYZNA;3;20989624
HAYR?;MÊ¯CZYZNA;3;20989627
TRENT;MÊ¯CZYZNA;3;20989630
SOLIHIN;MÊ¯CZYZNA;3;20989633
CHENGWU;MÊ¯CZYZNA;3;20989636
RAFAU;MÊ¯CZYZNA;3;20989639
KADE;MÊ¯CZYZNA;3;20989642
RINTARO;MÊ¯CZYZNA;3;20989645
MORTIMER;MÊ¯CZYZNA;3;20989648
PIERRE-EMMANUEL;MÊ¯CZYZNA;3;20989651
WAHIB;MÊ¯CZYZNA;3;20989654
SHAKHRUKH;MÊ¯CZYZNA;3;20989657
HAIYU;MÊ¯CZYZNA;3;20989660
ZHASUR;MÊ¯CZYZNA;3;20989663
MAMAMZE;MÊ¯CZYZNA;3;20989666
DUVAN;MÊ¯CZYZNA;3;20989669
ATAM;MÊ¯CZYZNA;3;20989672
DETLEW;MÊ¯CZYZNA;3;20989675
RONAND;MÊ¯CZYZNA;3;20989678
GURJOT;MÊ¯CZYZNA;3;20989681
HONGQI;MÊ¯CZYZNA;3;20989684
PECE;MÊ¯CZYZNA;3;20989687
KOMILDZHON;MÊ¯CZYZNA;3;20989690
HAMI;MÊ¯CZYZNA;3;20989693
MIKKA;MÊ¯CZYZNA;3;20989696
BRAIS;MÊ¯CZYZNA;3;20989699
KYURI;MÊ¯CZYZNA;3;20989702
EDRICK;MÊ¯CZYZNA;3;20989705
KLEMENTII;MÊ¯CZYZNA;3;20989708
DOMINGO JR;MÊ¯CZYZNA;3;20989711
PUSHPARAJ;MÊ¯CZYZNA;3;20989714
TAªKIN;MÊ¯CZYZNA;3;20989717
SZAMIR;MÊ¯CZYZNA;3;20989720
FRAIM;MÊ¯CZYZNA;3;20989723
LEOMAR;MÊ¯CZYZNA;3;20989726
FLORII;MÊ¯CZYZNA;3;20989729
KHADI;MÊ¯CZYZNA;3;20989732
CESLAV;MÊ¯CZYZNA;3;20989735
DANIEL-;MÊ¯CZYZNA;3;20989738
SZAUL;MÊ¯CZYZNA;3;20989741
SADDEM;MÊ¯CZYZNA;3;20989744
NG?C LINH;MÊ¯CZYZNA;3;20989747
REMZO;MÊ¯CZYZNA;3;20989750
PUIU;MÊ¯CZYZNA;3;20989753
SAIDMAGOMED;MÊ¯CZYZNA;3;20989756
HARASYM;MÊ¯CZYZNA;3;20989759
SANJAY KUMAR;MÊ¯CZYZNA;3;20989762
YAGOR;MÊ¯CZYZNA;3;20989765
STEPHIN;MÊ¯CZYZNA;3;20989768
GEORGIE;MÊ¯CZYZNA;3;20989771
AIAN;MÊ¯CZYZNA;3;20989774
THANH LI?M;MÊ¯CZYZNA;3;20989777
SHOKHRUKHMIRZO;MÊ¯CZYZNA;3;20989780
HARNISH;MÊ¯CZYZNA;3;20989783
AL? RIZA;MÊ¯CZYZNA;3;20989786
THANH NHAN;MÊ¯CZYZNA;3;20989789
USMONALI;MÊ¯CZYZNA;3;20989792
YA?AR;MÊ¯CZYZNA;3;20989795
VIKRAMADITYA;MÊ¯CZYZNA;3;20989798
JAYASANKAR;MÊ¯CZYZNA;3;20989801
RANVIR;MÊ¯CZYZNA;3;20989804
YONGBING;MÊ¯CZYZNA;3;20989807
JINGZHONG;MÊ¯CZYZNA;3;20989810
ADWAIT;MÊ¯CZYZNA;3;20989813
TIMOTHE;MÊ¯CZYZNA;3;20989816
SAKIL;MÊ¯CZYZNA;3;20989819
EM?LS;MÊ¯CZYZNA;3;20989822
ROGERT;MÊ¯CZYZNA;3;20989825
LEJBUSZ;MÊ¯CZYZNA;3;20989828
MUNKO;MÊ¯CZYZNA;3;20989831
CASSIANO;MÊ¯CZYZNA;3;20989834
BARRON;MÊ¯CZYZNA;3;20989837
KOHKI;MÊ¯CZYZNA;3;20989840
HUU HUNG;MÊ¯CZYZNA;3;20989843
HOZAN;MÊ¯CZYZNA;3;20989846
TANG;MÊ¯CZYZNA;3;20989849
HINATA;MÊ¯CZYZNA;3;20989852
SANGEUN;MÊ¯CZYZNA;3;20989855
SULTONI;MÊ¯CZYZNA;3;20989858
JEAN MARC;MÊ¯CZYZNA;3;20989861
THANDOLWENKOSI;MÊ¯CZYZNA;3;20989864
KRIL;MÊ¯CZYZNA;3;20989867
DUC VUONG;MÊ¯CZYZNA;3;20989870
BARZIN;MÊ¯CZYZNA;3;20989873
TAPTIKH;MÊ¯CZYZNA;3;20989876
CHUNLIANG;MÊ¯CZYZNA;3;20989879
DACHENG;MÊ¯CZYZNA;3;20989882
BEKMUROD;MÊ¯CZYZNA;3;20989885
H?U TH?NG;MÊ¯CZYZNA;3;20989888
LAKSHMANAN;MÊ¯CZYZNA;3;20989891
DZHAFAR;MÊ¯CZYZNA;3;20989894
HOANG LINH;MÊ¯CZYZNA;3;20989897
REMIGIO;MÊ¯CZYZNA;3;20989900
PHARMAIL;MÊ¯CZYZNA;3;20989903
AYGÜN;MÊ¯CZYZNA;3;20989906
TUDOREL;MÊ¯CZYZNA;3;20989909
AJEESH KUMAR;MÊ¯CZYZNA;3;20989912
TANCREDI;MÊ¯CZYZNA;3;20989915
ISIN;MÊ¯CZYZNA;3;20989918
STIVENS;MÊ¯CZYZNA;3;20989921
CHEE;MÊ¯CZYZNA;3;20989924
BUDIYANTO;MÊ¯CZYZNA;3;20989927
ABDUNOSIR;MÊ¯CZYZNA;3;20989930
TULSI;MÊ¯CZYZNA;3;20989933
SUPRIYADI;MÊ¯CZYZNA;3;20989936
NOBLE;MÊ¯CZYZNA;3;20989939
ANTHONIO;MÊ¯CZYZNA;3;20989942
DONIER;MÊ¯CZYZNA;3;20989945
JEREMA;MÊ¯CZYZNA;3;20989948
YOUNGSOO;MÊ¯CZYZNA;3;20989951
SOICHIRO;MÊ¯CZYZNA;3;20989954
ÍVAR;MÊ¯CZYZNA;3;20989957
INAM;MÊ¯CZYZNA;3;20989960
KANAKA;MÊ¯CZYZNA;3;20989963
KHATIB;MÊ¯CZYZNA;3;20989966
DIVIN;MÊ¯CZYZNA;3;20989969
THANH TINH;MÊ¯CZYZNA;3;20989972
QUANG HAI;MÊ¯CZYZNA;3;20989975
VINCENTIUS;MÊ¯CZYZNA;3;20989978
SAIRAM;MÊ¯CZYZNA;3;20989981
AGHVAN;MÊ¯CZYZNA;3;20989984
ZIMO;MÊ¯CZYZNA;3;20989987
ARÜNAS;MÊ¯CZYZNA;3;20989990
ANGREJ;MÊ¯CZYZNA;3;20989993
RANJIT KUMAR;MÊ¯CZYZNA;3;20989996
CHOK;MÊ¯CZYZNA;3;20989999
SKARBOMIR;MÊ¯CZYZNA;3;20990002
YUCHUN;MÊ¯CZYZNA;3;20990005
JONES;MÊ¯CZYZNA;3;20990008
OZKAN;MÊ¯CZYZNA;3;20990011
YUSHENG;MÊ¯CZYZNA;3;20990014
TRANDAFIR;MÊ¯CZYZNA;3;20990017
JUNDE;MÊ¯CZYZNA;3;20990020
GENRIK;MÊ¯CZYZNA;3;20990023
FOLORUNSO;MÊ¯CZYZNA;3;20990026
YOSVEL;MÊ¯CZYZNA;3;20990029
SYAM KUMAR;MÊ¯CZYZNA;3;20990032
BERNABE;MÊ¯CZYZNA;3;20990035
JONGSU;MÊ¯CZYZNA;3;20990038
HALIL IBRAHIM;MÊ¯CZYZNA;3;20990041
DZIER¯YKRAJ;MÊ¯CZYZNA;3;20990044
QUYET THANG;MÊ¯CZYZNA;3;20990047
KHIEM;MÊ¯CZYZNA;3;20990050
RAMANDEEP SINGH;MÊ¯CZYZNA;3;20990053
RAJPAL;MÊ¯CZYZNA;3;20990056
SEUNGKYU;MÊ¯CZYZNA;3;20990059
ADELEKE;MÊ¯CZYZNA;3;20990062
KAGAN;MÊ¯CZYZNA;3;20990065
SHENGLIN;MÊ¯CZYZNA;3;20990068
AROMAL;MÊ¯CZYZNA;3;20990071
SHANAZAR;MÊ¯CZYZNA;3;20990074
DIWAS;MÊ¯CZYZNA;3;20990077
SAYANTAN;MÊ¯CZYZNA;3;20990080
RAVN;MÊ¯CZYZNA;3;20990083
ZHENTAO;MÊ¯CZYZNA;3;20990086
ONOME;MÊ¯CZYZNA;3;20990089
BAT-ORGIL;MÊ¯CZYZNA;3;20990092
PRIMO;MÊ¯CZYZNA;3;20990095
VUI;MÊ¯CZYZNA;3;20990098
JAMIN;MÊ¯CZYZNA;3;20990101
DILSHAT;MÊ¯CZYZNA;3;20990104
??C DUY;MÊ¯CZYZNA;3;20990107
TRILOK;MÊ¯CZYZNA;3;20990110
RAMEEZ;MÊ¯CZYZNA;3;20990113
ROMIT;MÊ¯CZYZNA;3;20990116
ARAGON;MÊ¯CZYZNA;3;20990119
VINICIO;MÊ¯CZYZNA;3;20990122
ALIKS;MÊ¯CZYZNA;3;20990125
DZHAVAD;MÊ¯CZYZNA;3;20990128
MAXIMILJAN;MÊ¯CZYZNA;3;20990131
FLORIANO;MÊ¯CZYZNA;3;20990134
KUKUH;MÊ¯CZYZNA;3;20990137
WITHOLD;MÊ¯CZYZNA;3;20990140
AMY;MÊ¯CZYZNA;3;20990143
VINCENCO;MÊ¯CZYZNA;3;20990146
MUHIBULLAH;MÊ¯CZYZNA;3;20990149
DJAMOL;MÊ¯CZYZNA;3;20990152
PRIDE;MÊ¯CZYZNA;3;20990155
MSTSISLAU;MÊ¯CZYZNA;3;20990158
SUNATULLA;MÊ¯CZYZNA;3;20990161
SEHOON;MÊ¯CZYZNA;3;20990164
QURBONALI;MÊ¯CZYZNA;3;20990167
LADISLAW;MÊ¯CZYZNA;3;20990170
RACHEL;MÊ¯CZYZNA;3;20990173
MUKHAMMADSAID;MÊ¯CZYZNA;3;20990176
MOSLEM;MÊ¯CZYZNA;3;20990179
SHAMSUDI;MÊ¯CZYZNA;3;20990182
PARAMJEET;MÊ¯CZYZNA;3;20990185
KHANAKHMED;MÊ¯CZYZNA;3;20990188
EDMONDO;MÊ¯CZYZNA;3;20990191
MANNAN;MÊ¯CZYZNA;3;20990194
IVAN-YAROSLAV;MÊ¯CZYZNA;3;20990197
OKIL;MÊ¯CZYZNA;3;20990200
SEUNGBIN;MÊ¯CZYZNA;3;20990203
TAMIL;MÊ¯CZYZNA;3;20990206
SEO;MÊ¯CZYZNA;3;20990209
POLAN;MÊ¯CZYZNA;3;20990212
ªEVKI;MÊ¯CZYZNA;3;20990215
KHARIS;MÊ¯CZYZNA;3;20990218
KEVORK;MÊ¯CZYZNA;3;20990221
SHINTO;MÊ¯CZYZNA;3;20990224
GERASIME;MÊ¯CZYZNA;3;20990227
RAMONCITO;MÊ¯CZYZNA;3;20990230
STIPE;MÊ¯CZYZNA;3;20990233
BATAL;MÊ¯CZYZNA;3;20990236
NIKOLO;MÊ¯CZYZNA;3;20990239
ATTICUS;MÊ¯CZYZNA;3;20990242
ZISHUO;MÊ¯CZYZNA;3;20990245
JITENDRA KUMAR;MÊ¯CZYZNA;3;20990248
IRWAN;MÊ¯CZYZNA;3;20990251
DIKI;MÊ¯CZYZNA;3;20990254
QU?C ??T;MÊ¯CZYZNA;3;20990257
BUI;MÊ¯CZYZNA;3;20990260
JEAN MICHEL;MÊ¯CZYZNA;3;20990263
SORA;MÊ¯CZYZNA;3;20990266
KASI;MÊ¯CZYZNA;3;20990269
CABIR;MÊ¯CZYZNA;3;20990272
SHADRACH;MÊ¯CZYZNA;3;20990275
MURTHY;MÊ¯CZYZNA;3;20990278
KH?C HI?U;MÊ¯CZYZNA;3;20990281
CHANGJIANG;MÊ¯CZYZNA;3;20990284
VAN KY;MÊ¯CZYZNA;3;20990287
LOVEMORE;MÊ¯CZYZNA;3;20990290
MOBARAK;MÊ¯CZYZNA;3;20990293
MERTKAN;MÊ¯CZYZNA;3;20990296
MÍCHEÁL;MÊ¯CZYZNA;3;20990299
OLEKSIIY;MÊ¯CZYZNA;3;20990302
DILJITH;MÊ¯CZYZNA;3;20990305
HYUNCHANG;MÊ¯CZYZNA;3;20990308
ALISTAR;MÊ¯CZYZNA;3;20990311
ZONGJUN;MÊ¯CZYZNA;3;20990314
LEOR;MÊ¯CZYZNA;3;20990317
DARYA;MÊ¯CZYZNA;3;20990320
ABGAR;MÊ¯CZYZNA;3;20990323
AIDARKHAN;MÊ¯CZYZNA;3;20990326
SUYANTO;MÊ¯CZYZNA;3;20990329
SABU;MÊ¯CZYZNA;3;20990332
GIZAT;MÊ¯CZYZNA;3;20990335
TUNAY;MÊ¯CZYZNA;3;20990338
KYRULO;MÊ¯CZYZNA;3;20990341
FODE;MÊ¯CZYZNA;3;20990344
BA NGOC;MÊ¯CZYZNA;3;20990347
TAEWOONG;MÊ¯CZYZNA;3;20990350
TYMOFEY;MÊ¯CZYZNA;3;20990353
NILE;MÊ¯CZYZNA;3;20990356
MARCO ALEXANDRE;MÊ¯CZYZNA;3;20990359
PRZEMI£;MÊ¯CZYZNA;3;20990362
DZHALAL;MÊ¯CZYZNA;3;20990365
MD ABDULLAH AL;MÊ¯CZYZNA;3;20990368
YOSHINOBU;MÊ¯CZYZNA;3;20990371
GRECJAN;MÊ¯CZYZNA;3;20990374
SEVKET;MÊ¯CZYZNA;3;20990377
TOM?S;MÊ¯CZYZNA;3;20990380
RUKMAN;MÊ¯CZYZNA;3;20990383
HONG QUAN;MÊ¯CZYZNA;3;20990386
TAOUFIQ;MÊ¯CZYZNA;3;20990389
BARTHELEMY;MÊ¯CZYZNA;3;20990392
KAUSIK;MÊ¯CZYZNA;3;20990395
VANGELIS;MÊ¯CZYZNA;3;20990398
JAEJUN;MÊ¯CZYZNA;3;20990401
IRIAN;MÊ¯CZYZNA;3;20990404
DIAB;MÊ¯CZYZNA;3;20990407
YONGWU;MÊ¯CZYZNA;3;20990410
D¯EFREJ;MÊ¯CZYZNA;3;20990413
ABDULRAZAQ;MÊ¯CZYZNA;3;20990416
TZLIL;MÊ¯CZYZNA;3;20990419
APGAN;MÊ¯CZYZNA;3;20990422
GIOVANNY;MÊ¯CZYZNA;3;20990425
MIROLJUB;MÊ¯CZYZNA;3;20990428
ALI REZA;MÊ¯CZYZNA;3;20990431
MAVLONKHON;MÊ¯CZYZNA;3;20990434
MATYÁS;MÊ¯CZYZNA;3;20990437
YAOHUI;MÊ¯CZYZNA;3;20990440
BHESH;MÊ¯CZYZNA;3;20990443
DONGLEI;MÊ¯CZYZNA;3;20990446
KAPITON;MÊ¯CZYZNA;3;20990449
DMYTR;MÊ¯CZYZNA;3;20990452
TURAJ;MÊ¯CZYZNA;3;20990455
INWOO;MÊ¯CZYZNA;3;20990458
ABDELHAQ;MÊ¯CZYZNA;3;20990461
HEMI;MÊ¯CZYZNA;3;20990464
GLOIRE;MÊ¯CZYZNA;3;20990467
MEKONNEN;MÊ¯CZYZNA;3;20990470
VÃN S?;MÊ¯CZYZNA;3;20990473
EISA;MÊ¯CZYZNA;3;20990476
MESBAH;MÊ¯CZYZNA;3;20990479
HONGQIANG;MÊ¯CZYZNA;3;20990482
YURAN;MÊ¯CZYZNA;3;20990485
KIYOUNG;MÊ¯CZYZNA;3;20990488
HAFEEZ;MÊ¯CZYZNA;3;20990491
VARAZI;MÊ¯CZYZNA;3;20990494
DUC TAI;MÊ¯CZYZNA;3;20990497
FRANSISKUS;MÊ¯CZYZNA;3;20990500
MERVYN;MÊ¯CZYZNA;3;20990503
LECHARD;MÊ¯CZYZNA;3;20990506
IGA;MÊ¯CZYZNA;3;20990509
V?N QUANG;MÊ¯CZYZNA;3;20990512
GUAN;MÊ¯CZYZNA;3;20990515
BOHGAN;MÊ¯CZYZNA;3;20990518
GUANHUA;MÊ¯CZYZNA;3;20990521
WA£ERIJ;MÊ¯CZYZNA;3;20990524
REY ANTHONY;MÊ¯CZYZNA;3;20990527
WENCESLAO;MÊ¯CZYZNA;3;20990530
EMERIK;MÊ¯CZYZNA;3;20990533
TENGER;MÊ¯CZYZNA;3;20990536
MAHMOD;MÊ¯CZYZNA;3;20990539
MARADONA;MÊ¯CZYZNA;3;20990542
MIRANDO;MÊ¯CZYZNA;3;20990545
PJOTRS;MÊ¯CZYZNA;3;20990548
MD NAZMUL;MÊ¯CZYZNA;3;20990551
EGECAN;MÊ¯CZYZNA;3;20990554
THIERNO;MÊ¯CZYZNA;3;20990557
YIANNIS;MÊ¯CZYZNA;3;20990560
OKROPIR;MÊ¯CZYZNA;3;20990563
YILIANG;MÊ¯CZYZNA;3;20990566
RAMIZJON;MÊ¯CZYZNA;3;20990569
SUNGSOO;MÊ¯CZYZNA;3;20990572
CHUNLONG;MÊ¯CZYZNA;3;20990575
VENERANDO;MÊ¯CZYZNA;3;20990578
SAA;MÊ¯CZYZNA;3;20990581
KINAM;MÊ¯CZYZNA;3;20990584
RASHEL;MÊ¯CZYZNA;3;20990587
CHANGCHUN;MÊ¯CZYZNA;3;20990590
MUKTI;MÊ¯CZYZNA;3;20990593
JONGWOO;MÊ¯CZYZNA;3;20990596
AMZA;MÊ¯CZYZNA;3;20990599
KHALILILLO;MÊ¯CZYZNA;3;20990602
ONURALP;MÊ¯CZYZNA;3;20990605
MYEONGHUN;MÊ¯CZYZNA;3;20990608
ZEHAO;MÊ¯CZYZNA;3;20990611
EIGIL;MÊ¯CZYZNA;3;20990614
DELI;MÊ¯CZYZNA;3;20990617
ITSCHAK;MÊ¯CZYZNA;3;20990620
LUKMON;MÊ¯CZYZNA;3;20990623
DYMYTRIAN;MÊ¯CZYZNA;3;20990626
PAVAN KUMAR;MÊ¯CZYZNA;3;20990629
MERWAN;MÊ¯CZYZNA;3;20990632
NAITIK;MÊ¯CZYZNA;3;20990635
ALDWIN;MÊ¯CZYZNA;3;20990638
NEMATZHAN;MÊ¯CZYZNA;3;20990641
MINH DUY;MÊ¯CZYZNA;3;20990644
UMUR;MÊ¯CZYZNA;3;20990647
KHACHYK;MÊ¯CZYZNA;3;20990650
NGOC HA;MÊ¯CZYZNA;3;20990653
ANTHONIE;MÊ¯CZYZNA;3;20990656
FRANTIEK;MÊ¯CZYZNA;3;20990659
REYAANSH;MÊ¯CZYZNA;3;20990662
OL?VER;MÊ¯CZYZNA;3;20990665
YUNTAO;MÊ¯CZYZNA;3;20990668
VELIKHAN;MÊ¯CZYZNA;3;20990671
CHRISTODOULOS;MÊ¯CZYZNA;3;20990674
GREGORIO JR.;MÊ¯CZYZNA;3;20990677
SHI;MÊ¯CZYZNA;3;20990680
VAN TAM;MÊ¯CZYZNA;3;20990683
BAGDASAR;MÊ¯CZYZNA;3;20990686
SHIRZAD;MÊ¯CZYZNA;3;20990689
ERD?;MÊ¯CZYZNA;3;20990692
GHEORGHE-CRISTIAN;MÊ¯CZYZNA;3;20990695
JAGTAR SINGH;MÊ¯CZYZNA;3;20990698
YOULIAN;MÊ¯CZYZNA;3;20990701
MAHAMAD;MÊ¯CZYZNA;3;20990704
SAKARI;MÊ¯CZYZNA;3;20990707
FLORENTINO JR.;MÊ¯CZYZNA;3;20990710
MD SAIF;MÊ¯CZYZNA;3;20990713
ANUP KUMAR;MÊ¯CZYZNA;3;20990716
FAKHRAT;MÊ¯CZYZNA;3;20990719
CAIQUE;MÊ¯CZYZNA;3;20990722
JIANLI;MÊ¯CZYZNA;3;20990725
TRISTEN;MÊ¯CZYZNA;3;20990728
SANTIANO;MÊ¯CZYZNA;3;20990731
HASIBULLAH;MÊ¯CZYZNA;3;20990734
SHAGEN;MÊ¯CZYZNA;3;20990737
SHAOCHEN;MÊ¯CZYZNA;3;20990740
VAN BAC;MÊ¯CZYZNA;3;20990743
BORYSLAW;MÊ¯CZYZNA;3;20990746
JEFRI;MÊ¯CZYZNA;3;20990749
ADIT;MÊ¯CZYZNA;3;20990752
AITBEK;MÊ¯CZYZNA;3;20990755
FEDI;MÊ¯CZYZNA;3;20990758
GEFEN;MÊ¯CZYZNA;3;20990761
TAKEHIKO;MÊ¯CZYZNA;3;20990764
VIKTR;MÊ¯CZYZNA;3;20990767
HABOR;MÊ¯CZYZNA;3;20990770
VENKATESHWARAN;MÊ¯CZYZNA;3;20990773
ANASTASIA;MÊ¯CZYZNA;3;20990776
DHRUMIL;MÊ¯CZYZNA;3;20990779
SENG;MÊ¯CZYZNA;3;20990782
JAESEOK;MÊ¯CZYZNA;3;20990785
JINGFU;MÊ¯CZYZNA;3;20990788
SHIRZAT;MÊ¯CZYZNA;3;20990791
ROSALIM;MÊ¯CZYZNA;3;20990794
NURUDEEN;MÊ¯CZYZNA;3;20990797
APPANNA;MÊ¯CZYZNA;3;20990800
DEJVID;MÊ¯CZYZNA;3;20990803
NAD?R;MÊ¯CZYZNA;3;20990806
DOI;MÊ¯CZYZNA;3;20990809
SYLWERIO;MÊ¯CZYZNA;3;20990812
UJJAL;MÊ¯CZYZNA;3;20990815
ATILIO;MÊ¯CZYZNA;3;20990818
LAURITZ;MÊ¯CZYZNA;3;20990821
MAHFUD;MÊ¯CZYZNA;3;20990824
ALVISE;MÊ¯CZYZNA;3;20990827
SHYAM BAHADUR;MÊ¯CZYZNA;3;20990830
SVJATOSLAVS;MÊ¯CZYZNA;3;20990833
SHANDER;MÊ¯CZYZNA;3;20990836
OWAIN;MÊ¯CZYZNA;3;20990839
LEONIDA;MÊ¯CZYZNA;3;20990842
NGÔ;MÊ¯CZYZNA;3;20990845
EURENIUSZ;MÊ¯CZYZNA;3;20990848
TEOTYM;MÊ¯CZYZNA;3;20990851
AAMER;MÊ¯CZYZNA;3;20990854
YULIANG;MÊ¯CZYZNA;3;20990857
THE CUONG;MÊ¯CZYZNA;3;20990860
LIVIUS;MÊ¯CZYZNA;3;20990863
ZULFIKAR;MÊ¯CZYZNA;3;20990866
PRATISH;MÊ¯CZYZNA;3;20990869
MIRZIYOD;MÊ¯CZYZNA;3;20990872
ARLINDO;MÊ¯CZYZNA;3;20990875
RAMESH BAHADUR;MÊ¯CZYZNA;3;20990878
JONG IL;MÊ¯CZYZNA;3;20990881
GENARO;MÊ¯CZYZNA;3;20990884
XINLONG;MÊ¯CZYZNA;3;20990887
WINNER;MÊ¯CZYZNA;3;20990890
YIXIANG;MÊ¯CZYZNA;3;20990893
QURBON;MÊ¯CZYZNA;3;20990896
NIRAJ KUMAR;MÊ¯CZYZNA;3;20990899
TEIRAN;MÊ¯CZYZNA;3;20990902
JURAEV;MÊ¯CZYZNA;3;20990905
SADEKUL;MÊ¯CZYZNA;3;20990908
RYOJI;MÊ¯CZYZNA;3;20990911
TONGZHOU;MÊ¯CZYZNA;3;20990914
SHENGLONG;MÊ¯CZYZNA;3;20990917
ZHONGXIANG;MÊ¯CZYZNA;3;20990920
TSVETELIN;MÊ¯CZYZNA;3;20990923
ALAATT?N;MÊ¯CZYZNA;3;20990926
NENKO;MÊ¯CZYZNA;3;20990929
NGOC HUY;MÊ¯CZYZNA;3;20990932
ATUL KUMAR;MÊ¯CZYZNA;3;20990935
NIMESH;MÊ¯CZYZNA;3;20990938
KHALIM;MÊ¯CZYZNA;3;20990941
SHUDONG;MÊ¯CZYZNA;3;20990944
G?EBS;MÊ¯CZYZNA;3;20990947
SANG SU;MÊ¯CZYZNA;3;20990950
SHIJI;MÊ¯CZYZNA;3;20990953
KUAN-YU;MÊ¯CZYZNA;3;20990956
STANISLAVO;MÊ¯CZYZNA;3;20990959
IMTIYAJ;MÊ¯CZYZNA;3;20990962
LI-WEI;MÊ¯CZYZNA;3;20990965
CHUNLEI;MÊ¯CZYZNA;3;20990968
RAJBIR SINGH;MÊ¯CZYZNA;3;20990971
KADA;MÊ¯CZYZNA;3;20990974
AMZAD;MÊ¯CZYZNA;3;20990977
DUC TIEN;MÊ¯CZYZNA;3;20990980
JONGMAN;MÊ¯CZYZNA;3;20990983
VAN DAN;MÊ¯CZYZNA;3;20990986
MAMET;MÊ¯CZYZNA;3;20990989
ZHENJIANG;MÊ¯CZYZNA;3;20990992
BINAYAK;MÊ¯CZYZNA;3;20990995
SUTARNO;MÊ¯CZYZNA;3;20990998
SEROB;MÊ¯CZYZNA;3;20991001
QUY?N;MÊ¯CZYZNA;3;20991004
IRAM;MÊ¯CZYZNA;3;20991007
YONGHUI;MÊ¯CZYZNA;3;20991010
ELMEHDI;MÊ¯CZYZNA;3;20991013
ABHINANDAN;MÊ¯CZYZNA;3;20991016
MASAYOSHI;MÊ¯CZYZNA;3;20991019
BORNO;MÊ¯CZYZNA;3;20991022
JAROD;MÊ¯CZYZNA;3;20991025
NEBIYU;MÊ¯CZYZNA;3;20991028
BILAN;MÊ¯CZYZNA;3;20991031
JONARD;MÊ¯CZYZNA;3;20991034
HASTA;MÊ¯CZYZNA;3;20991037
JENER;MÊ¯CZYZNA;3;20991040
JINS;MÊ¯CZYZNA;3;20991043
OLUBUNMI;MÊ¯CZYZNA;3;20991046
NEAZI;MÊ¯CZYZNA;3;20991049
BEDROS;MÊ¯CZYZNA;3;20991052
ANI;MÊ¯CZYZNA;3;20991055
QINGQUAN;MÊ¯CZYZNA;3;20991058
TYT;MÊ¯CZYZNA;3;20991061
AVIRAJ;MÊ¯CZYZNA;3;20991064
MIMMO;MÊ¯CZYZNA;3;20991067
JALEN;MÊ¯CZYZNA;3;20991070
MD KAWSAR;MÊ¯CZYZNA;3;20991073
LIWEN;MÊ¯CZYZNA;3;20991076
GIOWANNI;MÊ¯CZYZNA;3;20991079
ZHIYANG;MÊ¯CZYZNA;3;20991082
ROMIL;MÊ¯CZYZNA;3;20991085
YUSMEN;MÊ¯CZYZNA;3;20991088
CHAOWEI;MÊ¯CZYZNA;3;20991091
BLAGOY;MÊ¯CZYZNA;3;20991094
SALAMA;MÊ¯CZYZNA;3;20991097
RAVINDRAN;MÊ¯CZYZNA;3;20991100
HO?NG HI?P;MÊ¯CZYZNA;3;20991103
GENG;MÊ¯CZYZNA;3;20991106
WADIE;MÊ¯CZYZNA;3;20991109
MINH PHU;MÊ¯CZYZNA;3;20991112
MIHÃITÃ;MÊ¯CZYZNA;3;20991115
FREEMAN;MÊ¯CZYZNA;3;20991118
ANDREI-IULIAN;MÊ¯CZYZNA;3;20991121
YIFENG;MÊ¯CZYZNA;3;20991124
KAMALDEEP;MÊ¯CZYZNA;3;20991127
MATIC;MÊ¯CZYZNA;3;20991130
YUVAN;MÊ¯CZYZNA;3;20991133
WENQIANG;MÊ¯CZYZNA;3;20991136
STEF;MÊ¯CZYZNA;3;20991139
MEHRAB;MÊ¯CZYZNA;3;20991142
MURTADHA;MÊ¯CZYZNA;3;20991145
AMAR BAHADUR;MÊ¯CZYZNA;3;20991148
LADISLAS;MÊ¯CZYZNA;3;20991151
UNUBOLD;MÊ¯CZYZNA;3;20991154
HAVAL;MÊ¯CZYZNA;3;20991157
NIEL;MÊ¯CZYZNA;3;20991160
CHRISTIANUS;MÊ¯CZYZNA;3;20991163
BAOMIN;MÊ¯CZYZNA;3;20991166
CHABUKA;MÊ¯CZYZNA;3;20991169
BEKMURAT;MÊ¯CZYZNA;3;20991172
MAGARRAM;MÊ¯CZYZNA;3;20991175
NEMATILLO;MÊ¯CZYZNA;3;20991178
YAREMCHUK;MÊ¯CZYZNA;3;20991181
ANDAÇ;MÊ¯CZYZNA;3;20991184
CHIEDOZIE;MÊ¯CZYZNA;3;20991187
GIAN PAOLO;MÊ¯CZYZNA;3;20991190
SHIHAO;MÊ¯CZYZNA;3;20991193
GAMBHIR;MÊ¯CZYZNA;3;20991196
DRAGI;MÊ¯CZYZNA;3;20991199
HAOYUAN;MÊ¯CZYZNA;3;20991202
LORENSO;MÊ¯CZYZNA;3;20991205
LIBO;MÊ¯CZYZNA;3;20991208
KHASANKHON;MÊ¯CZYZNA;3;20991211
STAWRE;MÊ¯CZYZNA;3;20991214
JASHAR;MÊ¯CZYZNA;3;20991217
MIHINDUKULASOORIYA;MÊ¯CZYZNA;3;20991220
TIMOTHEOS;MÊ¯CZYZNA;3;20991223
KOUIDER;MÊ¯CZYZNA;3;20991226
LAKSHMANA;MÊ¯CZYZNA;3;20991229
MINGSHENG;MÊ¯CZYZNA;3;20991232
SANGWOOK;MÊ¯CZYZNA;3;20991235
STEFFIN;MÊ¯CZYZNA;3;20991238
GANESH BAHADUR;MÊ¯CZYZNA;3;20991241
AL-AMIN;MÊ¯CZYZNA;3;20991244
CHUAN;MÊ¯CZYZNA;3;20991247
PAVLO-BOHDAN;MÊ¯CZYZNA;3;20991250
BATYRBEK;MÊ¯CZYZNA;3;20991253
WARRICK;MÊ¯CZYZNA;3;20991256
MATTHEW JAMES;MÊ¯CZYZNA;3;20991259
DJONI;MÊ¯CZYZNA;3;20991262
NAM CAO;MÊ¯CZYZNA;3;20991265
MAINAK;MÊ¯CZYZNA;3;20991268
TI?N T?NG;MÊ¯CZYZNA;3;20991271
MON;MÊ¯CZYZNA;3;20991274
ALLAH;MÊ¯CZYZNA;3;20991277
JEAN-NOËL;MÊ¯CZYZNA;3;20991280
SADULLO;MÊ¯CZYZNA;3;20991283
IONUÞ-COSMIN;MÊ¯CZYZNA;3;20991286
REZKI;MÊ¯CZYZNA;3;20991289
BRUNNO;MÊ¯CZYZNA;3;20991292
RAYN;MÊ¯CZYZNA;3;20991295
ANKER;MÊ¯CZYZNA;3;20991298
SANJEEB;MÊ¯CZYZNA;3;20991301
RIYAS;MÊ¯CZYZNA;3;20991304
PRADEEPKUMAR;MÊ¯CZYZNA;3;20991307
ROVIN;MÊ¯CZYZNA;3;20991310
NOSHREVANI;MÊ¯CZYZNA;3;20991313
VIET CUONG;MÊ¯CZYZNA;3;20991316
KARUNAKAR;MÊ¯CZYZNA;3;20991319
TADESSE;MÊ¯CZYZNA;3;20991322
NOCHIM;MÊ¯CZYZNA;3;20991325
ERENEUSZ;MÊ¯CZYZNA;3;20991328
RASHIDBEK;MÊ¯CZYZNA;3;20991331
NEILL;MÊ¯CZYZNA;3;20991334
NOBUTAKA;MÊ¯CZYZNA;3;20991337
TRONG QUYEN;MÊ¯CZYZNA;3;20991340
DUY HAI;MÊ¯CZYZNA;3;20991343
TENKIZ;MÊ¯CZYZNA;3;20991346
BAOCHENG;MÊ¯CZYZNA;3;20991349
VENKO;MÊ¯CZYZNA;3;20991352
OLIMPIU;MÊ¯CZYZNA;3;20991355
GÜRDAL;MÊ¯CZYZNA;3;20991358
YSLAM;MÊ¯CZYZNA;3;20991361
MOJSZA;MÊ¯CZYZNA;3;20991364
SELMO;MÊ¯CZYZNA;3;20991367
GARRICK;MÊ¯CZYZNA;3;20991370
NURMUKHAMMED;MÊ¯CZYZNA;3;20991373
SITAL;MÊ¯CZYZNA;3;20991376
V?N TRUNG;MÊ¯CZYZNA;3;20991379
ZOIA;MÊ¯CZYZNA;3;20991382
LIE;MÊ¯CZYZNA;3;20991385
JUANSHERI;MÊ¯CZYZNA;3;20991388
XIANGFENG;MÊ¯CZYZNA;3;20991391
AMIRSHO;MÊ¯CZYZNA;3;20991394
SEKHAR;MÊ¯CZYZNA;3;20991397
JESUEL;MÊ¯CZYZNA;3;20991400
LEONARDAS;MÊ¯CZYZNA;3;20991403
MIAKHDI;MÊ¯CZYZNA;3;20991406
MD RAJU;MÊ¯CZYZNA;3;20991409
NURBERDI;MÊ¯CZYZNA;3;20991412
AVDULAH;MÊ¯CZYZNA;3;20991415
BABOO;MÊ¯CZYZNA;3;20991418
KIANAN;MÊ¯CZYZNA;3;20991421
DINH TAN;MÊ¯CZYZNA;3;20991424
CLAUDIU-MARIAN;MÊ¯CZYZNA;3;20991427
KARTICK;MÊ¯CZYZNA;3;20991430
XUEWEN;MÊ¯CZYZNA;3;20991433
JARKO;MÊ¯CZYZNA;3;20991436
XUAN TUAN;MÊ¯CZYZNA;3;20991439
NAWAB;MÊ¯CZYZNA;3;20991442
ABDULQADER;MÊ¯CZYZNA;3;20991445
XUAN TINH;MÊ¯CZYZNA;3;20991448
DZHAMALAY;MÊ¯CZYZNA;3;20991451
LIPA;MÊ¯CZYZNA;3;20991454
SELAHATIN;MÊ¯CZYZNA;3;20991457
VIROJ;MÊ¯CZYZNA;3;20991460
TI?N ??T;MÊ¯CZYZNA;3;20991463
YUNJAE;MÊ¯CZYZNA;3;20991466
WANCHUN;MÊ¯CZYZNA;3;20991469
MULATU;MÊ¯CZYZNA;3;20991472
ERLING;MÊ¯CZYZNA;3;20991475
MICKE;MÊ¯CZYZNA;3;20991478
NI£;MÊ¯CZYZNA;3;20991481
PËRPARIM;MÊ¯CZYZNA;3;20991484
MUBARYZ;MÊ¯CZYZNA;3;20991487
SOJI;MÊ¯CZYZNA;3;20991490
TIBERIO;MÊ¯CZYZNA;3;20991493
THANASIS;MÊ¯CZYZNA;3;20991496
ALKHAS;MÊ¯CZYZNA;3;20991499
THANH HUY;MÊ¯CZYZNA;3;20991502
MAKHARAM;MÊ¯CZYZNA;3;20991505
RAPAIL;MÊ¯CZYZNA;3;20991508
ADEMAR;MÊ¯CZYZNA;3;20991511
YALONG;MÊ¯CZYZNA;3;20991514
YASMANY;MÊ¯CZYZNA;3;20991517
SOCHIMA;MÊ¯CZYZNA;3;20991520
AMADOR;MÊ¯CZYZNA;3;20991523
JAKOUB;MÊ¯CZYZNA;3;20991526
THE PHONG;MÊ¯CZYZNA;3;20991529
TAIRON;MÊ¯CZYZNA;3;20991532
VIJAYAKUMAR;MÊ¯CZYZNA;3;20991535
SUDIN;MÊ¯CZYZNA;3;20991538
FURKATJON;MÊ¯CZYZNA;3;20991541
GURBIR;MÊ¯CZYZNA;3;20991544
KARMVEER;MÊ¯CZYZNA;3;20991547
RADYM;MÊ¯CZYZNA;3;20991550
SANGBAEK;MÊ¯CZYZNA;3;20991553
YUTAO;MÊ¯CZYZNA;3;20991556
IVRII;MÊ¯CZYZNA;3;20991559
HONGJIAN;MÊ¯CZYZNA;3;20991562
SHAKHISMAIL;MÊ¯CZYZNA;3;20991565
ÖNER;MÊ¯CZYZNA;3;20991568
SHAMU;MÊ¯CZYZNA;3;20991571
SHINTARO;MÊ¯CZYZNA;3;20991574
VOLODYYMYR;MÊ¯CZYZNA;3;20991577
??C;MÊ¯CZYZNA;3;20991580
REUGENIUSZ;MÊ¯CZYZNA;3;20991583
VLADIMIRO;MÊ¯CZYZNA;3;20991586
YONGJIA;MÊ¯CZYZNA;3;20991589
NARASINGA;MÊ¯CZYZNA;3;20991592
HUSANBOY;MÊ¯CZYZNA;3;20991595
SARDORJON;MÊ¯CZYZNA;3;20991598
LANDO;MÊ¯CZYZNA;3;20991601
MARIC;MÊ¯CZYZNA;3;20991604
ROGER JR.;MÊ¯CZYZNA;3;20991607
LIVINUS;MÊ¯CZYZNA;3;20991610
AKSHAJ;MÊ¯CZYZNA;3;20991613
JAMISON;MÊ¯CZYZNA;3;20991616
DINH TUYEN;MÊ¯CZYZNA;3;20991619
JONG WON;MÊ¯CZYZNA;3;20991622
ALTANSHAGAI;MÊ¯CZYZNA;3;20991625
JAFFAR;MÊ¯CZYZNA;3;20991628
SAJFULLA;MÊ¯CZYZNA;3;20991631
NGOC THIEN;MÊ¯CZYZNA;3;20991634
RUSLANA;MÊ¯CZYZNA;3;20991637
SHENGBIN;MÊ¯CZYZNA;3;20991640
ABDOULIE;MÊ¯CZYZNA;3;20991643
ENKHBAT;MÊ¯CZYZNA;3;20991646
RUNZE;MÊ¯CZYZNA;3;20991649
NIEK;MÊ¯CZYZNA;3;20991652
MAURELIUSZ;MÊ¯CZYZNA;3;20991655
WEITAO;MÊ¯CZYZNA;3;20991658
SAMAEL;MÊ¯CZYZNA;3;20991661
GABRÍEL;MÊ¯CZYZNA;3;20991664
SEYD?;MÊ¯CZYZNA;3;20991667
GERBER;MÊ¯CZYZNA;3;20991670
WEICHAO;MÊ¯CZYZNA;3;20991673
ZEMIR;MÊ¯CZYZNA;3;20991676
MASTER;MÊ¯CZYZNA;3;20991679
??C TH?NG;MÊ¯CZYZNA;3;20991682
MUSLIMJON;MÊ¯CZYZNA;3;20991685
YBRAYYM;MÊ¯CZYZNA;3;20991688
YOUNGHOON;MÊ¯CZYZNA;3;20991691
NARAIN;MÊ¯CZYZNA;3;20991694
ADAMYA;MÊ¯CZYZNA;3;20991697
RATNESH;MÊ¯CZYZNA;3;20991700
YLYAS;MÊ¯CZYZNA;3;20991703
IMANGALI;MÊ¯CZYZNA;3;20991706
EDMORE;MÊ¯CZYZNA;3;20991709
POGHOS;MÊ¯CZYZNA;3;20991712
CECYLIAN;MÊ¯CZYZNA;3;20991715
SHUBIN;MÊ¯CZYZNA;3;20991718
JENNY;MÊ¯CZYZNA;3;20991721
WILIBERT;MÊ¯CZYZNA;3;20991724
JUHAN;MÊ¯CZYZNA;3;20991727
INGE;MÊ¯CZYZNA;3;20991730
ASHUR;MÊ¯CZYZNA;3;20991733
TAKERU;MÊ¯CZYZNA;3;20991736
HEORHIJ;MÊ¯CZYZNA;3;20991739
VÃN HI?U;MÊ¯CZYZNA;3;20991742
ROLANAS;MÊ¯CZYZNA;3;20991745
ROMANOZI;MÊ¯CZYZNA;3;20991748
SHIRAK;MÊ¯CZYZNA;3;20991751
UN;MÊ¯CZYZNA;3;20991754
MYROSLAVA;MÊ¯CZYZNA;3;20991757
WIACHESLAV;MÊ¯CZYZNA;3;20991760
SAIDAMIR;MÊ¯CZYZNA;3;20991763
LJUBINKO;MÊ¯CZYZNA;3;20991766
NEJIB;MÊ¯CZYZNA;3;20991769
PENA;MÊ¯CZYZNA;3;20991772
ZHENGWEI;MÊ¯CZYZNA;3;20991775
SEVDIM;MÊ¯CZYZNA;3;20991778
VINESH;MÊ¯CZYZNA;3;20991781
ROE;MÊ¯CZYZNA;3;20991784
HÜSEIN;MÊ¯CZYZNA;3;20991787
ABAZ;MÊ¯CZYZNA;3;20991790
RADJAB;MÊ¯CZYZNA;3;20991793
ÓLAFUR;MÊ¯CZYZNA;3;20991796
HERITIER;MÊ¯CZYZNA;3;20991799
JEAN-PASCAL;MÊ¯CZYZNA;3;20991802
GUGUNI;MÊ¯CZYZNA;3;20991805
KALIM;MÊ¯CZYZNA;3;20991808
LUMÍR;MÊ¯CZYZNA;3;20991811
CES?M;MÊ¯CZYZNA;3;20991814
VEDANSH;MÊ¯CZYZNA;3;20991817
KHÁNH DUY;MÊ¯CZYZNA;3;20991820
DEHUA;MÊ¯CZYZNA;3;20991823
SHAWKAT;MÊ¯CZYZNA;3;20991826
GULAMZHAN;MÊ¯CZYZNA;3;20991829
GAIRAT;MÊ¯CZYZNA;3;20991832
XUÂN TH?NG;MÊ¯CZYZNA;3;20991835
NIKADZIM;MÊ¯CZYZNA;3;20991838
NORTON;MÊ¯CZYZNA;3;20991841
JONG SIK;MÊ¯CZYZNA;3;20991844
ODBAYAR;MÊ¯CZYZNA;3;20991847
AMBROSE;MÊ¯CZYZNA;3;20991850
ASHU;MÊ¯CZYZNA;3;20991853
VU MINH;MÊ¯CZYZNA;3;20991856
CWETAN;MÊ¯CZYZNA;3;20991859
GERMANN;MÊ¯CZYZNA;3;20991862
AMILKAR;MÊ¯CZYZNA;3;20991865
YEONGJAE;MÊ¯CZYZNA;3;20991868
WENJIN;MÊ¯CZYZNA;3;20991871
COLT;MÊ¯CZYZNA;3;20991874
VICTOR ALFONSO;MÊ¯CZYZNA;3;20991877
MARWANE;MÊ¯CZYZNA;3;20991880
CRISTAL;MÊ¯CZYZNA;3;20991883
SUKHJINDER SINGH;MÊ¯CZYZNA;3;20991886
GAOMING;MÊ¯CZYZNA;3;20991889
DANYJI£;MÊ¯CZYZNA;3;20991892
YONGYI;MÊ¯CZYZNA;3;20991895
GISMAT;MÊ¯CZYZNA;3;20991898
?LHAM?;MÊ¯CZYZNA;3;20991901
CONSTANTIN-CÃTÃLIN;MÊ¯CZYZNA;3;20991904
TEMIDAYO;MÊ¯CZYZNA;3;20991907
TOSHIO;MÊ¯CZYZNA;3;20991910
NELI;MÊ¯CZYZNA;3;20991913
MYKHAEL;MÊ¯CZYZNA;3;20991916
AYYAPPADAS;MÊ¯CZYZNA;3;20991919
ANDRZEY;MÊ¯CZYZNA;3;20991922
LEOS£AW;MÊ¯CZYZNA;3;20991925
MD ABID;MÊ¯CZYZNA;3;20991928
MINH DANG;MÊ¯CZYZNA;3;20991931
SERVAN;MÊ¯CZYZNA;3;20991934
MEHAMED;MÊ¯CZYZNA;3;20991937
MANH DUC;MÊ¯CZYZNA;3;20991940
REIMA;MÊ¯CZYZNA;3;20991943
L??NG;MÊ¯CZYZNA;3;20991946
JÊDRYK;MÊ¯CZYZNA;3;20991949
VALERJAN;MÊ¯CZYZNA;3;20991952
XUÂN D?NG;MÊ¯CZYZNA;3;20991955
ZURI;MÊ¯CZYZNA;3;20991958
QIN;MÊ¯CZYZNA;3;20991961
ZHARKYN;MÊ¯CZYZNA;3;20991964
YUVAAN;MÊ¯CZYZNA;3;20991967
KRIKOR;MÊ¯CZYZNA;3;20991970
CUNEYT;MÊ¯CZYZNA;3;20991973
PAZIL;MÊ¯CZYZNA;3;20991976
SEYMOUR;MÊ¯CZYZNA;3;20991979
HALMYRAT;MÊ¯CZYZNA;3;20991982
ABHIJAY;MÊ¯CZYZNA;3;20991985
MD JAHANGIR;MÊ¯CZYZNA;3;20991988
VASYK;MÊ¯CZYZNA;3;20991991
ALISAN;MÊ¯CZYZNA;3;20991994
HEMALKUMAR;MÊ¯CZYZNA;3;20991997
SIBU;MÊ¯CZYZNA;3;20992000
BYUNG HO;MÊ¯CZYZNA;3;20992003
ADASH;MÊ¯CZYZNA;3;20992006
SVIATOGOR;MÊ¯CZYZNA;3;20992009
QU?NH;MÊ¯CZYZNA;3;20992012
GR?GORY;MÊ¯CZYZNA;3;20992015
IKHTIAR;MÊ¯CZYZNA;3;20992018
PINAKI;MÊ¯CZYZNA;3;20992021
BRAHMA;MÊ¯CZYZNA;3;20992024
MEHROJIDDIN;MÊ¯CZYZNA;3;20992027
YORI;MÊ¯CZYZNA;3;20992030
GIUMRAKH;MÊ¯CZYZNA;3;20992033
ZOHIDJON;MÊ¯CZYZNA;3;20992036
HUU TUYEN;MÊ¯CZYZNA;3;20992039
GODKNOWS;MÊ¯CZYZNA;3;20992042
DONGMING;MÊ¯CZYZNA;3;20992045
NURKHOLIS;MÊ¯CZYZNA;3;20992048
MD EBRAHIM;MÊ¯CZYZNA;3;20992051
SARKAR;MÊ¯CZYZNA;3;20992054
¯EROM;MÊ¯CZYZNA;3;20992057
YGIMANTAS;MÊ¯CZYZNA;3;20992060
JOGI;MÊ¯CZYZNA;3;20992063
TALAIBEK;MÊ¯CZYZNA;3;20992066
ABREK;MÊ¯CZYZNA;3;20992069
WELAT;MÊ¯CZYZNA;3;20992072
SOPHIE;MÊ¯CZYZNA;3;20992075
RAYMART;MÊ¯CZYZNA;3;20992078
CHANGMIN;MÊ¯CZYZNA;3;20992081
ANDREI-IONUT;MÊ¯CZYZNA;3;20992084
NAIDU;MÊ¯CZYZNA;3;20992087
ALEKSADRE;MÊ¯CZYZNA;3;20992090
HUSNU;MÊ¯CZYZNA;3;20992093
QINGGUO;MÊ¯CZYZNA;3;20992096
AWS;MÊ¯CZYZNA;3;20992099
OLUWOLE;MÊ¯CZYZNA;3;20992102
EHSSAN;MÊ¯CZYZNA;3;20992105
JAYKISHAN;MÊ¯CZYZNA;3;20992108
SAKHOBIDDIN;MÊ¯CZYZNA;3;20992111
RAHIL;MÊ¯CZYZNA;3;20992114
TERRANCE;MÊ¯CZYZNA;3;20992117
ODAI;MÊ¯CZYZNA;3;20992120
SUSHEN;MÊ¯CZYZNA;3;20992123
MAHAD;MÊ¯CZYZNA;3;20992126
BEGI;MÊ¯CZYZNA;3;20992129
GRACIANO;MÊ¯CZYZNA;3;20992132
YINFU;MÊ¯CZYZNA;3;20992135
MARIUS-IONUT;MÊ¯CZYZNA;3;20992138
TAKAHIKO;MÊ¯CZYZNA;3;20992141
DAI THANG;MÊ¯CZYZNA;3;20992144
BIENVENIDO JR.;MÊ¯CZYZNA;3;20992147
YAACOB;MÊ¯CZYZNA;3;20992150
JAYDON;MÊ¯CZYZNA;3;20992153
YUFAN;MÊ¯CZYZNA;3;20992156
CEZMI;MÊ¯CZYZNA;3;20992159
YUI;MÊ¯CZYZNA;3;20992162
XUEJUN;MÊ¯CZYZNA;3;20992165
DIVYESHKUMAR;MÊ¯CZYZNA;3;20992168
THORE;MÊ¯CZYZNA;3;20992171
YUGEN;MÊ¯CZYZNA;3;20992174
HUU THINH;MÊ¯CZYZNA;3;20992177
PEREZ;MÊ¯CZYZNA;3;20992180
URII;MÊ¯CZYZNA;3;20992183
LOTI;MÊ¯CZYZNA;3;20992186
NURMAMAT;MÊ¯CZYZNA;3;20992189
ASTIN;MÊ¯CZYZNA;3;20992192
LUDMI£;MÊ¯CZYZNA;3;20992195
SERTAC;MÊ¯CZYZNA;3;20992198
RAMSEY;MÊ¯CZYZNA;3;20992201
ROJAN;MÊ¯CZYZNA;3;20992204
JURRIAAN;MÊ¯CZYZNA;3;20992207
HUU QUANG;MÊ¯CZYZNA;3;20992210
V?N NAM;MÊ¯CZYZNA;3;20992213
ALISKHAN;MÊ¯CZYZNA;3;20992216
DAVRONBOY;MÊ¯CZYZNA;3;20992219
TOI;MÊ¯CZYZNA;3;20992222
XUJUN;MÊ¯CZYZNA;3;20992225
PEDER;MÊ¯CZYZNA;3;20992228
SALWATORE;MÊ¯CZYZNA;3;20992231
TOHIRJON;MÊ¯CZYZNA;3;20992234
TARIQUL;MÊ¯CZYZNA;3;20992237
HOANG VIET;MÊ¯CZYZNA;3;20992240
TIANJUN;MÊ¯CZYZNA;3;20992243
SUHO;MÊ¯CZYZNA;3;20992246
HOANG HUY;MÊ¯CZYZNA;3;20992249
SVJATOSLAV;MÊ¯CZYZNA;3;20992252
ALYAKSEY;MÊ¯CZYZNA;3;20992255
BENEDICTO;MÊ¯CZYZNA;3;20992258
LAKSHMI;MÊ¯CZYZNA;3;20992261
DILLI;MÊ¯CZYZNA;3;20992264
KAKHKHOR;MÊ¯CZYZNA;3;20992267
ADDIS;MÊ¯CZYZNA;3;20992270
MYTROFAN;MÊ¯CZYZNA;3;20992273
SERAFINO;MÊ¯CZYZNA;3;20992276
VINOTHKUMAR;MÊ¯CZYZNA;3;20992279
YOUNG KI;MÊ¯CZYZNA;3;20992282
DILAVER;MÊ¯CZYZNA;3;20992285
TIKHAN;MÊ¯CZYZNA;3;20992288
QIZHONG;MÊ¯CZYZNA;3;20992291
KYOGO;MÊ¯CZYZNA;3;20992294
WEICONG;MÊ¯CZYZNA;3;20992297
AHAMMED;MÊ¯CZYZNA;3;20992300
SERHO;MÊ¯CZYZNA;3;20992303
ROSENDO;MÊ¯CZYZNA;3;20992306
DUC PHUC;MÊ¯CZYZNA;3;20992309
BHARATKUMAR;MÊ¯CZYZNA;3;20992312
DJURABEK;MÊ¯CZYZNA;3;20992315
DEZSO;MÊ¯CZYZNA;3;20992318
DUY TRINH;MÊ¯CZYZNA;3;20992321
JONG DAE;MÊ¯CZYZNA;3;20992324
CRISTÓBAL;MÊ¯CZYZNA;3;20992327
DUSHYANT;MÊ¯CZYZNA;3;20992330
ER?M;MÊ¯CZYZNA;3;20992333
TH? T?I;MÊ¯CZYZNA;3;20992336
MARQUEZ;MÊ¯CZYZNA;3;20992339
KODI;MÊ¯CZYZNA;3;20992342
FIROJ;MÊ¯CZYZNA;3;20992345
VÃN LÂM;MÊ¯CZYZNA;3;20992348
MIRAT;MÊ¯CZYZNA;3;20992351
VAHIT;MÊ¯CZYZNA;3;20992354
ROLLAN;MÊ¯CZYZNA;3;20992357
TARIKUL;MÊ¯CZYZNA;3;20992360
JESUS JR.;MÊ¯CZYZNA;3;20992363
MOUAFAK;MÊ¯CZYZNA;3;20992366
PENCHO;MÊ¯CZYZNA;3;20992369
HEINZ-DIETER;MÊ¯CZYZNA;3;20992372
HYEOKJIN;MÊ¯CZYZNA;3;20992375
SHIVA PRASAD;MÊ¯CZYZNA;3;20992378
NHU Y;MÊ¯CZYZNA;3;20992381
YONGMING;MÊ¯CZYZNA;3;20992384
HUIMIN;MÊ¯CZYZNA;3;20992387
PELLE;MÊ¯CZYZNA;3;20992390
HUIB;MÊ¯CZYZNA;3;20992393
JAEWOOK;MÊ¯CZYZNA;3;20992396
KRAVCHUK;MÊ¯CZYZNA;3;20992399
TAYO;MÊ¯CZYZNA;3;20992402
YOUSRI;MÊ¯CZYZNA;3;20992405
ZEYNADDIN;MÊ¯CZYZNA;3;20992408
ANH HAO;MÊ¯CZYZNA;3;20992411
ARUSH;MÊ¯CZYZNA;3;20992414
BYOUNGJIN;MÊ¯CZYZNA;3;20992417
AIAT;MÊ¯CZYZNA;3;20992420
HUMAYUN;MÊ¯CZYZNA;3;20992423
KERRY;MÊ¯CZYZNA;3;20992426
ZWONIMIR;MÊ¯CZYZNA;3;20992429
ALBERTO JOSE;MÊ¯CZYZNA;3;20992432
ALGISH;MÊ¯CZYZNA;3;20992435
DZHESUR;MÊ¯CZYZNA;3;20992438
SANDRIKA;MÊ¯CZYZNA;3;20992441
ALTON;MÊ¯CZYZNA;3;20992444
EDMILSON;MÊ¯CZYZNA;3;20992447
VÃN LUÂN;MÊ¯CZYZNA;3;20992450
TIMOR;MÊ¯CZYZNA;3;20992453
HAI DUONG;MÊ¯CZYZNA;3;20992456
PARMJEET;MÊ¯CZYZNA;3;20992459
BHUBAN;MÊ¯CZYZNA;3;20992462
CHUNHUI;MÊ¯CZYZNA;3;20992465
MINH KHÔI;MÊ¯CZYZNA;3;20992468
SUJIN;MÊ¯CZYZNA;3;20992471
ARLON;MÊ¯CZYZNA;3;20992474
CHIEN-WEI;MÊ¯CZYZNA;3;20992477
GIAS;MÊ¯CZYZNA;3;20992480
VITEK;MÊ¯CZYZNA;3;20992483
GOFFREDO;MÊ¯CZYZNA;3;20992486
JOEMARIE;MÊ¯CZYZNA;3;20992489
TYMOTKA;MÊ¯CZYZNA;3;20992492
YERMURAT;MÊ¯CZYZNA;3;20992495
ZHANBEK;MÊ¯CZYZNA;3;20992498
RADZHAB;MÊ¯CZYZNA;3;20992501
MD NUR;MÊ¯CZYZNA;3;20992504
HERVIN;MÊ¯CZYZNA;3;20992507
ALARIK;MÊ¯CZYZNA;3;20992510
CHENGXI;MÊ¯CZYZNA;3;20992513
NORDIAN;MÊ¯CZYZNA;3;20992516
CVETKO;MÊ¯CZYZNA;3;20992519
ABDUL-KHALIM;MÊ¯CZYZNA;3;20992522
BYOUNG;MÊ¯CZYZNA;3;20992525
PYOTR;MÊ¯CZYZNA;3;20992528
MOHAMMAD NAZMUL;MÊ¯CZYZNA;3;20992531
IRPAN;MÊ¯CZYZNA;3;20992534
YUDHI;MÊ¯CZYZNA;3;20992537
ABDULVOSIT;MÊ¯CZYZNA;3;20992540
RAAM;MÊ¯CZYZNA;3;20992543
SUNARTO;MÊ¯CZYZNA;3;20992546
GURSEWAK SINGH;MÊ¯CZYZNA;3;20992549
OTOMAR;MÊ¯CZYZNA;3;20992552
KAYL;MÊ¯CZYZNA;3;20992555
HARVINDER SINGH;MÊ¯CZYZNA;3;20992558
AMEET;MÊ¯CZYZNA;3;20992561
JEAN-PATRICK;MÊ¯CZYZNA;3;20992564
DINCHER;MÊ¯CZYZNA;3;20992567
MD ZAHIRUL;MÊ¯CZYZNA;3;20992570
NYASHADZASHE;MÊ¯CZYZNA;3;20992573
TARIYEL;MÊ¯CZYZNA;3;20992576
GURMUKH;MÊ¯CZYZNA;3;20992579
KAHRAMAN;MÊ¯CZYZNA;3;20992582
JIABIN;MÊ¯CZYZNA;3;20992585
VAN LUAN;MÊ¯CZYZNA;3;20992588
NAZARET;MÊ¯CZYZNA;3;20992591
DHARMA;MÊ¯CZYZNA;3;20992594
AUHUSTSIN;MÊ¯CZYZNA;3;20992597
KATIB;MÊ¯CZYZNA;3;20992600
MARIUS-CONSTANTIN;MÊ¯CZYZNA;3;20992603
ENEY;MÊ¯CZYZNA;3;20992606
KWAME;MÊ¯CZYZNA;3;20992609
SHUNICHIRO;MÊ¯CZYZNA;3;20992612
ZULFIQAR;MÊ¯CZYZNA;3;20992615
WANGEL;MÊ¯CZYZNA;3;20992618
KSAWERYN;MÊ¯CZYZNA;3;20992621
SUPRIADI;MÊ¯CZYZNA;3;20992624
DIAA;MÊ¯CZYZNA;3;20992627
SAMATAR;MÊ¯CZYZNA;3;20992630
MAURI;MÊ¯CZYZNA;3;20992633
KINH;MÊ¯CZYZNA;3;20992636
SAIMAITI;MÊ¯CZYZNA;3;20992639
DINH HUY;MÊ¯CZYZNA;3;20992642
MD SAIFUL ISLAM;MÊ¯CZYZNA;3;20992645
KASIRIN;MÊ¯CZYZNA;3;20992648
BURKAN;MÊ¯CZYZNA;3;20992651
AMBARTSUM;MÊ¯CZYZNA;3;20992654
RUSHI;MÊ¯CZYZNA;3;20992657
JIANSONG;MÊ¯CZYZNA;3;20992660
EL HADJI;MÊ¯CZYZNA;3;20992663
BAGIR;MÊ¯CZYZNA;3;20992666
DALI;MÊ¯CZYZNA;3;20992669
NURID;MÊ¯CZYZNA;3;20992672
BIJESH;MÊ¯CZYZNA;3;20992675
XUAN HOP;MÊ¯CZYZNA;3;20992678
INVERI;MÊ¯CZYZNA;3;20992681
MUHTAR;MÊ¯CZYZNA;3;20992684
ALEXSANDRO;MÊ¯CZYZNA;3;20992687
OSAID;MÊ¯CZYZNA;3;20992690
MD RAZIB;MÊ¯CZYZNA;3;20992693
SHALAW;MÊ¯CZYZNA;3;20992696
RAHMATULLAH;MÊ¯CZYZNA;3;20992699
ORIEL;MÊ¯CZYZNA;3;20992702
MUNISH KUMAR;MÊ¯CZYZNA;3;20992705
LAZIZBEK;MÊ¯CZYZNA;3;20992708
LAHOUCINE;MÊ¯CZYZNA;3;20992711
RICHMAN;MÊ¯CZYZNA;3;20992714
POOYAN;MÊ¯CZYZNA;3;20992717
MAKHMUDALI;MÊ¯CZYZNA;3;20992720
SHARAFIDDIN;MÊ¯CZYZNA;3;20992723
JAE YOUNG;MÊ¯CZYZNA;3;20992726
M?NH TH?NG;MÊ¯CZYZNA;3;20992729
MIKALAJ;MÊ¯CZYZNA;3;20992732
DINAND;MÊ¯CZYZNA;3;20992735
RUBENI;MÊ¯CZYZNA;3;20992738
IMADEDDINE;MÊ¯CZYZNA;3;20992741
VANGEL;MÊ¯CZYZNA;3;20992744
XUÂN T?I;MÊ¯CZYZNA;3;20992747
LAKHVIR;MÊ¯CZYZNA;3;20992750
MINGFENG;MÊ¯CZYZNA;3;20992753
MAMMADALI;MÊ¯CZYZNA;3;20992756
HUY NAM;MÊ¯CZYZNA;3;20992759
IVAAN;MÊ¯CZYZNA;3;20992762
ERNESTO JR;MÊ¯CZYZNA;3;20992765
CATUR;MÊ¯CZYZNA;3;20992768
INDRAJEET;MÊ¯CZYZNA;3;20992771
UMMER;MÊ¯CZYZNA;3;20992774
JINSONG;MÊ¯CZYZNA;3;20992777
GOTTLIEB;MÊ¯CZYZNA;3;20992780
RUAIRÍ;MÊ¯CZYZNA;3;20992783
JUNEYOUNG;MÊ¯CZYZNA;3;20992786
DAZMIRI;MÊ¯CZYZNA;3;20992789
MD JAHID;MÊ¯CZYZNA;3;20992792
ARJON;MÊ¯CZYZNA;3;20992795
GREAT;MÊ¯CZYZNA;3;20992798
PIATRO;MÊ¯CZYZNA;3;20992801
EGIDIUS;MÊ¯CZYZNA;3;20992804
SHAHIDUL;MÊ¯CZYZNA;3;20992807
EKHSON;MÊ¯CZYZNA;3;20992810
MURPHY;MÊ¯CZYZNA;3;20992813
ULIANA;MÊ¯CZYZNA;3;20992816
LIPMAN;MÊ¯CZYZNA;3;20992819
ROSSEN;MÊ¯CZYZNA;3;20992822
WAAGN;MÊ¯CZYZNA;3;20992825
D¯AN;MÊ¯CZYZNA;3;20992828
SHIVANK;MÊ¯CZYZNA;3;20992831
BAKAI;MÊ¯CZYZNA;3;20992834
MEREY;MÊ¯CZYZNA;3;20992837
IZUCHUKWU;MÊ¯CZYZNA;3;20992840
BEDIR;MÊ¯CZYZNA;3;20992843
LONGQING;MÊ¯CZYZNA;3;20992846
FATTAH;MÊ¯CZYZNA;3;20992849
HELMAR;MÊ¯CZYZNA;3;20992852
RAMES;MÊ¯CZYZNA;3;20992855
ABDUMANNAB;MÊ¯CZYZNA;3;20992858
MAJIT;MÊ¯CZYZNA;3;20992861
S?N T?NG;MÊ¯CZYZNA;3;20992864
ILIM;MÊ¯CZYZNA;3;20992867
DINH LONG;MÊ¯CZYZNA;3;20992870
VINCENZINO;MÊ¯CZYZNA;3;20992873
LEJBU;MÊ¯CZYZNA;3;20992876
MURODALI;MÊ¯CZYZNA;3;20992879
DILDAR;MÊ¯CZYZNA;3;20992882
GALAKTIONI;MÊ¯CZYZNA;3;20992885
OTYLIUSZ;MÊ¯CZYZNA;3;20992888
MAN KUMAR;MÊ¯CZYZNA;3;20992891
NHÂM;MÊ¯CZYZNA;3;20992894
LIPARIT;MÊ¯CZYZNA;3;20992897
XUEFENG;MÊ¯CZYZNA;3;20992900
SIAM;MÊ¯CZYZNA;3;20992903
DYMTRO;MÊ¯CZYZNA;3;20992906
KANIET;MÊ¯CZYZNA;3;20992909
BIEL;MÊ¯CZYZNA;3;20992912
EWERYST;MÊ¯CZYZNA;3;20992915
QU?C KHÁNH;MÊ¯CZYZNA;3;20992918
KHUM;MÊ¯CZYZNA;3;20992921
BENYAMINE;MÊ¯CZYZNA;3;20992924
SUBKHAN;MÊ¯CZYZNA;3;20992927
AGI;MÊ¯CZYZNA;3;20992930
CALE;MÊ¯CZYZNA;3;20992933
BRATYSLAV;MÊ¯CZYZNA;3;20992936
MAHEDI;MÊ¯CZYZNA;3;20992939
ALMEDIN;MÊ¯CZYZNA;3;20992942
JUNHONG;MÊ¯CZYZNA;3;20992945
AYRAT;MÊ¯CZYZNA;3;20992948
ZENEL;MÊ¯CZYZNA;3;20992951
TÂN;MÊ¯CZYZNA;3;20992954
CHEMIA;MÊ¯CZYZNA;3;20992957
SAPIR;MÊ¯CZYZNA;3;20992960
JIAQIANG;MÊ¯CZYZNA;3;20992963
VAN AI;MÊ¯CZYZNA;3;20992966
MAVLON;MÊ¯CZYZNA;3;20992969
NIMAI;MÊ¯CZYZNA;3;20992972
SEYDOU;MÊ¯CZYZNA;3;20992975
XUAN TIEN;MÊ¯CZYZNA;3;20992978
AROS£AW;MÊ¯CZYZNA;3;20992981
FUTOSHI;MÊ¯CZYZNA;3;20992984
JYRI;MÊ¯CZYZNA;3;20992987
KAMEEL;MÊ¯CZYZNA;3;20992990
DURGAPRASAD;MÊ¯CZYZNA;3;20992993
RAMESHWAR;MÊ¯CZYZNA;3;20992996
AIAD;MÊ¯CZYZNA;3;20992999
FILIPI;MÊ¯CZYZNA;3;20993002
LOLO;MÊ¯CZYZNA;3;20993005
ANANG;MÊ¯CZYZNA;3;20993008
LIKHITH;MÊ¯CZYZNA;3;20993011
TARSEM;MÊ¯CZYZNA;3;20993014
TAVONGA;MÊ¯CZYZNA;3;20993017
ISACCO;MÊ¯CZYZNA;3;20993020
OO;MÊ¯CZYZNA;3;20993023
BAHER;MÊ¯CZYZNA;3;20993026
WILKAN;MÊ¯CZYZNA;3;20993029
ALIS;MÊ¯CZYZNA;3;20993032
YONGLIN;MÊ¯CZYZNA;3;20993035
JEONGWON;MÊ¯CZYZNA;3;20993038
LEOMID;MÊ¯CZYZNA;3;20993041
SUMIT KUMAR;MÊ¯CZYZNA;3;20993044
DAMIANE;MÊ¯CZYZNA;3;20993047
MAXON;MÊ¯CZYZNA;3;20993050
MATYJAS;MÊ¯CZYZNA;3;20993053
VAN DUAN;MÊ¯CZYZNA;3;20993056
THADDÉE;MÊ¯CZYZNA;3;20993059
VOJT?CH;MÊ¯CZYZNA;3;20993062
DEVASHISH;MÊ¯CZYZNA;3;20993065
IKROMIDDIN;MÊ¯CZYZNA;3;20993068
VRATISLAV;MÊ¯CZYZNA;3;20993071
HUY DUNG;MÊ¯CZYZNA;3;20993074
KAMCHYBEK;MÊ¯CZYZNA;3;20993077
GIRIDHAR;MÊ¯CZYZNA;3;20993080
PHINEAS;MÊ¯CZYZNA;3;20993083
MAªALLAH;MÊ¯CZYZNA;3;20993086
CONSTANTIN-CIPRIAN;MÊ¯CZYZNA;3;20993089
LINHUI;MÊ¯CZYZNA;3;20993092
JANDERSON;MÊ¯CZYZNA;3;20993095
LOTANNA;MÊ¯CZYZNA;3;20993098
SAURO;MÊ¯CZYZNA;3;20993101
TONNIS;MÊ¯CZYZNA;3;20993104
FAUSTIN;MÊ¯CZYZNA;3;20993107
VAN LUYEN;MÊ¯CZYZNA;3;20993110
CHUNMING;MÊ¯CZYZNA;3;20993113
SHABIR;MÊ¯CZYZNA;3;20993116
MENARD;MÊ¯CZYZNA;3;20993119
WALTRAUD;MÊ¯CZYZNA;3;20993122
BOCHAO;MÊ¯CZYZNA;3;20993125
BHABINDRA;MÊ¯CZYZNA;3;20993128
SHOHRUKH;MÊ¯CZYZNA;3;20993131
SINAI;MÊ¯CZYZNA;3;20993134
MAKHAL;MÊ¯CZYZNA;3;20993137
JIMMY JR.;MÊ¯CZYZNA;3;20993140
NEDHIR;MÊ¯CZYZNA;3;20993143
DMYTRIJ;MÊ¯CZYZNA;3;20993146
LADIKO;MÊ¯CZYZNA;3;20993149
HACHEMI;MÊ¯CZYZNA;3;20993152
CHERMEN;MÊ¯CZYZNA;3;20993155
TAESUN;MÊ¯CZYZNA;3;20993158
ROLANDO JR;MÊ¯CZYZNA;3;20993161
BALIGH;MÊ¯CZYZNA;3;20993164
KASIMIER;MÊ¯CZYZNA;3;20993167
HORATIU;MÊ¯CZYZNA;3;20993170
VYTIS;MÊ¯CZYZNA;3;20993173
SIVASHANKAR;MÊ¯CZYZNA;3;20993176
KOUROSH;MÊ¯CZYZNA;3;20993179
LAVRENT;MÊ¯CZYZNA;3;20993182
CHE-WEI;MÊ¯CZYZNA;3;20993185
VALDRIN;MÊ¯CZYZNA;3;20993188
NED?M;MÊ¯CZYZNA;3;20993191
KENSEI;MÊ¯CZYZNA;3;20993194
BANCHA;MÊ¯CZYZNA;3;20993197
RAZIN;MÊ¯CZYZNA;3;20993200
YANHONG;MÊ¯CZYZNA;3;20993203
VAJK;MÊ¯CZYZNA;3;20993206
MIHAI-PETRU;MÊ¯CZYZNA;3;20993209
JINJIANG;MÊ¯CZYZNA;3;20993212
HIMA;MÊ¯CZYZNA;3;20993215
JAMSHEED;MÊ¯CZYZNA;3;20993218
NICANOR JR.;MÊ¯CZYZNA;3;20993221
DERVIS;MÊ¯CZYZNA;3;20993224
ISMOILKHON;MÊ¯CZYZNA;3;20993227
DARYIAN;MÊ¯CZYZNA;3;20993230
GODEFRIDUS;MÊ¯CZYZNA;3;20993233
ZHONGWEN;MÊ¯CZYZNA;3;20993236
SIMAR;MÊ¯CZYZNA;3;20993239
OLGUN;MÊ¯CZYZNA;3;20993242
JEONGWOO;MÊ¯CZYZNA;3;20993245
SALVIS;MÊ¯CZYZNA;3;20993248
KASHMIR;MÊ¯CZYZNA;3;20993251
YADIN;MÊ¯CZYZNA;3;20993254
STANYO;MÊ¯CZYZNA;3;20993257
DANYJIL;MÊ¯CZYZNA;3;20993260
ARBAZ;MÊ¯CZYZNA;3;20993263
ARTEMS;MÊ¯CZYZNA;3;20993266
GURMEET SINGH;MÊ¯CZYZNA;3;20993269
ROGEL;MÊ¯CZYZNA;3;20993272
YAOMING;MÊ¯CZYZNA;3;20993275
HOM BAHADUR;MÊ¯CZYZNA;3;20993278
ASSER;MÊ¯CZYZNA;3;20993281
HORIA;MÊ¯CZYZNA;3;20993284
DOMIS£AW;MÊ¯CZYZNA;3;20993287
RADU-ALEXANDRU;MÊ¯CZYZNA;3;20993290
RUN;MÊ¯CZYZNA;3;20993293
??NH TH?NH;MÊ¯CZYZNA;3;20993296
JÁCHYM;MÊ¯CZYZNA;3;20993299
OMURBEK;MÊ¯CZYZNA;3;20993302
NATIA;MÊ¯CZYZNA;3;20993305
SAIFELDIN;MÊ¯CZYZNA;3;20993308
BASIT;MÊ¯CZYZNA;3;20993311
JEFFIN;MÊ¯CZYZNA;3;20993314
MOTY;MÊ¯CZYZNA;3;20993317
MAMERTO;MÊ¯CZYZNA;3;20993320
PERVIN;MÊ¯CZYZNA;3;20993323
BOGODAR;MÊ¯CZYZNA;3;20993326
ABDULFATTAH;MÊ¯CZYZNA;3;20993329
SHIRISH;MÊ¯CZYZNA;3;20993332
YONGJIAN;MÊ¯CZYZNA;3;20993335
MAHMED;MÊ¯CZYZNA;3;20993338
ATSUKI;MÊ¯CZYZNA;3;20993341
INAR;MÊ¯CZYZNA;3;20993344
GRODZIS£AW;MÊ¯CZYZNA;3;20993347
ZINOVIJ;MÊ¯CZYZNA;3;20993350
MEL;MÊ¯CZYZNA;3;20993353
PHILLIPPE;MÊ¯CZYZNA;3;20993356
NIKHILESH;MÊ¯CZYZNA;3;20993359
BYAMBADORJ;MÊ¯CZYZNA;3;20993362
BIBIAN;MÊ¯CZYZNA;3;20993365
FANYU;MÊ¯CZYZNA;3;20993368
GIACINTO;MÊ¯CZYZNA;3;20993371
ASRORJON;MÊ¯CZYZNA;3;20993374
SANGHO;MÊ¯CZYZNA;3;20993377
HEMAN;MÊ¯CZYZNA;3;20993380
RADZHYK;MÊ¯CZYZNA;3;20993383
AKHDAN;MÊ¯CZYZNA;3;20993386
KHUSI;MÊ¯CZYZNA;3;20993389
VÃN AN;MÊ¯CZYZNA;3;20993392
NEBIL;MÊ¯CZYZNA;3;20993395
BOGUMIN;MÊ¯CZYZNA;3;20993398
TYMOPHII;MÊ¯CZYZNA;3;20993401
FRANCESCANTONIO;MÊ¯CZYZNA;3;20993404
FRAZER;MÊ¯CZYZNA;3;20993407
LYLE;MÊ¯CZYZNA;3;20993410
LIQIANG;MÊ¯CZYZNA;3;20993413
MAKHMUDKHON;MÊ¯CZYZNA;3;20993416
CAHYO;MÊ¯CZYZNA;3;20993419
LORNE;MÊ¯CZYZNA;3;20993422
REDHOUANE;MÊ¯CZYZNA;3;20993425
TAMILSELVAN;MÊ¯CZYZNA;3;20993428
FEDAIL;MÊ¯CZYZNA;3;20993431
RENOALD;MÊ¯CZYZNA;3;20993434
SLAVIC;MÊ¯CZYZNA;3;20993437
ORYNBEK;MÊ¯CZYZNA;3;20993440
SEONGHWAN;MÊ¯CZYZNA;3;20993443
VALIKHON;MÊ¯CZYZNA;3;20993446
OSITA;MÊ¯CZYZNA;3;20993449
JUDKA;MÊ¯CZYZNA;3;20993452
PARBAT;MÊ¯CZYZNA;3;20993455
V?N VINH;MÊ¯CZYZNA;3;20993458
VÃN TUY?N;MÊ¯CZYZNA;3;20993461
MD AL AMIN;MÊ¯CZYZNA;3;20993464
HUNG ANH;MÊ¯CZYZNA;3;20993467
TAMAL;MÊ¯CZYZNA;3;20993470
ZHUK;MÊ¯CZYZNA;3;20993473
ASKIN;MÊ¯CZYZNA;3;20993476
ZONI;MÊ¯CZYZNA;3;20993479
DHIRAJKUMAR;MÊ¯CZYZNA;3;20993482
J?KABS;MÊ¯CZYZNA;3;20993485
EGGERT;MÊ¯CZYZNA;3;20993488
SREERAJ;MÊ¯CZYZNA;3;20993491
FIORAVANTE;MÊ¯CZYZNA;3;20993494
LYAZID;MÊ¯CZYZNA;3;20993497
WENHUI;MÊ¯CZYZNA;3;20993500
SANG KYU;MÊ¯CZYZNA;3;20993503
WILHEM;MÊ¯CZYZNA;3;20993506
GUOFENG;MÊ¯CZYZNA;3;20993509
AKBARSHO;MÊ¯CZYZNA;3;20993512
AMIRMOHAMMAD;MÊ¯CZYZNA;3;20993515
OLAVO;MÊ¯CZYZNA;3;20993518
TULASI;MÊ¯CZYZNA;3;20993521
MOUAAD;MÊ¯CZYZNA;3;20993524
BILBIL;MÊ¯CZYZNA;3;20993527
LIBERIUSZ;MÊ¯CZYZNA;3;20993530
DOVUDBEK;MÊ¯CZYZNA;3;20993533
ISEN;MÊ¯CZYZNA;3;20993536
BOSSE;MÊ¯CZYZNA;3;20993539
KIYONG;MÊ¯CZYZNA;3;20993542
WIGEN;MÊ¯CZYZNA;3;20993545
IBRACHIM;MÊ¯CZYZNA;3;20993548
DHARMENDER;MÊ¯CZYZNA;3;20993551
SHAOMIN;MÊ¯CZYZNA;3;20993554
OLUSEYI;MÊ¯CZYZNA;3;20993557
MALAK;MÊ¯CZYZNA;3;20993560
GERGO;MÊ¯CZYZNA;3;20993563
AMRULLO;MÊ¯CZYZNA;3;20993566
SAIFUR;MÊ¯CZYZNA;3;20993569
SAYOOJ;MÊ¯CZYZNA;3;20993572
MOATAZBELLAH;MÊ¯CZYZNA;3;20993575
JUEL;MÊ¯CZYZNA;3;20993578
MOTTY;MÊ¯CZYZNA;3;20993581
XINGQIANG;MÊ¯CZYZNA;3;20993584
DELYAN;MÊ¯CZYZNA;3;20993587
BALKAN;MÊ¯CZYZNA;3;20993590
SLAVEK;MÊ¯CZYZNA;3;20993593
GOTTI;MÊ¯CZYZNA;3;20993596
WIDMANTAS;MÊ¯CZYZNA;3;20993599
MUKHAMMADI;MÊ¯CZYZNA;3;20993602
DANG MINH;MÊ¯CZYZNA;3;20993605
BU?RAHAN;MÊ¯CZYZNA;3;20993608
FULIN;MÊ¯CZYZNA;3;20993611
VAKHOBJON;MÊ¯CZYZNA;3;20993614
ANH DUONG;MÊ¯CZYZNA;3;20993617
DAHMANE;MÊ¯CZYZNA;3;20993620
QUANG DUNG;MÊ¯CZYZNA;3;20993623
ERYC;MÊ¯CZYZNA;3;20993626
BEHÇET;MÊ¯CZYZNA;3;20993629
AREEB;MÊ¯CZYZNA;3;20993632
VIET KHOA;MÊ¯CZYZNA;3;20993635
PAVANKUMAR;MÊ¯CZYZNA;3;20993638
RAGHEB;MÊ¯CZYZNA;3;20993641
HEINZ-PETER;MÊ¯CZYZNA;3;20993644
MARLOU;MÊ¯CZYZNA;3;20993647
GOVSHUT;MÊ¯CZYZNA;3;20993650
EL MOKHTAR;MÊ¯CZYZNA;3;20993653
CHIRANJIT;MÊ¯CZYZNA;3;20993656
ALADAR;MÊ¯CZYZNA;3;20993659
FARIT;MÊ¯CZYZNA;3;20993662
DARLAN;MÊ¯CZYZNA;3;20993665
MUHAMMED BURAK;MÊ¯CZYZNA;3;20993668
RUFAN;MÊ¯CZYZNA;3;20993671
REDHA;MÊ¯CZYZNA;3;20993674
VECHESLAV;MÊ¯CZYZNA;3;20993677
DONGHA;MÊ¯CZYZNA;3;20993680
OLUWADAMILARE;MÊ¯CZYZNA;3;20993683
BAIRAMI;MÊ¯CZYZNA;3;20993686
LEONTI;MÊ¯CZYZNA;3;20993689
ZHOLDOSHBEK;MÊ¯CZYZNA;3;20993692
IDRYS;MÊ¯CZYZNA;3;20993695
XUAN PHONG;MÊ¯CZYZNA;3;20993698
KENDAL;MÊ¯CZYZNA;3;20993701
YUYANG;MÊ¯CZYZNA;3;20993704
DAM?R;MÊ¯CZYZNA;3;20993707
ADALET;MÊ¯CZYZNA;3;20993710
THAI DUONG;MÊ¯CZYZNA;3;20993713
DENILBEK;MÊ¯CZYZNA;3;20993716
FISTON;MÊ¯CZYZNA;3;20993719
GODSWILL;MÊ¯CZYZNA;3;20993722
??T;MÊ¯CZYZNA;3;20993725
ENDURANCE;MÊ¯CZYZNA;3;20993728
MINH NGH?A;MÊ¯CZYZNA;3;20993731
REZGAR;MÊ¯CZYZNA;3;20993734
YEVA;MÊ¯CZYZNA;3;20993737
KANCHO;MÊ¯CZYZNA;3;20993740
HYESUNG;MÊ¯CZYZNA;3;20993743
NIRMAL KUMAR;MÊ¯CZYZNA;3;20993746
APIS;MÊ¯CZYZNA;3;20993749
ORXAN;MÊ¯CZYZNA;3;20993752
TIMURS;MÊ¯CZYZNA;3;20993755
ABDULRAZAK;MÊ¯CZYZNA;3;20993758
NASSAR;MÊ¯CZYZNA;3;20993761
SY TOAN;MÊ¯CZYZNA;3;20993764
RIMON;MÊ¯CZYZNA;3;20993767
ISHWARI;MÊ¯CZYZNA;3;20993770
THANH SANG;MÊ¯CZYZNA;3;20993773
MOHAMED SAID;MÊ¯CZYZNA;3;20993776
KHASANDZHON;MÊ¯CZYZNA;3;20993779
ZAYNE;MÊ¯CZYZNA;3;20993782
SATDAR;MÊ¯CZYZNA;3;20993785
MOFTAH;MÊ¯CZYZNA;3;20993788
ERNANI;MÊ¯CZYZNA;3;20993791
RYOHEI;MÊ¯CZYZNA;3;20993794
VAN THUC;MÊ¯CZYZNA;3;20993797
PENGJU;MÊ¯CZYZNA;3;20993800
RAM NIWAS;MÊ¯CZYZNA;3;20993803
SUBRAMANIAN;MÊ¯CZYZNA;3;20993806
SUNI;MÊ¯CZYZNA;3;20993809
BAKER;MÊ¯CZYZNA;3;20993812
DEBENDRA;MÊ¯CZYZNA;3;20993815
GABRO;MÊ¯CZYZNA;3;20993818
GUZMAN;MÊ¯CZYZNA;3;20993821
MERI;MÊ¯CZYZNA;3;20993824
CHIEN THANG;MÊ¯CZYZNA;3;20993827
YOGESHWAR;MÊ¯CZYZNA;3;20993830
LJUBO;MÊ¯CZYZNA;3;20993833
HONG THANH;MÊ¯CZYZNA;3;20993836
ALIYUSIF;MÊ¯CZYZNA;3;20993839
DAGOSZ;MÊ¯CZYZNA;3;20993842
GUI;MÊ¯CZYZNA;3;20993845
ZHANSULTAN;MÊ¯CZYZNA;3;20993848
MITRO;MÊ¯CZYZNA;3;20993851
BOGDAN-ALEXANDRU;MÊ¯CZYZNA;3;20993854
NURUDIN;MÊ¯CZYZNA;3;20993857
VÃN LINH;MÊ¯CZYZNA;3;20993860
GURBANDURDY;MÊ¯CZYZNA;3;20993863
JO?O MARCELO;MÊ¯CZYZNA;3;20993866
BACHA;MÊ¯CZYZNA;3;20993869
SAIDVALI;MÊ¯CZYZNA;3;20993872
YOUSOF;MÊ¯CZYZNA;3;20993875
CHANGGUO;MÊ¯CZYZNA;3;20993878
SIFISO;MÊ¯CZYZNA;3;20993881
JASH;MÊ¯CZYZNA;3;20993884
GAFFAR;MÊ¯CZYZNA;3;20993887
RUNAR;MÊ¯CZYZNA;3;20993890
KEON;MÊ¯CZYZNA;3;20993893
FRANCOIS-XAVIER;MÊ¯CZYZNA;3;20993896
MINH THI;MÊ¯CZYZNA;3;20993899
KOPEL;MÊ¯CZYZNA;3;20993902
ALIES;MÊ¯CZYZNA;3;20993905
MYONG NAM;MÊ¯CZYZNA;3;20993908
DONGHEE;MÊ¯CZYZNA;3;20993911
VÃN TH?N;MÊ¯CZYZNA;3;20993914
VLASTYSLAV;MÊ¯CZYZNA;3;20993917
ARDALAN;MÊ¯CZYZNA;3;20993920
EMILIOS;MÊ¯CZYZNA;3;20993923
DARSHIL;MÊ¯CZYZNA;3;20993926
RODRIGO JR.;MÊ¯CZYZNA;3;20993929
NAZEM;MÊ¯CZYZNA;3;20993932
ALOVSAT;MÊ¯CZYZNA;3;20993935
TOLIBDZHON;MÊ¯CZYZNA;3;20993938
BIKTORI;MÊ¯CZYZNA;3;20993941
GONZAGUE;MÊ¯CZYZNA;3;20993944
DONGJIE;MÊ¯CZYZNA;3;20993947
MICKEL;MÊ¯CZYZNA;3;20993950
PANAYOT;MÊ¯CZYZNA;3;20993953
LIRI;MÊ¯CZYZNA;3;20993956
ANDREO;MÊ¯CZYZNA;3;20993959
MYLOSLAV;MÊ¯CZYZNA;3;20993962
TEODORE;MÊ¯CZYZNA;3;20993965
TYMOFIEJ;MÊ¯CZYZNA;3;20993968
BEER;MÊ¯CZYZNA;3;20993971
YANBIN;MÊ¯CZYZNA;3;20993974
TARAZJUSZ;MÊ¯CZYZNA;3;20993977
DOBRYNYA;MÊ¯CZYZNA;3;20993980
DOANH;MÊ¯CZYZNA;3;20993983
RAVISHANKAR;MÊ¯CZYZNA;3;20993986
SUKHDEV SINGH;MÊ¯CZYZNA;3;20993989
BAZARBAY;MÊ¯CZYZNA;3;20993992
ROMEUSZ;MÊ¯CZYZNA;3;20993995
CLEMENCE;MÊ¯CZYZNA;3;20993998
TRAUGOTT;MÊ¯CZYZNA;3;20994001
DENIM;MÊ¯CZYZNA;3;20994004
MOHANLAL;MÊ¯CZYZNA;3;20994007
NABY;MÊ¯CZYZNA;3;20994010
ANTHONIUS;MÊ¯CZYZNA;3;20994013
HARIKESH;MÊ¯CZYZNA;3;20994016
DEWAN;MÊ¯CZYZNA;3;20994019
VASYLY;MÊ¯CZYZNA;3;20994022
ABDUL SALAM;MÊ¯CZYZNA;3;20994025
LOZAN;MÊ¯CZYZNA;3;20994028
HERO;MÊ¯CZYZNA;3;20994031
CHENGUANG;MÊ¯CZYZNA;3;20994034
V?N C??NG;MÊ¯CZYZNA;3;20994037
ZHAOXU;MÊ¯CZYZNA;3;20994040
VILOR;MÊ¯CZYZNA;3;20994043
AZRAIL;MÊ¯CZYZNA;3;20994046
VAID;MÊ¯CZYZNA;3;20994049
DECAI;MÊ¯CZYZNA;3;20994052
SANGYEON;MÊ¯CZYZNA;3;20994055
INAKENTSI;MÊ¯CZYZNA;3;20994058
OUASSIM;MÊ¯CZYZNA;3;20994061
OLADAPO;MÊ¯CZYZNA;3;20994064
RIGEL;MÊ¯CZYZNA;3;20994067
KODIRKHON;MÊ¯CZYZNA;3;20994070
CHIHIRO;MÊ¯CZYZNA;3;20994073
SANG HOON;MÊ¯CZYZNA;3;20994076
ABRAMO;MÊ¯CZYZNA;3;20994079
ZHONGDONG;MÊ¯CZYZNA;3;20994082
MIROS£AV;MÊ¯CZYZNA;3;20994085
ABDULKADER;MÊ¯CZYZNA;3;20994088
THANH DUC;MÊ¯CZYZNA;3;20994091
JUNHUA;MÊ¯CZYZNA;3;20994094
BHIMRAJ;MÊ¯CZYZNA;3;20994097
?SMAYIL;MÊ¯CZYZNA;3;20994100
FRANCE;MÊ¯CZYZNA;3;20994103
ADHAR;MÊ¯CZYZNA;3;20994106
CAO CUONG;MÊ¯CZYZNA;3;20994109
AMOGH;MÊ¯CZYZNA;3;20994112
LINGJIE;MÊ¯CZYZNA;3;20994115
CHANG GUN;MÊ¯CZYZNA;3;20994118
SEOYUL;MÊ¯CZYZNA;3;20994121
NEDER;MÊ¯CZYZNA;3;20994124
SKIRMANTAS;MÊ¯CZYZNA;3;20994127
BIRHANU;MÊ¯CZYZNA;3;20994130
NEGEV;MÊ¯CZYZNA;3;20994133
V?N HO?NG;MÊ¯CZYZNA;3;20994136
PETRIªOR;MÊ¯CZYZNA;3;20994139
WEBSTER;MÊ¯CZYZNA;3;20994142
VAN CAO;MÊ¯CZYZNA;3;20994145
DOMAS;MÊ¯CZYZNA;3;20994148
EG?LS;MÊ¯CZYZNA;3;20994151
AKIP;MÊ¯CZYZNA;3;20994154
WEILIAN;MÊ¯CZYZNA;3;20994157
GORGI;MÊ¯CZYZNA;3;20994160
AVYUKT;MÊ¯CZYZNA;3;20994163
JUMAR;MÊ¯CZYZNA;3;20994166
BRUK;MÊ¯CZYZNA;3;20994169
LESHEK;MÊ¯CZYZNA;3;20994172
HAI AN;MÊ¯CZYZNA;3;20994175
GEONHEE;MÊ¯CZYZNA;3;20994178
KEONWOO;MÊ¯CZYZNA;3;20994181
SATBIR;MÊ¯CZYZNA;3;20994184
HAL?D;MÊ¯CZYZNA;3;20994187
PATTRICK;MÊ¯CZYZNA;3;20994190
ARESN;MÊ¯CZYZNA;3;20994193
RANTIK;MÊ¯CZYZNA;3;20994196
SOUHEIL;MÊ¯CZYZNA;3;20994199
CECIL;MÊ¯CZYZNA;3;20994202
NINOSLAV;MÊ¯CZYZNA;3;20994205
IOAN-FLORIN;MÊ¯CZYZNA;3;20994208
ELMURODJON;MÊ¯CZYZNA;3;20994211
GERMAIN;MÊ¯CZYZNA;3;20994214
RODIN;MÊ¯CZYZNA;3;20994217
VIJITH;MÊ¯CZYZNA;3;20994220
ZHENLIN;MÊ¯CZYZNA;3;20994223
TANKRED;MÊ¯CZYZNA;3;20994226
SONU KUMAR;MÊ¯CZYZNA;3;20994229
GUANGXIANG;MÊ¯CZYZNA;3;20994232
YAKHYA;MÊ¯CZYZNA;3;20994235
BEª?R;MÊ¯CZYZNA;3;20994238
SHAARAV;MÊ¯CZYZNA;3;20994241
MINH NAM;MÊ¯CZYZNA;3;20994244
OBI;MÊ¯CZYZNA;3;20994247
PARAMVEER;MÊ¯CZYZNA;3;20994250
JUSIF;MÊ¯CZYZNA;3;20994253
CODRIN;MÊ¯CZYZNA;3;20994256
RONN;MÊ¯CZYZNA;3;20994259
JINYONG;MÊ¯CZYZNA;3;20994262
GAZANPAR;MÊ¯CZYZNA;3;20994265
ABDUNAZAR;MÊ¯CZYZNA;3;20994268
NAYANKUMAR;MÊ¯CZYZNA;3;20994271
ALTAIR;MÊ¯CZYZNA;3;20994274
SANSKAR;MÊ¯CZYZNA;3;20994277
HAFID;MÊ¯CZYZNA;3;20994280
SANATBEK;MÊ¯CZYZNA;3;20994283
NADYRBEK;MÊ¯CZYZNA;3;20994286
DIVYESH;MÊ¯CZYZNA;3;20994289
SONG HO;MÊ¯CZYZNA;3;20994292
KEVINAS;MÊ¯CZYZNA;3;20994295
ZAFIR;MÊ¯CZYZNA;3;20994298
NIZAMUDDIN;MÊ¯CZYZNA;3;20994301
JEFREY;MÊ¯CZYZNA;3;20994304
FAYCEL;MÊ¯CZYZNA;3;20994307
KANISHK;MÊ¯CZYZNA;3;20994310
BHASKARA RAO;MÊ¯CZYZNA;3;20994313
SIEGWARD;MÊ¯CZYZNA;3;20994316
NAVJOT SINGH;MÊ¯CZYZNA;3;20994319
MATTHAUS;MÊ¯CZYZNA;3;20994322
WLADYMIR;MÊ¯CZYZNA;3;20994325
COLMAN;MÊ¯CZYZNA;3;20994328
KARTAVYA;MÊ¯CZYZNA;3;20994331
MEHMETHAN;MÊ¯CZYZNA;3;20994334
IRAWAN;MÊ¯CZYZNA;3;20994337
SOUMYA;MÊ¯CZYZNA;3;20994340
WIERUSZ;MÊ¯CZYZNA;3;20994343
JAGMOHAN SINGH;MÊ¯CZYZNA;3;20994346
BOOTA;MÊ¯CZYZNA;3;20994349
ERASMUS;MÊ¯CZYZNA;3;20994352
FEHM?;MÊ¯CZYZNA;3;20994355
KAUE;MÊ¯CZYZNA;3;20994358
SUHYUN;MÊ¯CZYZNA;3;20994361
SOLIJON;MÊ¯CZYZNA;3;20994364
ILYAR;MÊ¯CZYZNA;3;20994367
VANNI;MÊ¯CZYZNA;3;20994370
HIVI;MÊ¯CZYZNA;3;20994373
SHABIN;MÊ¯CZYZNA;3;20994376
HEINI;MÊ¯CZYZNA;3;20994379
RION;MÊ¯CZYZNA;3;20994382
ESHAN;MÊ¯CZYZNA;3;20994385
IANIC;MÊ¯CZYZNA;3;20994388
LABIB;MÊ¯CZYZNA;3;20994391
HEMA;MÊ¯CZYZNA;3;20994394
GEOVANNY;MÊ¯CZYZNA;3;20994397
MD ARIF;MÊ¯CZYZNA;3;20994400
ZORJAN;MÊ¯CZYZNA;3;20994403
IYAS;MÊ¯CZYZNA;3;20994406
SHUHUI;MÊ¯CZYZNA;3;20994409
TIMOTHEE;MÊ¯CZYZNA;3;20994412
RAMUDU;MÊ¯CZYZNA;3;20994415
BEDRETTIN;MÊ¯CZYZNA;3;20994418
PRASOBH;MÊ¯CZYZNA;3;20994421
AFSAR;MÊ¯CZYZNA;3;20994424
QUANG CUONG;MÊ¯CZYZNA;3;20994427
DAYANAT;MÊ¯CZYZNA;3;20994430
MAATI;MÊ¯CZYZNA;3;20994433
KUSHAN;MÊ¯CZYZNA;3;20994436
OVIE;MÊ¯CZYZNA;3;20994439
EDMIR;MÊ¯CZYZNA;3;20994442
YAGSHYGELDI;MÊ¯CZYZNA;3;20994445
YARKIN;MÊ¯CZYZNA;3;20994448
BENIEK;MÊ¯CZYZNA;3;20994451
SZAWE£;MÊ¯CZYZNA;3;20994454
JAKARIA;MÊ¯CZYZNA;3;20994457
PARTHIBAN;MÊ¯CZYZNA;3;20994460
ALINUR;MÊ¯CZYZNA;3;20994463
MUKHAMMADSOLI;MÊ¯CZYZNA;3;20994466
TAGE;MÊ¯CZYZNA;3;20994469
KIMRAN;MÊ¯CZYZNA;3;20994472
HAIJIAO;MÊ¯CZYZNA;3;20994475
LADISLAU;MÊ¯CZYZNA;3;20994478
BARTOLOME;MÊ¯CZYZNA;3;20994481
EINORAS;MÊ¯CZYZNA;3;20994484
SUBAIR;MÊ¯CZYZNA;3;20994487
DECHA;MÊ¯CZYZNA;3;20994490
HANS-ULRICH;MÊ¯CZYZNA;3;20994493
JIBREEL;MÊ¯CZYZNA;3;20994496
SIGFRIDO;MÊ¯CZYZNA;3;20994499
RONGJIE;MÊ¯CZYZNA;3;20994502
KANHAIYA;MÊ¯CZYZNA;3;20994505
REJMOND;MÊ¯CZYZNA;3;20994508
KRITSADA;MÊ¯CZYZNA;3;20994511
CONG VINH;MÊ¯CZYZNA;3;20994514
HANSPETER;MÊ¯CZYZNA;3;20994517
ARISTARH;MÊ¯CZYZNA;3;20994520
WEIYANG;MÊ¯CZYZNA;3;20994523
HERBIN;MÊ¯CZYZNA;3;20994526
JOSÉ CARLOS;MÊ¯CZYZNA;3;20994529
ILDIRIM;MÊ¯CZYZNA;3;20994532
YTZHAK;MÊ¯CZYZNA;3;20994535
VICTORIANO;MÊ¯CZYZNA;3;20994538
YUL;MÊ¯CZYZNA;3;20994541
RIN;MÊ¯CZYZNA;3;20994544
SERGIO ANDRES;MÊ¯CZYZNA;3;20994547
VELENTYN;MÊ¯CZYZNA;3;20994550
ULVU;MÊ¯CZYZNA;3;20994553
LUYEN;MÊ¯CZYZNA;3;20994556
BADRAL;MÊ¯CZYZNA;3;20994559
MITHIL;MÊ¯CZYZNA;3;20994562
JOSCHA;MÊ¯CZYZNA;3;20994565
STRAHINJA;MÊ¯CZYZNA;3;20994568
LOCHLAN;MÊ¯CZYZNA;3;20994571
NG?C TH?NG;MÊ¯CZYZNA;3;20994574
NG?C ??C;MÊ¯CZYZNA;3;20994577
KAZYBEK;MÊ¯CZYZNA;3;20994580
PANDELI;MÊ¯CZYZNA;3;20994583
JOSEL;MÊ¯CZYZNA;3;20994586
JAWOR;MÊ¯CZYZNA;3;20994589
??NH D??NG;MÊ¯CZYZNA;3;20994592
PARDELIAN;MÊ¯CZYZNA;3;20994595
SAPARGALI;MÊ¯CZYZNA;3;20994598
GAMUCHIRAI;MÊ¯CZYZNA;3;20994601
JARIUSZ;MÊ¯CZYZNA;3;20994604
KATIANO;MÊ¯CZYZNA;3;20994607
ULA?;MÊ¯CZYZNA;3;20994610
ELGUDZHA;MÊ¯CZYZNA;3;20994613
BOHUMÍR;MÊ¯CZYZNA;3;20994616
RICKARDO;MÊ¯CZYZNA;3;20994619
HARPER;MÊ¯CZYZNA;3;20994622
DEBASISH;MÊ¯CZYZNA;3;20994625
FORHAD;MÊ¯CZYZNA;3;20994628
MD MOSHARAF;MÊ¯CZYZNA;3;20994631
TALE;MÊ¯CZYZNA;3;20994634
DONATIEN;MÊ¯CZYZNA;3;20994637
ERKHEMBAYAR;MÊ¯CZYZNA;3;20994640
ASAEL;MÊ¯CZYZNA;3;20994643
CAO MINH;MÊ¯CZYZNA;3;20994646
PIROOZ;MÊ¯CZYZNA;3;20994649
KURMA RAO;MÊ¯CZYZNA;3;20994652
OZREN;MÊ¯CZYZNA;3;20994655
CONSTANTIN-COSMIN;MÊ¯CZYZNA;3;20994658
NARESH BABU;MÊ¯CZYZNA;3;20994661
KIELMAN;MÊ¯CZYZNA;3;20994664
EVARISTO;MÊ¯CZYZNA;3;20994667
DAIAN;MÊ¯CZYZNA;3;20994670
FEYRUZ;MÊ¯CZYZNA;3;20994673
SYRYM;MÊ¯CZYZNA;3;20994676
SMITHIN;MÊ¯CZYZNA;3;20994679
JONGJIN;MÊ¯CZYZNA;3;20994682
APOLINARIUSZ;MÊ¯CZYZNA;3;20994685
DONGYUAN;MÊ¯CZYZNA;3;20994688
GOODLUCK;MÊ¯CZYZNA;3;20994691
WANDI;MÊ¯CZYZNA;3;20994694
JEE;MÊ¯CZYZNA;3;20994697
UG?UR;MÊ¯CZYZNA;3;20994700
ZEMING;MÊ¯CZYZNA;3;20994703
PÄR;MÊ¯CZYZNA;3;20994706
FAROUQ;MÊ¯CZYZNA;3;20994709
GEOVANI;MÊ¯CZYZNA;3;20994712
LUI;MÊ¯CZYZNA;3;20994715
KEIGO;MÊ¯CZYZNA;3;20994718
XIANXIANG;MÊ¯CZYZNA;3;20994721
MOHANRAJ;MÊ¯CZYZNA;3;20994724
JORDEN;MÊ¯CZYZNA;3;20994727
GIA KHANG;MÊ¯CZYZNA;3;20994730
SANEL;MÊ¯CZYZNA;3;20994733
KYROS;MÊ¯CZYZNA;3;20994736
TUHIN;MÊ¯CZYZNA;3;20994739
VAGIP;MÊ¯CZYZNA;3;20994742
THORALF;MÊ¯CZYZNA;3;20994745
H?P;MÊ¯CZYZNA;3;20994748
JIKIA;MÊ¯CZYZNA;3;20994751
MIRALEM;MÊ¯CZYZNA;3;20994754
OZODJON;MÊ¯CZYZNA;3;20994757
CÉLESTIN;MÊ¯CZYZNA;3;20994760
PIERRE-VINCENT;MÊ¯CZYZNA;3;20994763
RYUNOSUKE;MÊ¯CZYZNA;3;20994766
SHUKURI;MÊ¯CZYZNA;3;20994769
MONTREE;MÊ¯CZYZNA;3;20994772
ABDUL-KHAMID;MÊ¯CZYZNA;3;20994775
ABRAHIM;MÊ¯CZYZNA;3;20994778
YADHUKRISHNA;MÊ¯CZYZNA;3;20994781
KRISHNARAO;MÊ¯CZYZNA;3;20994784
MANH TIEN;MÊ¯CZYZNA;3;20994787
HARAN;MÊ¯CZYZNA;3;20994790
JUNSEONG;MÊ¯CZYZNA;3;20994793
SUGURU;MÊ¯CZYZNA;3;20994796
JAIVEER;MÊ¯CZYZNA;3;20994799
LEONTIN;MÊ¯CZYZNA;3;20994802
PARSAM;MÊ¯CZYZNA;3;20994805
KLODIAN;MÊ¯CZYZNA;3;20994808
TR?NG TÚ;MÊ¯CZYZNA;3;20994811
RAWI;MÊ¯CZYZNA;3;20994814
NADHIR;MÊ¯CZYZNA;3;20994817
ILNAZ;MÊ¯CZYZNA;3;20994820
ZHAKSHYLYK;MÊ¯CZYZNA;3;20994823
SANGYONG;MÊ¯CZYZNA;3;20994826
MOHAMET;MÊ¯CZYZNA;3;20994829
ERDENEBAT;MÊ¯CZYZNA;3;20994832
ANAMUL;MÊ¯CZYZNA;3;20994835
BINAM;MÊ¯CZYZNA;3;20994838
ANHELLI;MÊ¯CZYZNA;3;20994841
MATHEOS;MÊ¯CZYZNA;3;20994844
CAGLAR;MÊ¯CZYZNA;3;20994847
HAYDN;MÊ¯CZYZNA;3;20994850
VOLDEMARS;MÊ¯CZYZNA;3;20994853
ALESIO;MÊ¯CZYZNA;3;20994856
JANARTHANAN;MÊ¯CZYZNA;3;20994859
GEDALIA;MÊ¯CZYZNA;3;20994862
ZEIAD;MÊ¯CZYZNA;3;20994865
SHIYONG;MÊ¯CZYZNA;3;20994868
KOZMA;MÊ¯CZYZNA;3;20994871
ABAKAR;MÊ¯CZYZNA;3;20994874
JOO HYUN;MÊ¯CZYZNA;3;20994877
ILMI;MÊ¯CZYZNA;3;20994880
FOREST;MÊ¯CZYZNA;3;20994883
MUBASHAR;MÊ¯CZYZNA;3;20994886
DAMIRJON;MÊ¯CZYZNA;3;20994889
PIETER-JAN;MÊ¯CZYZNA;3;20994892
BUSHRA;MÊ¯CZYZNA;3;20994895
SAHID;MÊ¯CZYZNA;3;20994898
EVER;MÊ¯CZYZNA;3;20994901
HAJDIN;MÊ¯CZYZNA;3;20994904
SARKAWT;MÊ¯CZYZNA;3;20994907
SINDOR;MÊ¯CZYZNA;3;20994910
WENXIN;MÊ¯CZYZNA;3;20994913
RAJABALI;MÊ¯CZYZNA;3;20994916
ASANBEK;MÊ¯CZYZNA;3;20994919
GUMRAKH;MÊ¯CZYZNA;3;20994922
B?LGE;MÊ¯CZYZNA;3;20994925
BROWN;MÊ¯CZYZNA;3;20994928
BOGUMIR;MÊ¯CZYZNA;3;20994931
HUNG MANH;MÊ¯CZYZNA;3;20994934
THANH PHONG;MÊ¯CZYZNA;3;20994937
JAYAKUMAR;MÊ¯CZYZNA;3;20994940
MAKSYMUS;MÊ¯CZYZNA;3;20994943
PARMESHWAR;MÊ¯CZYZNA;3;20994946
ZHASMIN;MÊ¯CZYZNA;3;20994949
GAJENDRA;MÊ¯CZYZNA;3;20994952
SALVATOR;MÊ¯CZYZNA;3;20994955
KANDRAT;MÊ¯CZYZNA;3;20994958
MD SHAIFUL;MÊ¯CZYZNA;3;20994961
SIMON-PETER;MÊ¯CZYZNA;3;20994964
CHABAN;MÊ¯CZYZNA;3;20994967
BARO;MÊ¯CZYZNA;3;20994970
UMASANKAR;MÊ¯CZYZNA;3;20994973
VAN PHUNG;MÊ¯CZYZNA;3;20994976
YULIANTO;MÊ¯CZYZNA;3;20994979
GOTWALD;MÊ¯CZYZNA;3;20994982
GATIEN;MÊ¯CZYZNA;3;20994985
MAKREM;MÊ¯CZYZNA;3;20994988
KYRILO;MÊ¯CZYZNA;3;20994991
TOMOO;MÊ¯CZYZNA;3;20994994
RIBIN;MÊ¯CZYZNA;3;20994997
ALISA;MÊ¯CZYZNA;3;20995000
MÁRKUS;MÊ¯CZYZNA;3;20995003
SARKYS;MÊ¯CZYZNA;3;20995006
RAFIEL;MÊ¯CZYZNA;3;20995009
MOHAMMAD ABU;MÊ¯CZYZNA;3;20995012
NYAMDORJ;MÊ¯CZYZNA;3;20995015
ANDAM;MÊ¯CZYZNA;3;20995018
ARYS;MÊ¯CZYZNA;3;20995021
RAINE;MÊ¯CZYZNA;3;20995024
ATMARAM;MÊ¯CZYZNA;3;20995027
MATSAK;MÊ¯CZYZNA;3;20995030
ALISZER;MÊ¯CZYZNA;3;20995033
BAUDOUIN;MÊ¯CZYZNA;3;20995036
TRILOCHAN;MÊ¯CZYZNA;3;20995039
HYEONG;MÊ¯CZYZNA;3;20995042
SEVELIN;MÊ¯CZYZNA;3;20995045
RUP;MÊ¯CZYZNA;3;20995048
ELIÁN;MÊ¯CZYZNA;3;20995051
HARTMUTH;MÊ¯CZYZNA;3;20995054
LYAN;MÊ¯CZYZNA;3;20995057
GAY;MÊ¯CZYZNA;3;20995060
JINHUI;MÊ¯CZYZNA;3;20995063
BAO MINH;MÊ¯CZYZNA;3;20995066
SHICHENG;MÊ¯CZYZNA;3;20995069
SUMEER;MÊ¯CZYZNA;3;20995072
THANH B?NH;MÊ¯CZYZNA;3;20995075
TREY;MÊ¯CZYZNA;3;20995078
YIDONG;MÊ¯CZYZNA;3;20995081
YUBA RAJ;MÊ¯CZYZNA;3;20995084
LAV;MÊ¯CZYZNA;3;20995087
IRMIN;MÊ¯CZYZNA;3;20995090
TIEN MANH;MÊ¯CZYZNA;3;20995093
AVRELII;MÊ¯CZYZNA;3;20995096
VÃN TÝ;MÊ¯CZYZNA;3;20995099
ATSUHIKO;MÊ¯CZYZNA;3;20995102
QUANG HANH;MÊ¯CZYZNA;3;20995105
HOANG LAN;MÊ¯CZYZNA;3;20995108
CARLOS ENRIQUE;MÊ¯CZYZNA;3;20995111
DEDY;MÊ¯CZYZNA;3;20995114
RODIAN;MÊ¯CZYZNA;3;20995117
SUNG CHOL;MÊ¯CZYZNA;3;20995120
SHYNGGYSKHAN;MÊ¯CZYZNA;3;20995123
BIVASH;MÊ¯CZYZNA;3;20995126
RAGHUNANDAN;MÊ¯CZYZNA;3;20995129
NERIYA;MÊ¯CZYZNA;3;20995132
REMIUSZ;MÊ¯CZYZNA;3;20995135
ZAKARIAE;MÊ¯CZYZNA;3;20995138
FRANO;MÊ¯CZYZNA;3;20995141
HASRAT;MÊ¯CZYZNA;3;20995144
MIRONSHOKH;MÊ¯CZYZNA;3;20995147
MOMEN;MÊ¯CZYZNA;3;20995150
NOURI;MÊ¯CZYZNA;3;20995153
MAXAMILIAN;MÊ¯CZYZNA;3;20995156
SHEIK;MÊ¯CZYZNA;3;20995159
HAFEZ;MÊ¯CZYZNA;3;20995162
SADRADDIN;MÊ¯CZYZNA;3;20995165
JUHYUN;MÊ¯CZYZNA;3;20995168
SALVAR;MÊ¯CZYZNA;3;20995171
JASU;MÊ¯CZYZNA;3;20995174
YIZCHAK;MÊ¯CZYZNA;3;20995177
PRATHEEP;MÊ¯CZYZNA;3;20995180
DARSHANKUMAR;MÊ¯CZYZNA;3;20995183
SAHER;MÊ¯CZYZNA;3;20995186
OTOKAR;MÊ¯CZYZNA;3;20995189
GULSHAN;MÊ¯CZYZNA;3;20995192
NG?C HO?NG;MÊ¯CZYZNA;3;20995195
IBO;MÊ¯CZYZNA;3;20995198
JERON;MÊ¯CZYZNA;3;20995201
YIKE;MÊ¯CZYZNA;3;20995204
YAVUZHAN;MÊ¯CZYZNA;3;20995207
SOFIA;MÊ¯CZYZNA;3;20995210
MUHAMMAD FAISAL;MÊ¯CZYZNA;3;20995213
GOCZA;MÊ¯CZYZNA;3;20995216
MINGCONG;MÊ¯CZYZNA;3;20995219
DEOMID;MÊ¯CZYZNA;3;20995222
SZLOMO;MÊ¯CZYZNA;3;20995225
HONG QUANG;MÊ¯CZYZNA;3;20995228
ARKAPRABHA;MÊ¯CZYZNA;3;20995231
GUNTUR;MÊ¯CZYZNA;3;20995234
QINGQING;MÊ¯CZYZNA;3;20995237
XUÂN H?NG;MÊ¯CZYZNA;3;20995240
HANWEI;MÊ¯CZYZNA;3;20995243
PRUTHVI;MÊ¯CZYZNA;3;20995246
OZJASZ;MÊ¯CZYZNA;3;20995249
TEJINDER;MÊ¯CZYZNA;3;20995252
DUMISANI;MÊ¯CZYZNA;3;20995255
HEESUNG;MÊ¯CZYZNA;3;20995258
VILNIS;MÊ¯CZYZNA;3;20995261
HONG THANG;MÊ¯CZYZNA;3;20995264
IRINEL;MÊ¯CZYZNA;3;20995267
CHIKE;MÊ¯CZYZNA;3;20995270
SATHYA;MÊ¯CZYZNA;3;20995273
MINTESNOT;MÊ¯CZYZNA;3;20995276
BOTIRALI;MÊ¯CZYZNA;3;20995279
KAIRATBEK;MÊ¯CZYZNA;3;20995282
SUSANTA;MÊ¯CZYZNA;3;20995285
ABDULBOSID;MÊ¯CZYZNA;3;20995288
ALYMZHAN;MÊ¯CZYZNA;3;20995291
MINCHO;MÊ¯CZYZNA;3;20995294
KELDIBEK;MÊ¯CZYZNA;3;20995297
RAVUL;MÊ¯CZYZNA;3;20995300
MATIJAS;MÊ¯CZYZNA;3;20995303
MTHOKOZISI;MÊ¯CZYZNA;3;20995306
ANTRIKSH;MÊ¯CZYZNA;3;20995309
SAIDOLIM;MÊ¯CZYZNA;3;20995312
UJJAWAL;MÊ¯CZYZNA;3;20995315
COSMA;MÊ¯CZYZNA;3;20995318
BLAGOJA;MÊ¯CZYZNA;3;20995321
CLAUDIUSZ;MÊ¯CZYZNA;3;20995324
RAGHUVEER;MÊ¯CZYZNA;3;20995327
JORENS;MÊ¯CZYZNA;3;20995330
HO?NG KHÔI;MÊ¯CZYZNA;3;20995333
VOVA;MÊ¯CZYZNA;3;20995336
GREGORIY;MÊ¯CZYZNA;3;20995339
STILIAN;MÊ¯CZYZNA;3;20995342
GEORGE-ALEXANDRU;MÊ¯CZYZNA;3;20995345
MARCELLIN;MÊ¯CZYZNA;3;20995348
KYUNGSEOK;MÊ¯CZYZNA;3;20995351
HAMISI;MÊ¯CZYZNA;3;20995354
JAWHER;MÊ¯CZYZNA;3;20995357
ALIZAMIN;MÊ¯CZYZNA;3;20995360
IÁN;MÊ¯CZYZNA;3;20995363
LIJU;MÊ¯CZYZNA;3;20995366
SZERHIJ;MÊ¯CZYZNA;3;20995369
OROZBEK;MÊ¯CZYZNA;3;20995372
GIA KHANH;MÊ¯CZYZNA;3;20995375
ILKHOMBEK;MÊ¯CZYZNA;3;20995378
MADISON;MÊ¯CZYZNA;3;20995381
BOLUWATIFE;MÊ¯CZYZNA;3;20995384
LITE;MÊ¯CZYZNA;3;20995387
VIL;MÊ¯CZYZNA;3;20995390
GUOZHU;MÊ¯CZYZNA;3;20995393
SHREYASH;MÊ¯CZYZNA;3;20995396
BÖRJE;MÊ¯CZYZNA;3;20995399
SAYD-EMIN;MÊ¯CZYZNA;3;20995402
CETIN;MÊ¯CZYZNA;3;20995405
HOANG PHUC;MÊ¯CZYZNA;3;20995408
JOHNATHON;MÊ¯CZYZNA;3;20995411
TH?;MÊ¯CZYZNA;3;20995414
NONO;MÊ¯CZYZNA;3;20995417
ALA EDDINE;MÊ¯CZYZNA;3;20995420
AFEEZ;MÊ¯CZYZNA;3;20995423
NAR;MÊ¯CZYZNA;3;20995426
UBEYDULLAH;MÊ¯CZYZNA;3;20995429
KUMAIL;MÊ¯CZYZNA;3;20995432
TUAN HAI;MÊ¯CZYZNA;3;20995435
ZOHEIR;MÊ¯CZYZNA;3;20995438
HEIN;MÊ¯CZYZNA;3;20995441
GINES;MÊ¯CZYZNA;3;20995444
MOHMAD;MÊ¯CZYZNA;3;20995447
SODNOM;MÊ¯CZYZNA;3;20995450
GURIE;MÊ¯CZYZNA;3;20995453
TRUONG SON;MÊ¯CZYZNA;3;20995456
DESISLAV;MÊ¯CZYZNA;3;20995459
CHENGQI;MÊ¯CZYZNA;3;20995462
MUNTHER;MÊ¯CZYZNA;3;20995465
ANTI;MÊ¯CZYZNA;3;20995468
ADAMS;MÊ¯CZYZNA;3;20995471
ARAVINTH;MÊ¯CZYZNA;3;20995474
BAM;MÊ¯CZYZNA;3;20995477
SVAJ?NAS;MÊ¯CZYZNA;3;20995480
MEDART;MÊ¯CZYZNA;3;20995483
YAHAYA;MÊ¯CZYZNA;3;20995486
JIMMIE;MÊ¯CZYZNA;3;20995489
TAD;MÊ¯CZYZNA;3;20995492
ABDELDJALIL;MÊ¯CZYZNA;3;20995495
HERMANTO;MÊ¯CZYZNA;3;20995498
ABIY;MÊ¯CZYZNA;3;20995501
OIER;MÊ¯CZYZNA;3;20995504
GERARDAS;MÊ¯CZYZNA;3;20995507
KEMIL;MÊ¯CZYZNA;3;20995510
RAMADHANI;MÊ¯CZYZNA;3;20995513
VAN ANH;MÊ¯CZYZNA;3;20995516
HAINZ;MÊ¯CZYZNA;3;20995519
JUHA-MATTI;MÊ¯CZYZNA;3;20995522
TSIHRAN;MÊ¯CZYZNA;3;20995525
JINXI;MÊ¯CZYZNA;3;20995528
GILANG;MÊ¯CZYZNA;3;20995531
GENRI;MÊ¯CZYZNA;3;20995534
FANGLIN;MÊ¯CZYZNA;3;20995537
UMALT;MÊ¯CZYZNA;3;20995540
EYYUB;MÊ¯CZYZNA;3;20995543
WOON;MÊ¯CZYZNA;3;20995546
EL HOUCINE;MÊ¯CZYZNA;3;20995549
BHUPENDER;MÊ¯CZYZNA;3;20995552
ÜMMET;MÊ¯CZYZNA;3;20995555
FILIPH;MÊ¯CZYZNA;3;20995558
QUOC HIEU;MÊ¯CZYZNA;3;20995561
ALTUG;MÊ¯CZYZNA;3;20995564
ZARYAB;MÊ¯CZYZNA;3;20995567
NEALE;MÊ¯CZYZNA;3;20995570
VIRA;MÊ¯CZYZNA;3;20995573
VALERIOS;MÊ¯CZYZNA;3;20995576
ANH V?;MÊ¯CZYZNA;3;20995579
JONNI;MÊ¯CZYZNA;3;20995582
ERDENEJARGAL;MÊ¯CZYZNA;3;20995585
ADEBOWALE;MÊ¯CZYZNA;3;20995588
RUBAN;MÊ¯CZYZNA;3;20995591
YSRAEL;MÊ¯CZYZNA;3;20995594
YOONJAE;MÊ¯CZYZNA;3;20995597
CHAOJUN;MÊ¯CZYZNA;3;20995600
RAJENDRA KUMAR;MÊ¯CZYZNA;3;20995603
BOCHO;MÊ¯CZYZNA;3;20995606
NHÂT;MÊ¯CZYZNA;3;20995609
XINLEI;MÊ¯CZYZNA;3;20995612
OBADIAH;MÊ¯CZYZNA;3;20995615
ABDERRAHMEN;MÊ¯CZYZNA;3;20995618
DIMITRIJS;MÊ¯CZYZNA;3;20995621
ZBYHNÌV;MÊ¯CZYZNA;3;20995624
LIFU;MÊ¯CZYZNA;3;20995627
IRVING;MÊ¯CZYZNA;3;20995630
TOFAZZAL;MÊ¯CZYZNA;3;20995633
TELLY;MÊ¯CZYZNA;3;20995636
JINGUANG;MÊ¯CZYZNA;3;20995639
MANIVANNAN;MÊ¯CZYZNA;3;20995642
GAURANG;MÊ¯CZYZNA;3;20995645
XIONG;MÊ¯CZYZNA;3;20995648
HOSUNG;MÊ¯CZYZNA;3;20995651
VITÌZSLAV;MÊ¯CZYZNA;3;20995654
RONAL;MÊ¯CZYZNA;3;20995657
IAROS£AW;MÊ¯CZYZNA;3;20995660
THANGADURAI;MÊ¯CZYZNA;3;20995663
MD MAHADI;MÊ¯CZYZNA;3;20995666
KHAVAZHDI;MÊ¯CZYZNA;3;20995669
BAYAR;MÊ¯CZYZNA;3;20995672
JONGDAE;MÊ¯CZYZNA;3;20995675
ILKHAN;MÊ¯CZYZNA;3;20995678
NORBERD;MÊ¯CZYZNA;3;20995681
LETISIO;MÊ¯CZYZNA;3;20995684
RAMESHKUMAR;MÊ¯CZYZNA;3;20995687
REYES;MÊ¯CZYZNA;3;20995690
MANORANJAN;MÊ¯CZYZNA;3;20995693
TUMOFII;MÊ¯CZYZNA;3;20995696
OLEKSANRD;MÊ¯CZYZNA;3;20995699
RAUNO;MÊ¯CZYZNA;3;20995702
HENIO;MÊ¯CZYZNA;3;20995705
KUROSH;MÊ¯CZYZNA;3;20995708
ZHONGDA;MÊ¯CZYZNA;3;20995711
ESOSA;MÊ¯CZYZNA;3;20995714
DEME;MÊ¯CZYZNA;3;20995717
MELS;MÊ¯CZYZNA;3;20995720
MANJIT SINGH;MÊ¯CZYZNA;3;20995723
VLADOMYR;MÊ¯CZYZNA;3;20995726
VIDIT;MÊ¯CZYZNA;3;20995729
¼UBOSLAV;MÊ¯CZYZNA;3;20995732
IDIN;MÊ¯CZYZNA;3;20995735
YUMING;MÊ¯CZYZNA;3;20995738
REYAN;MÊ¯CZYZNA;3;20995741
ZAYAAN;MÊ¯CZYZNA;3;20995744
NASTIAN;MÊ¯CZYZNA;3;20995747
ORYST;MÊ¯CZYZNA;3;20995750
OLO;MÊ¯CZYZNA;3;20995753
DANKAN;MÊ¯CZYZNA;3;20995756
LOC;MÊ¯CZYZNA;3;20995759
RIGOBERTO;MÊ¯CZYZNA;3;20995762
FARO;MÊ¯CZYZNA;3;20995765
DADAKHON;MÊ¯CZYZNA;3;20995768
SUKESH;MÊ¯CZYZNA;3;20995771
FOYSAL;MÊ¯CZYZNA;3;20995774
VARIS;MÊ¯CZYZNA;3;20995777
JAEIL;MÊ¯CZYZNA;3;20995780
ASHIQ;MÊ¯CZYZNA;3;20995783
LASHA-GIORGI;MÊ¯CZYZNA;3;20995786
ABILIO;MÊ¯CZYZNA;3;20995789
ABOUBAKR;MÊ¯CZYZNA;3;20995792
MZINGAYE;MÊ¯CZYZNA;3;20995795
OLISA;MÊ¯CZYZNA;3;20995798
HARCHARAN;MÊ¯CZYZNA;3;20995801
MUBARIS;MÊ¯CZYZNA;3;20995804
LAZÃR;MÊ¯CZYZNA;3;20995807
TAEJOON;MÊ¯CZYZNA;3;20995810
ANGE;MÊ¯CZYZNA;3;20995813
GURBAJ;MÊ¯CZYZNA;3;20995816
BESART;MÊ¯CZYZNA;3;20995819
KAU?;MÊ¯CZYZNA;3;20995822
FLAVIAN;MÊ¯CZYZNA;3;20995825
CHOIRUL;MÊ¯CZYZNA;3;20995828
TULASI RAO;MÊ¯CZYZNA;3;20995831
GEDION;MÊ¯CZYZNA;3;20995834
MATIA;MÊ¯CZYZNA;3;20995837
GODWILL;MÊ¯CZYZNA;3;20995840
HARTMUND;MÊ¯CZYZNA;3;20995843
GUUS;MÊ¯CZYZNA;3;20995846
FELLIPE;MÊ¯CZYZNA;3;20995849
MÜNÜR;MÊ¯CZYZNA;3;20995852
FAWZY;MÊ¯CZYZNA;3;20995855
HUILONG;MÊ¯CZYZNA;3;20995858
NYL;MÊ¯CZYZNA;3;20995861
BAKTASH;MÊ¯CZYZNA;3;20995864
MALKIT SINGH;MÊ¯CZYZNA;3;20995867
SOUFYANE;MÊ¯CZYZNA;3;20995870
PARAMJIT;MÊ¯CZYZNA;3;20995873
ABDULBAKI;MÊ¯CZYZNA;3;20995876
JUNHYUNG;MÊ¯CZYZNA;3;20995879
WEICHENG;MÊ¯CZYZNA;3;20995882
GURURAJ;MÊ¯CZYZNA;3;20995885
SHIGEYUKI;MÊ¯CZYZNA;3;20995888
ZHONGHE;MÊ¯CZYZNA;3;20995891
PONG;MÊ¯CZYZNA;3;20995894
QUANG LONG;MÊ¯CZYZNA;3;20995897
ROMAR;MÊ¯CZYZNA;3;20995900
HATIP;MÊ¯CZYZNA;3;20995903
JUWENAL;MÊ¯CZYZNA;3;20995906
SEONGHO;MÊ¯CZYZNA;3;20995909
WEIYU;MÊ¯CZYZNA;3;20995912
KHAJA;MÊ¯CZYZNA;3;20995915
TIMOTE;MÊ¯CZYZNA;3;20995918
DAVAANYAM;MÊ¯CZYZNA;3;20995921
SIAVASH;MÊ¯CZYZNA;3;20995924
KYU;MÊ¯CZYZNA;3;20995927
GUANGLIN;MÊ¯CZYZNA;3;20995930
NANNAN;MÊ¯CZYZNA;3;20995933
VICU;MÊ¯CZYZNA;3;20995936
JAKIV;MÊ¯CZYZNA;3;20995939
DUMITRO;MÊ¯CZYZNA;3;20995942
SUVENDU;MÊ¯CZYZNA;3;20995945
MAGOMIED;MÊ¯CZYZNA;3;20995948
IMANT;MÊ¯CZYZNA;3;20995951
TSUKASA;MÊ¯CZYZNA;3;20995954
TROIAN;MÊ¯CZYZNA;3;20995957
TEJASKUMAR;MÊ¯CZYZNA;3;20995960
REZIKO;MÊ¯CZYZNA;3;20995963
VÃN SANG;MÊ¯CZYZNA;3;20995966
MICOS;MÊ¯CZYZNA;3;20995969
LÜTF?;MÊ¯CZYZNA;3;20995972
NGOC DUNG;MÊ¯CZYZNA;3;20995975
ABDUL-KHAKIM;MÊ¯CZYZNA;3;20995978
JURYJ;MÊ¯CZYZNA;3;20995981
RANGEL;MÊ¯CZYZNA;3;20995984
MADHAVA;MÊ¯CZYZNA;3;20995987
MIFTAHUDIN;MÊ¯CZYZNA;3;20995990
HARK;MÊ¯CZYZNA;3;20995993
DANII;MÊ¯CZYZNA;3;20995996
HUW;MÊ¯CZYZNA;3;20995999
WALERIUSZ;MÊ¯CZYZNA;3;20996002
JAKIM;MÊ¯CZYZNA;3;20996005
NEERAJ KUMAR;MÊ¯CZYZNA;3;20996008
DARIUSCH;MÊ¯CZYZNA;3;20996011
TEOFILO;MÊ¯CZYZNA;3;20996014
SAYYOD;MÊ¯CZYZNA;3;20996017
MEKI;MÊ¯CZYZNA;3;20996020
ORKEN;MÊ¯CZYZNA;3;20996023
TOFIQ;MÊ¯CZYZNA;3;20996026
ERD?NÇ;MÊ¯CZYZNA;3;20996029
NAPO;MÊ¯CZYZNA;3;20996032
SAIDMUROD;MÊ¯CZYZNA;3;20996035
SIMI;MÊ¯CZYZNA;3;20996038
ZOHAIB;MÊ¯CZYZNA;3;20996041
VARDENI;MÊ¯CZYZNA;3;20996044
LUCCAS;MÊ¯CZYZNA;3;20996047
SENCHUK;MÊ¯CZYZNA;3;20996050
RAHUL KUMAR;MÊ¯CZYZNA;3;20996053
WARTAN;MÊ¯CZYZNA;3;20996056
VAHDET;MÊ¯CZYZNA;3;20996059
ELVARD;MÊ¯CZYZNA;3;20996062
DÁRIUS;MÊ¯CZYZNA;3;20996065
ABDOULLAH;MÊ¯CZYZNA;3;20996068
RODZER;MÊ¯CZYZNA;3;20996071
RADYK;MÊ¯CZYZNA;3;20996074
THANH TU?N;MÊ¯CZYZNA;3;20996077
FARMAIL;MÊ¯CZYZNA;3;20996080
ALHARETH;MÊ¯CZYZNA;3;20996083
QAZI;MÊ¯CZYZNA;3;20996086
LAURENTSI;MÊ¯CZYZNA;3;20996089
ASSA;MÊ¯CZYZNA;3;20996092
HERSZEK;MÊ¯CZYZNA;3;20996095
KYOHEI;MÊ¯CZYZNA;3;20996098
ROBBIN;MÊ¯CZYZNA;3;20996101
VALIEV;MÊ¯CZYZNA;3;20996104
HIRAM;MÊ¯CZYZNA;3;20996107
DAZMIR;MÊ¯CZYZNA;3;20996110
VLADKO;MÊ¯CZYZNA;3;20996113
STIV;MÊ¯CZYZNA;3;20996116
NICHOLLAS;MÊ¯CZYZNA;3;20996119
SEMAN;MÊ¯CZYZNA;3;20996122
XIAOQUAN;MÊ¯CZYZNA;3;20996125
ABDUVAKHID;MÊ¯CZYZNA;3;20996128
YONGCHUL;MÊ¯CZYZNA;3;20996131
WANZHONG;MÊ¯CZYZNA;3;20996134
CHENYI;MÊ¯CZYZNA;3;20996137
YEVHENYI;MÊ¯CZYZNA;3;20996140
IBRAT;MÊ¯CZYZNA;3;20996143
Y???TCAN;MÊ¯CZYZNA;3;20996146
INSEONG;MÊ¯CZYZNA;3;20996149
ALIJAN;MÊ¯CZYZNA;3;20996152
DÁRIO;MÊ¯CZYZNA;3;20996155
ARASTUN;MÊ¯CZYZNA;3;20996158
TITIKO;MÊ¯CZYZNA;3;20996161
ANBARASAN;MÊ¯CZYZNA;3;20996164
MD MARUF;MÊ¯CZYZNA;3;20996167
SUDESH;MÊ¯CZYZNA;3;20996170
NURITDIN;MÊ¯CZYZNA;3;20996173
TEOFILOS;MÊ¯CZYZNA;3;20996176
V?N B?NH;MÊ¯CZYZNA;3;20996179
BRYSON;MÊ¯CZYZNA;3;20996182
HYOUNGSEOK;MÊ¯CZYZNA;3;20996185
DONGWEI;MÊ¯CZYZNA;3;20996188
VISA;MÊ¯CZYZNA;3;20996191
MARI;MÊ¯CZYZNA;3;20996194
ZIYODULLA;MÊ¯CZYZNA;3;20996197
NGOC NINH;MÊ¯CZYZNA;3;20996200
JARMO;MÊ¯CZYZNA;3;20996203
SADIN;MÊ¯CZYZNA;3;20996206
BANTI;MÊ¯CZYZNA;3;20996209
NOË;MÊ¯CZYZNA;3;20996212
SEKH;MÊ¯CZYZNA;3;20996215
MINH PH??NG;MÊ¯CZYZNA;3;20996218
AKLILU;MÊ¯CZYZNA;3;20996221
IDAR;MÊ¯CZYZNA;3;20996224
TIANHONG;MÊ¯CZYZNA;3;20996227
BETO;MÊ¯CZYZNA;3;20996230
HO?NG MINH;MÊ¯CZYZNA;3;20996233
ABDUKHALIM;MÊ¯CZYZNA;3;20996236
ÖZENÇ;MÊ¯CZYZNA;3;20996239
KALID;MÊ¯CZYZNA;3;20996242
SALIF;MÊ¯CZYZNA;3;20996245
SERAJ;MÊ¯CZYZNA;3;20996248
SOKRATI;MÊ¯CZYZNA;3;20996251
NOUREDINE;MÊ¯CZYZNA;3;20996254
DIB;MÊ¯CZYZNA;3;20996257
NGIMA;MÊ¯CZYZNA;3;20996260
ZÜLF?KAR;MÊ¯CZYZNA;3;20996263
DOBROGNIEW;MÊ¯CZYZNA;3;20996266
MAGOMED-ALI;MÊ¯CZYZNA;3;20996269
WIELAND;MÊ¯CZYZNA;3;20996272
SYLVAN;MÊ¯CZYZNA;3;20996275
THE THANG;MÊ¯CZYZNA;3;20996278
SABARISH;MÊ¯CZYZNA;3;20996281
L?C;MÊ¯CZYZNA;3;20996284
VAN DU;MÊ¯CZYZNA;3;20996287
TACEDDIN;MÊ¯CZYZNA;3;20996290
MINGHAO;MÊ¯CZYZNA;3;20996293
JAGMOHAN;MÊ¯CZYZNA;3;20996296
ISMON;MÊ¯CZYZNA;3;20996299
CHANG HUN;MÊ¯CZYZNA;3;20996302
ZHUANG;MÊ¯CZYZNA;3;20996305
TASIN;MÊ¯CZYZNA;3;20996308
JELANI;MÊ¯CZYZNA;3;20996311
RYMAS;MÊ¯CZYZNA;3;20996314
ADDAR;MÊ¯CZYZNA;3;20996317
BAL KRISHNA;MÊ¯CZYZNA;3;20996320
KOFI;MÊ¯CZYZNA;3;20996323
NURMUHAMMAD;MÊ¯CZYZNA;3;20996326
ZOIRSHO;MÊ¯CZYZNA;3;20996329
NSHUTI;MÊ¯CZYZNA;3;20996332
ANARGYROS;MÊ¯CZYZNA;3;20996335
YARIK;MÊ¯CZYZNA;3;20996338
PADMA;MÊ¯CZYZNA;3;20996341
ATTE;MÊ¯CZYZNA;3;20996344
EZANA;MÊ¯CZYZNA;3;20996347
YACOOB;MÊ¯CZYZNA;3;20996350
ELYAR;MÊ¯CZYZNA;3;20996353
SANDIPAN;MÊ¯CZYZNA;3;20996356
UNAN;MÊ¯CZYZNA;3;20996359
YUMIN;MÊ¯CZYZNA;3;20996362
GABRIJEL;MÊ¯CZYZNA;3;20996365
SANGHYEOK;MÊ¯CZYZNA;3;20996368
KOMARUDIN;MÊ¯CZYZNA;3;20996371
JAEWOONG;MÊ¯CZYZNA;3;20996374
JATINDER SINGH;MÊ¯CZYZNA;3;20996377
MUTAZ;MÊ¯CZYZNA;3;20996380
BONO;MÊ¯CZYZNA;3;20996383
ERICO;MÊ¯CZYZNA;3;20996386
RABEH;MÊ¯CZYZNA;3;20996389
SOJO;MÊ¯CZYZNA;3;20996392
SIVA PRASAD;MÊ¯CZYZNA;3;20996395
RAHNAR;MÊ¯CZYZNA;3;20996398
JOONA;MÊ¯CZYZNA;3;20996401
AGELOS;MÊ¯CZYZNA;3;20996404
HUANYU;MÊ¯CZYZNA;3;20996407
YONGCHAO;MÊ¯CZYZNA;3;20996410
PETRIA;MÊ¯CZYZNA;3;20996413
SRIJAN;MÊ¯CZYZNA;3;20996416
MIDHAT;MÊ¯CZYZNA;3;20996419
DUC PHUONG;MÊ¯CZYZNA;3;20996422
ZEYD;MÊ¯CZYZNA;3;20996425
LAURENTIUS;MÊ¯CZYZNA;3;20996428
YACOUBA;MÊ¯CZYZNA;3;20996431
XUÂN TRUNG;MÊ¯CZYZNA;3;20996434
MOHAMMED ABDUL;MÊ¯CZYZNA;3;20996437
HERBIE;MÊ¯CZYZNA;3;20996440
YUJIA;MÊ¯CZYZNA;3;20996443
IDA;MÊ¯CZYZNA;3;20996446
GAFURJON;MÊ¯CZYZNA;3;20996449
JAGANNADHA;MÊ¯CZYZNA;3;20996452
GREGER;MÊ¯CZYZNA;3;20996455
YELYZAVETA;MÊ¯CZYZNA;3;20996458
VASYLIEV;MÊ¯CZYZNA;3;20996461
JASHIM;MÊ¯CZYZNA;3;20996464
SUNG HOON;MÊ¯CZYZNA;3;20996467
ZVIKOMBORERO;MÊ¯CZYZNA;3;20996470
ARIM;MÊ¯CZYZNA;3;20996473
MAKHAMADJON;MÊ¯CZYZNA;3;20996476
HAMIDULLAH;MÊ¯CZYZNA;3;20996479
KYYAS;MÊ¯CZYZNA;3;20996482
SILOVAN;MÊ¯CZYZNA;3;20996485
KYUNGJUN;MÊ¯CZYZNA;3;20996488
SAGIB;MÊ¯CZYZNA;3;20996491
BARAA;MÊ¯CZYZNA;3;20996494
YOUNG HOON;MÊ¯CZYZNA;3;20996497
ªAMIL;MÊ¯CZYZNA;3;20996500
KHOKAN;MÊ¯CZYZNA;3;20996503
EDISSON;MÊ¯CZYZNA;3;20996506
DO?N;MÊ¯CZYZNA;3;20996509
SOUHAIEL;MÊ¯CZYZNA;3;20996512
DILLI RAM;MÊ¯CZYZNA;3;20996515
ANDRIV;MÊ¯CZYZNA;3;20996518
FUMIO;MÊ¯CZYZNA;3;20996521
GIYORA;MÊ¯CZYZNA;3;20996524
UMRBEK;MÊ¯CZYZNA;3;20996527
ATAMURAD;MÊ¯CZYZNA;3;20996530
ELBARIZ;MÊ¯CZYZNA;3;20996533
GUBAD;MÊ¯CZYZNA;3;20996536
SUIUNBEK;MÊ¯CZYZNA;3;20996539
BRAN;MÊ¯CZYZNA;3;20996542
ABDURRACHMAN;MÊ¯CZYZNA;3;20996545
HANYONG;MÊ¯CZYZNA;3;20996548
SARATHKUMAR;MÊ¯CZYZNA;3;20996551
FRANCISC;MÊ¯CZYZNA;3;20996554
SUNG MO;MÊ¯CZYZNA;3;20996557
JEET BAHADUR;MÊ¯CZYZNA;3;20996560
YON;MÊ¯CZYZNA;3;20996563
RAJEN;MÊ¯CZYZNA;3;20996566
DUY CHIEN;MÊ¯CZYZNA;3;20996569
VEDAANT;MÊ¯CZYZNA;3;20996572
BALRAJ SINGH;MÊ¯CZYZNA;3;20996575
MITAR;MÊ¯CZYZNA;3;20996578
TAKHAR;MÊ¯CZYZNA;3;20996581
CARLOS MIGUEL;MÊ¯CZYZNA;3;20996584
HONORY;MÊ¯CZYZNA;3;20996587
NASKIDA;MÊ¯CZYZNA;3;20996590
PAIK;MÊ¯CZYZNA;3;20996593
SEZAI;MÊ¯CZYZNA;3;20996596
SAKHAWAT;MÊ¯CZYZNA;3;20996599
BURKHONIDDIN;MÊ¯CZYZNA;3;20996602
DYMYTR;MÊ¯CZYZNA;3;20996605
SAYAD;MÊ¯CZYZNA;3;20996608
SAYD-AKHMED;MÊ¯CZYZNA;3;20996611
JAE HONG;MÊ¯CZYZNA;3;20996614
VALENTINS;MÊ¯CZYZNA;3;20996617
MINCHAN;MÊ¯CZYZNA;3;20996620
ANDRIEY;MÊ¯CZYZNA;3;20996623
JOERI;MÊ¯CZYZNA;3;20996626
ARTO;MÊ¯CZYZNA;3;20996629
JHABINDRA;MÊ¯CZYZNA;3;20996632
KEVALKUMAR;MÊ¯CZYZNA;3;20996635
NESTSER;MÊ¯CZYZNA;3;20996638
OVADIA;MÊ¯CZYZNA;3;20996641
SEONGBIN;MÊ¯CZYZNA;3;20996644
LIVAN;MÊ¯CZYZNA;3;20996647
ADDA;MÊ¯CZYZNA;3;20996650
DINMUKHANBET;MÊ¯CZYZNA;3;20996653
MIKELE;MÊ¯CZYZNA;3;20996656
RESTY;MÊ¯CZYZNA;3;20996659
NOUHOUM;MÊ¯CZYZNA;3;20996662
RAIBULI;MÊ¯CZYZNA;3;20996665
JAUNIUS;MÊ¯CZYZNA;3;20996668
GUOZHONG;MÊ¯CZYZNA;3;20996671
DINMUKHAMED;MÊ¯CZYZNA;3;20996674
BASRI;MÊ¯CZYZNA;3;20996677
SUNG HYUN;MÊ¯CZYZNA;3;20996680
YUNYOUNG;MÊ¯CZYZNA;3;20996683
CADE;MÊ¯CZYZNA;3;20996686
ABDULHAK?M;MÊ¯CZYZNA;3;20996689
DALLIN;MÊ¯CZYZNA;3;20996692
RENO;MÊ¯CZYZNA;3;20996695
AMAIAK;MÊ¯CZYZNA;3;20996698
DEIVIDS;MÊ¯CZYZNA;3;20996701
RAHMATILLO;MÊ¯CZYZNA;3;20996704
FALLOU;MÊ¯CZYZNA;3;20996707
DOMINIEK;MÊ¯CZYZNA;3;20996710
AZAZ;MÊ¯CZYZNA;3;20996713
ALIIEV;MÊ¯CZYZNA;3;20996716
CHAITHANYA;MÊ¯CZYZNA;3;20996719
MAKHAMADSOLI;MÊ¯CZYZNA;3;20996722
NG?C TU?N;MÊ¯CZYZNA;3;20996725
MEIRBEK;MÊ¯CZYZNA;3;20996728
BENDIK;MÊ¯CZYZNA;3;20996731
VAN THIN;MÊ¯CZYZNA;3;20996734
ANSEL;MÊ¯CZYZNA;3;20996737
BADA;MÊ¯CZYZNA;3;20996740
ROLIS£AW;MÊ¯CZYZNA;3;20996743
RIYANSH;MÊ¯CZYZNA;3;20996746
KYLLIAN;MÊ¯CZYZNA;3;20996749
YISAK;MÊ¯CZYZNA;3;20996752
MUHAMMETMYRAT;MÊ¯CZYZNA;3;20996755
LE HUNG;MÊ¯CZYZNA;3;20996758
ELHADJ;MÊ¯CZYZNA;3;20996761
YONGQUAN;MÊ¯CZYZNA;3;20996764
ORTON;MÊ¯CZYZNA;3;20996767
JUNYAO;MÊ¯CZYZNA;3;20996770
HABIBOLLAH;MÊ¯CZYZNA;3;20996773
ALHASSAN;MÊ¯CZYZNA;3;20996776
DIAMANT;MÊ¯CZYZNA;3;20996779
TOUSSAINT;MÊ¯CZYZNA;3;20996782
NUOYI;MÊ¯CZYZNA;3;20996785
IVAN-OLEKSANDR;MÊ¯CZYZNA;3;20996788
V£ADYS£AV;MÊ¯CZYZNA;3;20996791
JOVEL;MÊ¯CZYZNA;3;20996794
XANDRO;MÊ¯CZYZNA;3;20996797
ANJI;MÊ¯CZYZNA;3;20996800
ANTÓN;MÊ¯CZYZNA;3;20996803
RAIMON;MÊ¯CZYZNA;3;20996806
JACE;MÊ¯CZYZNA;3;20996809
VÃN TÂN;MÊ¯CZYZNA;3;20996812
ALYAXEY;MÊ¯CZYZNA;3;20996815
MILIJA;MÊ¯CZYZNA;3;20996818
ARTOUR;MÊ¯CZYZNA;3;20996821
PERUMAL;MÊ¯CZYZNA;3;20996824
VADUM;MÊ¯CZYZNA;3;20996827
MUHAMMAD RASHID;MÊ¯CZYZNA;3;20996830
VITALE;MÊ¯CZYZNA;3;20996833
BELIN;MÊ¯CZYZNA;3;20996836
SHAKAR;MÊ¯CZYZNA;3;20996839
ALYOSHA;MÊ¯CZYZNA;3;20996842
OYTUN;MÊ¯CZYZNA;3;20996845
MARSHAL;MÊ¯CZYZNA;3;20996848
TERUYUKI;MÊ¯CZYZNA;3;20996851
TAEMIN;MÊ¯CZYZNA;3;20996854
DO?A;MÊ¯CZYZNA;3;20996857
PARDALIAN;MÊ¯CZYZNA;3;20996860
MADHAN;MÊ¯CZYZNA;3;20996863
FLORENCIO;MÊ¯CZYZNA;3;20996866
VAN DAO;MÊ¯CZYZNA;3;20996869
JAIN;MÊ¯CZYZNA;3;20996872
WENLIANG;MÊ¯CZYZNA;3;20996875
MANA;MÊ¯CZYZNA;3;20996878
VECHYSLAU;MÊ¯CZYZNA;3;20996881
GILDO;MÊ¯CZYZNA;3;20996884
SUWAN;MÊ¯CZYZNA;3;20996887
ARCADIUS;MÊ¯CZYZNA;3;20996890
SAMUËL;MÊ¯CZYZNA;3;20996893
PATRI;MÊ¯CZYZNA;3;20996896
VIHAR;MÊ¯CZYZNA;3;20996899
KACEM;MÊ¯CZYZNA;3;20996902
EILAY;MÊ¯CZYZNA;3;20996905
DAVLATMUROD;MÊ¯CZYZNA;3;20996908
HEETAE;MÊ¯CZYZNA;3;20996911
IORDACHE;MÊ¯CZYZNA;3;20996914
MOSHARAF;MÊ¯CZYZNA;3;20996917
CHANTI;MÊ¯CZYZNA;3;20996920
SIEBASTIAN;MÊ¯CZYZNA;3;20996923
PRABHJEET;MÊ¯CZYZNA;3;20996926
MEHROB;MÊ¯CZYZNA;3;20996929
MARIANA;MÊ¯CZYZNA;3;20996932
THANH HOAN;MÊ¯CZYZNA;3;20996935
VAGARSHAK;MÊ¯CZYZNA;3;20996938
RASIT;MÊ¯CZYZNA;3;20996941
CLETUS;MÊ¯CZYZNA;3;20996944
MATFIJ;MÊ¯CZYZNA;3;20996947
MD RUHUL;MÊ¯CZYZNA;3;20996950
K?;MÊ¯CZYZNA;3;20996953
SUNGJAE;MÊ¯CZYZNA;3;20996956
ABAT;MÊ¯CZYZNA;3;20996959
BORISS;MÊ¯CZYZNA;3;20996962
HONGXING;MÊ¯CZYZNA;3;20996965
HUYNH;MÊ¯CZYZNA;3;20996968
MOHMMAD;MÊ¯CZYZNA;3;20996971
RADZIWOJ;MÊ¯CZYZNA;3;20996974
TANO;MÊ¯CZYZNA;3;20996977
ARTEMON;MÊ¯CZYZNA;3;20996980
BÛLENT;MÊ¯CZYZNA;3;20996983
SERAFETTIN;MÊ¯CZYZNA;3;20996986
VAYDIN;MÊ¯CZYZNA;3;20996989
HASANJON;MÊ¯CZYZNA;3;20996992
DUC HIEP;MÊ¯CZYZNA;3;20996995
YAUGEN;MÊ¯CZYZNA;3;20996998
OBAFEMI;MÊ¯CZYZNA;3;20997001
WITA£IJ;MÊ¯CZYZNA;3;20997004
ZHAMBAL;MÊ¯CZYZNA;3;20997007
ENRIK;MÊ¯CZYZNA;3;20997010
YONGCHUN;MÊ¯CZYZNA;3;20997013
ERKAL;MÊ¯CZYZNA;3;20997016
HUSHNUDBEK;MÊ¯CZYZNA;3;20997019
YUNHUI;MÊ¯CZYZNA;3;20997022
WES;MÊ¯CZYZNA;3;20997025
ANDRII-MYKOLA;MÊ¯CZYZNA;3;20997028
ARNUR;MÊ¯CZYZNA;3;20997031
JO?O MIGUEL;MÊ¯CZYZNA;3;20997034
HENGYI;MÊ¯CZYZNA;3;20997037
FEYZULLAH;MÊ¯CZYZNA;3;20997040
DANTE JR.;MÊ¯CZYZNA;3;20997043
YOOJIN;MÊ¯CZYZNA;3;20997046
SANGIN;MÊ¯CZYZNA;3;20997049
H??NG;MÊ¯CZYZNA;3;20997052
RAGAVENDRAN;MÊ¯CZYZNA;3;20997055
SAUGAT;MÊ¯CZYZNA;3;20997058
UBALDO;MÊ¯CZYZNA;3;20997061
MANEL;MÊ¯CZYZNA;3;20997064
ÜNSAL;MÊ¯CZYZNA;3;20997067
YOONWOO;MÊ¯CZYZNA;3;20997070
QUANG THO;MÊ¯CZYZNA;3;20997073
ERK?N;MÊ¯CZYZNA;3;20997076
HORACJUSZ;MÊ¯CZYZNA;3;20997079
AKBARKHON;MÊ¯CZYZNA;3;20997082
DAEYOUNG;MÊ¯CZYZNA;3;20997085
HOI;MÊ¯CZYZNA;3;20997088
DONGGEON;MÊ¯CZYZNA;3;20997091
FERMIN;MÊ¯CZYZNA;3;20997094
KATSPER;MÊ¯CZYZNA;3;20997097
PRAYAN;MÊ¯CZYZNA;3;20997100
JAKHANGIR;MÊ¯CZYZNA;3;20997103
BAHADYR;MÊ¯CZYZNA;3;20997106
ALHASSANE;MÊ¯CZYZNA;3;20997109
PATA;MÊ¯CZYZNA;3;20997112
RUSTAMZHON;MÊ¯CZYZNA;3;20997115
ANDOR;MÊ¯CZYZNA;3;20997118
LEEK;MÊ¯CZYZNA;3;20997121
SEMENIUK;MÊ¯CZYZNA;3;20997124
ELIOR;MÊ¯CZYZNA;3;20997127
MO?SE;MÊ¯CZYZNA;3;20997130
MALACHY;MÊ¯CZYZNA;3;20997133
OLINDO;MÊ¯CZYZNA;3;20997136
QINGXIN;MÊ¯CZYZNA;3;20997139
ABDELOUAHID;MÊ¯CZYZNA;3;20997142
HYEOK;MÊ¯CZYZNA;3;20997145
VIET TIEN;MÊ¯CZYZNA;3;20997148
NG?C D?NG;MÊ¯CZYZNA;3;20997151
SWARUP;MÊ¯CZYZNA;3;20997154
SIKANDER;MÊ¯CZYZNA;3;20997157
YIZHOU;MÊ¯CZYZNA;3;20997160
DUC CHUNG;MÊ¯CZYZNA;3;20997163
CHAOYANG;MÊ¯CZYZNA;3;20997166
MICHAEL-ALEXANDER;MÊ¯CZYZNA;3;20997169
JITHESH;MÊ¯CZYZNA;3;20997172
SANNA;MÊ¯CZYZNA;3;20997175
RAZAK;MÊ¯CZYZNA;3;20997178
MAJ;MÊ¯CZYZNA;3;20997181
ARLAND;MÊ¯CZYZNA;3;20997184
HAPPY;MÊ¯CZYZNA;3;20997187
DANESH;MÊ¯CZYZNA;3;20997190
COSTINEL;MÊ¯CZYZNA;3;20997193
BAHJAT;MÊ¯CZYZNA;3;20997196
ÉLIE;MÊ¯CZYZNA;3;20997199
MUTHUKUMAR;MÊ¯CZYZNA;3;20997202
ÇA?RI;MÊ¯CZYZNA;3;20997205
HEAVEN;MÊ¯CZYZNA;3;20997208
AGANYYAZ;MÊ¯CZYZNA;3;20997211
SHINGIRAI;MÊ¯CZYZNA;3;20997214
LIVIN;MÊ¯CZYZNA;3;20997217
BASKARAN;MÊ¯CZYZNA;3;20997220
RAEF;MÊ¯CZYZNA;3;20997223
KHANDAKER;MÊ¯CZYZNA;3;20997226
JANUSZEK;MÊ¯CZYZNA;3;20997229
SÊDZIS£AW;MÊ¯CZYZNA;3;20997232
ARNIL;MÊ¯CZYZNA;3;20997235
FEDERIKO;MÊ¯CZYZNA;3;20997238
TADEUAS;MÊ¯CZYZNA;3;20997241
KRISNA;MÊ¯CZYZNA;3;20997244
XUELI;MÊ¯CZYZNA;3;20997247
MANO;MÊ¯CZYZNA;3;20997250
HASANAGHA;MÊ¯CZYZNA;3;20997253
HASNAT;MÊ¯CZYZNA;3;20997256
WESSAM;MÊ¯CZYZNA;3;20997259
SÛLEYMAN;MÊ¯CZYZNA;3;20997262
BERNARDINO;MÊ¯CZYZNA;3;20997265
GODZIMIR;MÊ¯CZYZNA;3;20997268
MAZLAM;MÊ¯CZYZNA;3;20997271
BOHUSZ;MÊ¯CZYZNA;3;20997274
AUN;MÊ¯CZYZNA;3;20997277
HYUNGJUN;MÊ¯CZYZNA;3;20997280
GIERSZ;MÊ¯CZYZNA;3;20997283
SZILVESZTER;MÊ¯CZYZNA;3;20997286
??C MINH;MÊ¯CZYZNA;3;20997289
STYOPA;MÊ¯CZYZNA;3;20997292
BISHWA;MÊ¯CZYZNA;3;20997295
VEFA;MÊ¯CZYZNA;3;20997298
FERNAND;MÊ¯CZYZNA;3;20997301
HRYHOR;MÊ¯CZYZNA;3;20997304
PUNEETH;MÊ¯CZYZNA;3;20997307
BRADLY;MÊ¯CZYZNA;3;20997310
DMYTRY;MÊ¯CZYZNA;3;20997313
ZHIKUN;MÊ¯CZYZNA;3;20997316
YOGESH KUMAR;MÊ¯CZYZNA;3;20997319
SÉAMUS;MÊ¯CZYZNA;3;20997322
BRAYAN CAMILO;MÊ¯CZYZNA;3;20997325
FRANKLINE;MÊ¯CZYZNA;3;20997328
JINEESH;MÊ¯CZYZNA;3;20997331
KHAMIDILLO;MÊ¯CZYZNA;3;20997334
KHALIMJON;MÊ¯CZYZNA;3;20997337
BIPUL;MÊ¯CZYZNA;3;20997340
ZHONGTIAN;MÊ¯CZYZNA;3;20997343
CLIFTON;MÊ¯CZYZNA;3;20997346
BEBI;MÊ¯CZYZNA;3;20997349
NYOMAN;MÊ¯CZYZNA;3;20997352
BENAOUDA;MÊ¯CZYZNA;3;20997355
NGAN;MÊ¯CZYZNA;3;20997358
TUCKER;MÊ¯CZYZNA;3;20997361
DEZYDER;MÊ¯CZYZNA;3;20997364
FANI;MÊ¯CZYZNA;3;20997367
GEFFEN;MÊ¯CZYZNA;3;20997370
BAMDEV;MÊ¯CZYZNA;3;20997373
OSMON;MÊ¯CZYZNA;3;20997376
YANFENG;MÊ¯CZYZNA;3;20997379
ZHANYSH;MÊ¯CZYZNA;3;20997382
HAOMING;MÊ¯CZYZNA;3;20997385
MAKICH;MÊ¯CZYZNA;3;20997388
MESTWIN;MÊ¯CZYZNA;3;20997391
OCHIRKHUYAG;MÊ¯CZYZNA;3;20997394
ANISIM;MÊ¯CZYZNA;3;20997397
MIKAN;MÊ¯CZYZNA;3;20997400
MONIEK;MÊ¯CZYZNA;3;20997403
CHUKWU;MÊ¯CZYZNA;3;20997406
JIAXIANG;MÊ¯CZYZNA;3;20997409
QUANWEI;MÊ¯CZYZNA;3;20997412
ROMEN;MÊ¯CZYZNA;3;20997415
YEONG;MÊ¯CZYZNA;3;20997418
UYEN;MÊ¯CZYZNA;3;20997421
DONGSU;MÊ¯CZYZNA;3;20997424
KATSUNORI;MÊ¯CZYZNA;3;20997427
TARLOCHAN;MÊ¯CZYZNA;3;20997430
NAVUM;MÊ¯CZYZNA;3;20997433
DEN;MÊ¯CZYZNA;3;20997436
VILMOS;MÊ¯CZYZNA;3;20997439
SHAHUL;MÊ¯CZYZNA;3;20997442
THE MINH;MÊ¯CZYZNA;3;20997445
DEYU;MÊ¯CZYZNA;3;20997448
ELIMIR;MÊ¯CZYZNA;3;20997451
PARNAOZ;MÊ¯CZYZNA;3;20997454
IMRON;MÊ¯CZYZNA;3;20997457
ALI AKBAR;MÊ¯CZYZNA;3;20997460
XUÂN H?O;MÊ¯CZYZNA;3;20997463
ADOMAS;MÊ¯CZYZNA;3;20997466
ANH TUNG;MÊ¯CZYZNA;3;20997469
GIENADI;MÊ¯CZYZNA;3;20997472
LEMAR;MÊ¯CZYZNA;3;20997475
SUBBA;MÊ¯CZYZNA;3;20997478
SARDION;MÊ¯CZYZNA;3;20997481
ADITH;MÊ¯CZYZNA;3;20997484
NISARG;MÊ¯CZYZNA;3;20997487
BEKNUR;MÊ¯CZYZNA;3;20997490
PAUL-ANTOINE;MÊ¯CZYZNA;3;20997493
CHOONG;MÊ¯CZYZNA;3;20997496
BOIAN;MÊ¯CZYZNA;3;20997499
I KADE;MÊ¯CZYZNA;3;20997502
AHAN;MÊ¯CZYZNA;3;20997505
ATREJ;MÊ¯CZYZNA;3;20997508
ZHENPING;MÊ¯CZYZNA;3;20997511
ELIDIUSZ;MÊ¯CZYZNA;3;20997514
CASMIR;MÊ¯CZYZNA;3;20997517
TOMASSO;MÊ¯CZYZNA;3;20997520
TIRTH;MÊ¯CZYZNA;3;20997523
ABDULLOH;MÊ¯CZYZNA;3;20997526
PAUL-LOUIS;MÊ¯CZYZNA;3;20997529
TITU;MÊ¯CZYZNA;3;20997532
UNO;MÊ¯CZYZNA;3;20997535
AMBROZ;MÊ¯CZYZNA;3;20997538
TAOFEEK;MÊ¯CZYZNA;3;20997541
ANMAR;MÊ¯CZYZNA;3;20997544
ZEBURI;MÊ¯CZYZNA;3;20997547
FANEL;MÊ¯CZYZNA;3;20997550
KHAIRI;MÊ¯CZYZNA;3;20997553
ASHISH KUMAR;MÊ¯CZYZNA;3;20997556
SURENDAR;MÊ¯CZYZNA;3;20997559
ASADULLAH;MÊ¯CZYZNA;3;20997562
IEUAN;MÊ¯CZYZNA;3;20997565
ALEKSIEY;MÊ¯CZYZNA;3;20997568
BADIA;MÊ¯CZYZNA;3;20997571
REINCHOLD;MÊ¯CZYZNA;3;20997574
BARISH;MÊ¯CZYZNA;3;20997577
AHMED ALI;MÊ¯CZYZNA;3;20997580
BONY;MÊ¯CZYZNA;3;20997583
HUAJUN;MÊ¯CZYZNA;3;20997586
DILPREET;MÊ¯CZYZNA;3;20997589
DIPIN;MÊ¯CZYZNA;3;20997592
HANS-CHRISTIAN;MÊ¯CZYZNA;3;20997595
GREIG;MÊ¯CZYZNA;3;20997598
QUANGANH;MÊ¯CZYZNA;3;20997601
SHARIQ;MÊ¯CZYZNA;3;20997604
OLTJON;MÊ¯CZYZNA;3;20997607
RONEY;MÊ¯CZYZNA;3;20997610
GULTAZI;MÊ¯CZYZNA;3;20997613
FADEY;MÊ¯CZYZNA;3;20997616
JUNES;MÊ¯CZYZNA;3;20997619
PAOLINO;MÊ¯CZYZNA;3;20997622
TSACHI;MÊ¯CZYZNA;3;20997625
ROELAND;MÊ¯CZYZNA;3;20997628
TIMOTEUS;MÊ¯CZYZNA;3;20997631
WANGDI;MÊ¯CZYZNA;3;20997634
BEKBOLOT;MÊ¯CZYZNA;3;20997637
VÃN ??NH;MÊ¯CZYZNA;3;20997640
AADIL;MÊ¯CZYZNA;3;20997643
NAO;MÊ¯CZYZNA;3;20997646
ACHAL;MÊ¯CZYZNA;3;20997649
IGANCY;MÊ¯CZYZNA;3;20997652
MOBOLAJI;MÊ¯CZYZNA;3;20997655
ANATOLIII;MÊ¯CZYZNA;3;20997658
ZAKHIT;MÊ¯CZYZNA;3;20997661
LUIGJ;MÊ¯CZYZNA;3;20997664
DONIS;MÊ¯CZYZNA;3;20997667
XHELAL;MÊ¯CZYZNA;3;20997670
IRYS£AW;MÊ¯CZYZNA;3;20997673
DMITREY;MÊ¯CZYZNA;3;20997676
JULIJ;MÊ¯CZYZNA;3;20997679
VAN LAN;MÊ¯CZYZNA;3;20997682
SLAH;MÊ¯CZYZNA;3;20997685
KADR?;MÊ¯CZYZNA;3;20997688
GURMIT;MÊ¯CZYZNA;3;20997691
GUILAD;MÊ¯CZYZNA;3;20997694
GEREMIA;MÊ¯CZYZNA;3;20997697
MARCZELLO;MÊ¯CZYZNA;3;20997700
KLIMENTIY;MÊ¯CZYZNA;3;20997703
NIRMAN;MÊ¯CZYZNA;3;20997706
KUBER;MÊ¯CZYZNA;3;20997709
VITEZSLAV;MÊ¯CZYZNA;3;20997712
HUIQUAN;MÊ¯CZYZNA;3;20997715
BINISH;MÊ¯CZYZNA;3;20997718
NECIP;MÊ¯CZYZNA;3;20997721
HAOYI;MÊ¯CZYZNA;3;20997724
TARUNKUMAR;MÊ¯CZYZNA;3;20997727
?KE;MÊ¯CZYZNA;3;20997730
V?N TRÍ;MÊ¯CZYZNA;3;20997733
SOUMITRA;MÊ¯CZYZNA;3;20997736
KHAC CUONG;MÊ¯CZYZNA;3;20997739
KAMLESH KUMAR;MÊ¯CZYZNA;3;20997742
RADAMIR;MÊ¯CZYZNA;3;20997745
DESHAWN;MÊ¯CZYZNA;3;20997748
JASJIT;MÊ¯CZYZNA;3;20997751
SERVIN;MÊ¯CZYZNA;3;20997754
KOZHIN;MÊ¯CZYZNA;3;20997757
XINLE;MÊ¯CZYZNA;3;20997760
GANESH PRASAD;MÊ¯CZYZNA;3;20997763
HASSANALI;MÊ¯CZYZNA;3;20997766
MUKHSINJON;MÊ¯CZYZNA;3;20997769
VYACHESIAV;MÊ¯CZYZNA;3;20997772
BERKKAN;MÊ¯CZYZNA;3;20997775
OVIDIO;MÊ¯CZYZNA;3;20997778
DALEGOR;MÊ¯CZYZNA;3;20997781
AMRUTH;MÊ¯CZYZNA;3;20997784
TIRKESH;MÊ¯CZYZNA;3;20997787
BLASIUS;MÊ¯CZYZNA;3;20997790
FEIXIANG;MÊ¯CZYZNA;3;20997793
HONGBING;MÊ¯CZYZNA;3;20997796
YEUHENI;MÊ¯CZYZNA;3;20997799
UMYTJAN;MÊ¯CZYZNA;3;20997802
MIRZOHID;MÊ¯CZYZNA;3;20997805
NECHEMYA;MÊ¯CZYZNA;3;20997808
LE HUY;MÊ¯CZYZNA;3;20997811
XINGYU;MÊ¯CZYZNA;3;20997814
ARN;MÊ¯CZYZNA;3;20997817
EFEHAN;MÊ¯CZYZNA;3;20997820
TEODORS;MÊ¯CZYZNA;3;20997823
SHAHMAR;MÊ¯CZYZNA;3;20997826
MUKIMJON;MÊ¯CZYZNA;3;20997829
TASLIM;MÊ¯CZYZNA;3;20997832
BAOMING;MÊ¯CZYZNA;3;20997835
PAVIO;MÊ¯CZYZNA;3;20997838
PRINCETON;MÊ¯CZYZNA;3;20997841
MATSEI;MÊ¯CZYZNA;3;20997844
BEN ZION;MÊ¯CZYZNA;3;20997847
MATTHAEUS;MÊ¯CZYZNA;3;20997850
THANH TUYEN;MÊ¯CZYZNA;3;20997853
BALJEET;MÊ¯CZYZNA;3;20997856
ZDRAWKO;MÊ¯CZYZNA;3;20997859
DUY HIEN;MÊ¯CZYZNA;3;20997862
XUAN SON;MÊ¯CZYZNA;3;20997865
HESSEL;MÊ¯CZYZNA;3;20997868
BAOWEN;MÊ¯CZYZNA;3;20997871
AZARIJ;MÊ¯CZYZNA;3;20997874
DELWAR;MÊ¯CZYZNA;3;20997877
JUNGJIN;MÊ¯CZYZNA;3;20997880
SEDDIK;MÊ¯CZYZNA;3;20997883
REVI;MÊ¯CZYZNA;3;20997886
YAVHEN;MÊ¯CZYZNA;3;20997889
FAHRETT?N;MÊ¯CZYZNA;3;20997892
MAKARI;MÊ¯CZYZNA;3;20997895
YLL;MÊ¯CZYZNA;3;20997898
MANGAL;MÊ¯CZYZNA;3;20997901
HOLUB;MÊ¯CZYZNA;3;20997904
SHER BAHADUR;MÊ¯CZYZNA;3;20997907
NURJAN;MÊ¯CZYZNA;3;20997910
DONART;MÊ¯CZYZNA;3;20997913
KIL SONG;MÊ¯CZYZNA;3;20997916
JIBRAN;MÊ¯CZYZNA;3;20997919
NEVAN;MÊ¯CZYZNA;3;20997922
IKRAMJON;MÊ¯CZYZNA;3;20997925
JOHN-PAUL;MÊ¯CZYZNA;3;20997928
VENANCIO;MÊ¯CZYZNA;3;20997931
TSVETOMIR;MÊ¯CZYZNA;3;20997934
WANJUN;MÊ¯CZYZNA;3;20997937
CERI;MÊ¯CZYZNA;3;20997940
SHAMEER;MÊ¯CZYZNA;3;20997943
D¯ONY;MÊ¯CZYZNA;3;20997946
YOU;MÊ¯CZYZNA;3;20997949
JOS;MÊ¯CZYZNA;3;20997952
KULVINDER SINGH;MÊ¯CZYZNA;3;20997955
RIVAS;MÊ¯CZYZNA;3;20997958
ZHAOPING;MÊ¯CZYZNA;3;20997961
RAIMBEK;MÊ¯CZYZNA;3;20997964
KIDUS;MÊ¯CZYZNA;3;20997967
NURHIDAYAT;MÊ¯CZYZNA;3;20997970
CYRIAN;MÊ¯CZYZNA;3;20997973
ABDULKER?M;MÊ¯CZYZNA;3;20997976
ORKAN;MÊ¯CZYZNA;3;20997979
SODIKIN;MÊ¯CZYZNA;3;20997982
IFTAH;MÊ¯CZYZNA;3;20997985
NARESH KUMAR;MÊ¯CZYZNA;3;20997988
BELMIRO;MÊ¯CZYZNA;3;20997991
VAN VUONG;MÊ¯CZYZNA;3;20997994
SVETLAN;MÊ¯CZYZNA;3;20997997
WENQI;MÊ¯CZYZNA;3;20998000
MATWI;MÊ¯CZYZNA;3;20998003
MUHAILO;MÊ¯CZYZNA;3;20998006
DEVARAJ;MÊ¯CZYZNA;3;20998009
MIKITO;MÊ¯CZYZNA;3;20998012
NILANJAN;MÊ¯CZYZNA;3;20998015
DILEEP KUMAR;MÊ¯CZYZNA;3;20998018
GÜLTEKIN;MÊ¯CZYZNA;3;20998021
SALYH;MÊ¯CZYZNA;3;20998024
ABD ALLAH;MÊ¯CZYZNA;3;20998027
ABDÜLKAD?R;MÊ¯CZYZNA;3;20998030
MAKUTA;MÊ¯CZYZNA;3;20998033
YEREMIIA;MÊ¯CZYZNA;3;20998036
STRATOS;MÊ¯CZYZNA;3;20998039
TAEJIN;MÊ¯CZYZNA;3;20998042
LIANGJIE;MÊ¯CZYZNA;3;20998045
ZIGMUND;MÊ¯CZYZNA;3;20998048
SYARIF;MÊ¯CZYZNA;3;20998051
NEHAD;MÊ¯CZYZNA;3;20998054
HIDEAKI;MÊ¯CZYZNA;3;20998057
MEZIANE;MÊ¯CZYZNA;3;20998060
CAMDEN;MÊ¯CZYZNA;3;20998063
ANBARASU;MÊ¯CZYZNA;3;20998066
THEUNIS;MÊ¯CZYZNA;3;20998069
JAREMIUSZ;MÊ¯CZYZNA;3;20998072
XIAOCHEN;MÊ¯CZYZNA;3;20998075
KIFAH;MÊ¯CZYZNA;3;20998078
AMEYA;MÊ¯CZYZNA;3;20998081
ARISTARCH;MÊ¯CZYZNA;3;20998084
KIRANKUMAR;MÊ¯CZYZNA;3;20998087
ARTSIOMI;MÊ¯CZYZNA;3;20998090
SADULA;MÊ¯CZYZNA;3;20998093
BORHAN;MÊ¯CZYZNA;3;20998096
NAYEEM;MÊ¯CZYZNA;3;20998099
CHOI;MÊ¯CZYZNA;3;20998102
KHALADIN;MÊ¯CZYZNA;3;20998105
ALAAN;MÊ¯CZYZNA;3;20998108
DO?A;MÊ¯CZYZNA;3;20998111
TSERING;MÊ¯CZYZNA;3;20998114
KALI;MÊ¯CZYZNA;3;20998117
HAZIM;MÊ¯CZYZNA;3;20998120
ARWYDAS;MÊ¯CZYZNA;3;20998123
MANFREDO;MÊ¯CZYZNA;3;20998126
HANNADII;MÊ¯CZYZNA;3;20998129
GUILI;MÊ¯CZYZNA;3;20998132
DILSON;MÊ¯CZYZNA;3;20998135
SOSLANI;MÊ¯CZYZNA;3;20998138
NÍCOLAS;MÊ¯CZYZNA;3;20998141
LALEK;MÊ¯CZYZNA;3;20998144
URIM;MÊ¯CZYZNA;3;20998147
KHRYSTYNA;MÊ¯CZYZNA;3;20998150
VJACESLAV;MÊ¯CZYZNA;3;20998153
MAVRIK;MÊ¯CZYZNA;3;20998156
WEITING;MÊ¯CZYZNA;3;20998159
ASROFI;MÊ¯CZYZNA;3;20998162
FRANCIEK;MÊ¯CZYZNA;3;20998165
SASIKUMAR;MÊ¯CZYZNA;3;20998168
RIYADI;MÊ¯CZYZNA;3;20998171
MD RASHEDUL;MÊ¯CZYZNA;3;20998174
JOSELITO JR.;MÊ¯CZYZNA;3;20998177
JOEBERT;MÊ¯CZYZNA;3;20998180
WLODEK;MÊ¯CZYZNA;3;20998183
SOTIR;MÊ¯CZYZNA;3;20998186
ULPAT;MÊ¯CZYZNA;3;20998189
ATIT;MÊ¯CZYZNA;3;20998192
MELKAMU;MÊ¯CZYZNA;3;20998195
MITCH;MÊ¯CZYZNA;3;20998198
SEROZHA;MÊ¯CZYZNA;3;20998201
ESMERALDO;MÊ¯CZYZNA;3;20998204
KUSAI;MÊ¯CZYZNA;3;20998207
GIGEL;MÊ¯CZYZNA;3;20998210
SHYNGYSKHAN;MÊ¯CZYZNA;3;20998213
KAWALJEET;MÊ¯CZYZNA;3;20998216
MD EMRAN;MÊ¯CZYZNA;3;20998219
G?BOR;MÊ¯CZYZNA;3;20998222
KUMARAVEL;MÊ¯CZYZNA;3;20998225
SURACH;MÊ¯CZYZNA;3;20998228
DAMAN;MÊ¯CZYZNA;3;20998231
APOLONI;MÊ¯CZYZNA;3;20998234
QISHENG;MÊ¯CZYZNA;3;20998237
HIRSH;MÊ¯CZYZNA;3;20998240
OKAY;MÊ¯CZYZNA;3;20998243
MANDIP;MÊ¯CZYZNA;3;20998246
MASKURI;MÊ¯CZYZNA;3;20998249
SHOUVIK;MÊ¯CZYZNA;3;20998252
VIADYSLAV;MÊ¯CZYZNA;3;20998255
DO?ANCAN;MÊ¯CZYZNA;3;20998258
MUNTAZIR;MÊ¯CZYZNA;3;20998261
VLASYSLAV;MÊ¯CZYZNA;3;20998264
H?I ?ÃNG;MÊ¯CZYZNA;3;20998267
JHON ALEXANDER;MÊ¯CZYZNA;3;20998270
BRENDEN;MÊ¯CZYZNA;3;20998273
EVGENYI;MÊ¯CZYZNA;3;20998276
WESSEL;MÊ¯CZYZNA;3;20998279
HYUNSEO;MÊ¯CZYZNA;3;20998282
SHLOK;MÊ¯CZYZNA;3;20998285
QUANG DAT;MÊ¯CZYZNA;3;20998288
VEPALY;MÊ¯CZYZNA;3;20998291
SHIQI;MÊ¯CZYZNA;3;20998294
ZAVIER;MÊ¯CZYZNA;3;20998297
NOAN;MÊ¯CZYZNA;3;20998300
MOYSÉS;MÊ¯CZYZNA;3;20998303
ANYKII;MÊ¯CZYZNA;3;20998306
SIBY;MÊ¯CZYZNA;3;20998309
OLATUNJI;MÊ¯CZYZNA;3;20998312
ALIBABA;MÊ¯CZYZNA;3;20998315
XINGXING;MÊ¯CZYZNA;3;20998318
LEON?DS;MÊ¯CZYZNA;3;20998321
SALAUDDIN;MÊ¯CZYZNA;3;20998324
LESZKO;MÊ¯CZYZNA;3;20998327
AGEUSZ;MÊ¯CZYZNA;3;20998330
JEAN-GABRIEL;MÊ¯CZYZNA;3;20998333
ANDRIEI;MÊ¯CZYZNA;3;20998336
REINOUT;MÊ¯CZYZNA;3;20998339
KIT;MÊ¯CZYZNA;3;20998342
ZHIWU;MÊ¯CZYZNA;3;20998345
ZYAD;MÊ¯CZYZNA;3;20998348
JAKIW;MÊ¯CZYZNA;3;20998351
RAYNER;MÊ¯CZYZNA;3;20998354
KAEL;MÊ¯CZYZNA;3;20998357
C?HANG?R;MÊ¯CZYZNA;3;20998360
NETRA BAHADUR;MÊ¯CZYZNA;3;20998363
BESTUN;MÊ¯CZYZNA;3;20998366
ABANOUB;MÊ¯CZYZNA;3;20998369
CARLTON;MÊ¯CZYZNA;3;20998372
YOKUB;MÊ¯CZYZNA;3;20998375
XIUGUO;MÊ¯CZYZNA;3;20998378
BERDINAZAR;MÊ¯CZYZNA;3;20998381
VARG;MÊ¯CZYZNA;3;20998384
RUHIN;MÊ¯CZYZNA;3;20998387
ANJIBABU;MÊ¯CZYZNA;3;20998390
FRANCISCO DE ASIS;MÊ¯CZYZNA;3;20998393
MARIYA;MÊ¯CZYZNA;3;20998396
GUENTHER;MÊ¯CZYZNA;3;20998399
SYLWIO;MÊ¯CZYZNA;3;20998402
LAWSON;MÊ¯CZYZNA;3;20998405
YAROSLAU;MÊ¯CZYZNA;3;20998408
SHINJIRO;MÊ¯CZYZNA;3;20998411
JULIANUS;MÊ¯CZYZNA;3;20998414
JAYAKRISHNAN;MÊ¯CZYZNA;3;20998417
JASIU;MÊ¯CZYZNA;3;20998420
VÃN QUÝ;MÊ¯CZYZNA;3;20998423
GUDDU;MÊ¯CZYZNA;3;20998426
JAEYONG;MÊ¯CZYZNA;3;20998429
MORO;MÊ¯CZYZNA;3;20998432
SHUANGWEI;MÊ¯CZYZNA;3;20998435
DYTRYCH;MÊ¯CZYZNA;3;20998438
OLEKDANDR;MÊ¯CZYZNA;3;20998441
OLUKAYODE;MÊ¯CZYZNA;3;20998444
BIVEK;MÊ¯CZYZNA;3;20998447
ATANIYAZ;MÊ¯CZYZNA;3;20998450
NAGESWARA RAO;MÊ¯CZYZNA;3;20998453
SAI KIRAN;MÊ¯CZYZNA;3;20998456
DADANG;MÊ¯CZYZNA;3;20998459
BIBAS;MÊ¯CZYZNA;3;20998462
V?N H?I;MÊ¯CZYZNA;3;20998465
TAIEB;MÊ¯CZYZNA;3;20998468
SOTYRIS;MÊ¯CZYZNA;3;20998471
SHAKHBULAT;MÊ¯CZYZNA;3;20998474
OJAS;MÊ¯CZYZNA;3;20998477
JORGE ALBERTO;MÊ¯CZYZNA;3;20998480
THOAI;MÊ¯CZYZNA;3;20998483
RUEDIGER;MÊ¯CZYZNA;3;20998486
JUNGYONG;MÊ¯CZYZNA;3;20998489
AKEEL;MÊ¯CZYZNA;3;20998492
ORZUBEK;MÊ¯CZYZNA;3;20998495
LIEM;MÊ¯CZYZNA;3;20998498
KAIETAN;MÊ¯CZYZNA;3;20998501
WENDELL;MÊ¯CZYZNA;3;20998504
QINGBO;MÊ¯CZYZNA;3;20998507
ALNUR;MÊ¯CZYZNA;3;20998510
MAYURESH;MÊ¯CZYZNA;3;20998513
CHIH;MÊ¯CZYZNA;3;20998516
MEREKE;MÊ¯CZYZNA;3;20998519
MUSOKHON;MÊ¯CZYZNA;3;20998522
KARANPREET;MÊ¯CZYZNA;3;20998525
HERALD;MÊ¯CZYZNA;3;20998528
DOMINADOR JR.;MÊ¯CZYZNA;3;20998531
PARIMAL;MÊ¯CZYZNA;3;20998534
LOUI;MÊ¯CZYZNA;3;20998537
ISHWAR;MÊ¯CZYZNA;3;20998540
CHANDRA SEKHAR;MÊ¯CZYZNA;3;20998543
BERHANU;MÊ¯CZYZNA;3;20998546
GUYLAIN;MÊ¯CZYZNA;3;20998549
KHIKMAT;MÊ¯CZYZNA;3;20998552
JARRED;MÊ¯CZYZNA;3;20998555
OMIKO;MÊ¯CZYZNA;3;20998558
ALVAN;MÊ¯CZYZNA;3;20998561
ATAKHAN;MÊ¯CZYZNA;3;20998564
SHERZODJON;MÊ¯CZYZNA;3;20998567
KHAGAN;MÊ¯CZYZNA;3;20998570
LAKHVIR SINGH;MÊ¯CZYZNA;3;20998573
DIVYA;MÊ¯CZYZNA;3;20998576
VEHB?;MÊ¯CZYZNA;3;20998579
CEVIN;MÊ¯CZYZNA;3;20998582
KUMA;MÊ¯CZYZNA;3;20998585
TRUNG HAI;MÊ¯CZYZNA;3;20998588
XINCHEN;MÊ¯CZYZNA;3;20998591
DAVIDSON;MÊ¯CZYZNA;3;20998594
DOMYS£AW;MÊ¯CZYZNA;3;20998597
NOUR EDDINE;MÊ¯CZYZNA;3;20998600
LONGXIANG;MÊ¯CZYZNA;3;20998603
HEMAL;MÊ¯CZYZNA;3;20998606
VAN BANG;MÊ¯CZYZNA;3;20998609
ETGAR;MÊ¯CZYZNA;3;20998612
CHANGWEI;MÊ¯CZYZNA;3;20998615
MATSVEY;MÊ¯CZYZNA;3;20998618
VÃN NG?C;MÊ¯CZYZNA;3;20998621
MINGKUN;MÊ¯CZYZNA;3;20998624
SIVAPRASAD;MÊ¯CZYZNA;3;20998627
VAMSHI;MÊ¯CZYZNA;3;20998630
DAROMIN;MÊ¯CZYZNA;3;20998633
CARY;MÊ¯CZYZNA;3;20998636
JULIE;MÊ¯CZYZNA;3;20998639
MORSHED;MÊ¯CZYZNA;3;20998642
VICTOR-MIHAI;MÊ¯CZYZNA;3;20998645
MOHAMED ANIS;MÊ¯CZYZNA;3;20998648
BO¯IDAR;MÊ¯CZYZNA;3;20998651
ROBY;MÊ¯CZYZNA;3;20998654
XUAN PHU;MÊ¯CZYZNA;3;20998657
JOÂO;MÊ¯CZYZNA;3;20998660
DAVRONJON;MÊ¯CZYZNA;3;20998663
ALIMARDAN;MÊ¯CZYZNA;3;20998666
VILDAN;MÊ¯CZYZNA;3;20998669
ABDULLAZIZ;MÊ¯CZYZNA;3;20998672
JIWOO;MÊ¯CZYZNA;3;20998675
ADRIAN-FLORIN;MÊ¯CZYZNA;3;20998678
KUSHAGRA;MÊ¯CZYZNA;3;20998681
JELYSEJ;MÊ¯CZYZNA;3;20998684
HYUNGJIN;MÊ¯CZYZNA;3;20998687
SHOHRUH;MÊ¯CZYZNA;3;20998690
ROMAL;MÊ¯CZYZNA;3;20998693
CHAM;MÊ¯CZYZNA;3;20998696
KHATAI;MÊ¯CZYZNA;3;20998699
JUNYU;MÊ¯CZYZNA;3;20998702
MUHAMMET ENES;MÊ¯CZYZNA;3;20998705
ALKIVIADIS;MÊ¯CZYZNA;3;20998708
HAMIDULLO;MÊ¯CZYZNA;3;20998711
AKHVERDI;MÊ¯CZYZNA;3;20998714
JOMER;MÊ¯CZYZNA;3;20998717
KWABENA;MÊ¯CZYZNA;3;20998720
MARCZELO;MÊ¯CZYZNA;3;20998723
MAKSIMAS;MÊ¯CZYZNA;3;20998726
ROBYN;MÊ¯CZYZNA;3;20998729
JÉR?ME;MÊ¯CZYZNA;3;20998732
ISOKJON;MÊ¯CZYZNA;3;20998735
SEYMEN;MÊ¯CZYZNA;3;20998738
DELSON;MÊ¯CZYZNA;3;20998741
PAVLOV;MÊ¯CZYZNA;3;20998744
LIUDVIG;MÊ¯CZYZNA;3;20998747
EASTON;MÊ¯CZYZNA;3;20998750
MD MAHBUBUR;MÊ¯CZYZNA;3;20998753
HOMAM;MÊ¯CZYZNA;3;20998756
QUADRI;MÊ¯CZYZNA;3;20998759
KIEM;MÊ¯CZYZNA;3;20998762
SANAL KUMAR;MÊ¯CZYZNA;3;20998765
ELIRAZ;MÊ¯CZYZNA;3;20998768
TAYLY;MÊ¯CZYZNA;3;20998771
IDI;MÊ¯CZYZNA;3;20998774
RIHO;MÊ¯CZYZNA;3;20998777
MEDHI;MÊ¯CZYZNA;3;20998780
KAILAS;MÊ¯CZYZNA;3;20998783
OTT;MÊ¯CZYZNA;3;20998786
CHIRAN;MÊ¯CZYZNA;3;20998789
NIKULKUMAR;MÊ¯CZYZNA;3;20998792
KOK;MÊ¯CZYZNA;3;20998795
MUTALIB;MÊ¯CZYZNA;3;20998798
GRYGORYI;MÊ¯CZYZNA;3;20998801
OLESKANDR;MÊ¯CZYZNA;3;20998804
DINDO;MÊ¯CZYZNA;3;20998807
AZIMDZHON;MÊ¯CZYZNA;3;20998810
SAIDBEK;MÊ¯CZYZNA;3;20998813
VAN NINH;MÊ¯CZYZNA;3;20998816
QUOC VAN;MÊ¯CZYZNA;3;20998819
JUWEL;MÊ¯CZYZNA;3;20998822
KOSMAS;MÊ¯CZYZNA;3;20998825
ELIAD;MÊ¯CZYZNA;3;20998828
JIANYI;MÊ¯CZYZNA;3;20998831
IZMIR;MÊ¯CZYZNA;3;20998834
BURAKCAN;MÊ¯CZYZNA;3;20998837
BAHAR;MÊ¯CZYZNA;3;20998840
KYONG SU;MÊ¯CZYZNA;3;20998843
KASYAN;MÊ¯CZYZNA;3;20998846
JONNE;MÊ¯CZYZNA;3;20998849
MUKHAMMADKODIR;MÊ¯CZYZNA;3;20998852
ARMUR;MÊ¯CZYZNA;3;20998855
NICODEMUS;MÊ¯CZYZNA;3;20998858
WEIGUANG;MÊ¯CZYZNA;3;20998861
KUVONDIK;MÊ¯CZYZNA;3;20998864
SAVIN;MÊ¯CZYZNA;3;20998867
ÓLIVER;MÊ¯CZYZNA;3;20998870
GUSTÁV;MÊ¯CZYZNA;3;20998873
BAIKHAN;MÊ¯CZYZNA;3;20998876
RAMESH KUMAR;MÊ¯CZYZNA;3;20998879
ARSLON;MÊ¯CZYZNA;3;20998882
ALI MURAT;MÊ¯CZYZNA;3;20998885
WIEROS£AW;MÊ¯CZYZNA;3;20998888
JONG CHOL;MÊ¯CZYZNA;3;20998891
GARUSH;MÊ¯CZYZNA;3;20998894
MILYO;MÊ¯CZYZNA;3;20998897
DAL;MÊ¯CZYZNA;3;20998900
SANDIPKUMAR;MÊ¯CZYZNA;3;20998903
MADY;MÊ¯CZYZNA;3;20998906
NUHZAR;MÊ¯CZYZNA;3;20998909
ROOSEVELT;MÊ¯CZYZNA;3;20998912
HÉDI;MÊ¯CZYZNA;3;20998915
KONSTANTIS;MÊ¯CZYZNA;3;20998918
LIANYI;MÊ¯CZYZNA;3;20998921
RUKHIN;MÊ¯CZYZNA;3;20998924
SRINIVASARAO;MÊ¯CZYZNA;3;20998927
ULADZSLAU;MÊ¯CZYZNA;3;20998930
VIADISIAV;MÊ¯CZYZNA;3;20998933
ABDUKHAKIM;MÊ¯CZYZNA;3;20998936
MANAR;MÊ¯CZYZNA;3;20998939
KHIDIRNABI;MÊ¯CZYZNA;3;20998942
ARABBOY;MÊ¯CZYZNA;3;20998945
OYATILLO;MÊ¯CZYZNA;3;20998948
ALHIS;MÊ¯CZYZNA;3;20998951
TAJSON;MÊ¯CZYZNA;3;20998954
ROSTYSLAV-IVAN;MÊ¯CZYZNA;3;20998957
XIANPING;MÊ¯CZYZNA;3;20998960
AURANGZEB;MÊ¯CZYZNA;3;20998963
PLACIDO;MÊ¯CZYZNA;3;20998966
BASU;MÊ¯CZYZNA;3;20998969
CHEICK;MÊ¯CZYZNA;3;20998972
WAHAB;MÊ¯CZYZNA;3;20998975
MARC-OLIVIER;MÊ¯CZYZNA;3;20998978
JUNHEE;MÊ¯CZYZNA;3;20998981
KAIWEN;MÊ¯CZYZNA;3;20998984
BAGMAN;MÊ¯CZYZNA;3;20998987
XIU;MÊ¯CZYZNA;3;20998990
YAROSVIT;MÊ¯CZYZNA;3;20998993
SAIED;MÊ¯CZYZNA;3;20998996
CRISTO;MÊ¯CZYZNA;3;20998999
MITYO;MÊ¯CZYZNA;3;20999002
MANMEET;MÊ¯CZYZNA;3;20999005
JYOTIRMOY;MÊ¯CZYZNA;3;20999008
ROKHMAN;MÊ¯CZYZNA;3;20999011
KABILAN;MÊ¯CZYZNA;3;20999014
??NH LONG;MÊ¯CZYZNA;3;20999017
SAIDUMARKHON;MÊ¯CZYZNA;3;20999020
ZABIL;MÊ¯CZYZNA;3;20999023
AIVIS;MÊ¯CZYZNA;3;20999026
KAYAHAN;MÊ¯CZYZNA;3;20999029
ALI RIZA;MÊ¯CZYZNA;3;20999032
RASTYSLAV;MÊ¯CZYZNA;3;20999035
YUKIHIRO;MÊ¯CZYZNA;3;20999038
CONSTANTIN-MARIUS;MÊ¯CZYZNA;3;20999041
MUKTAR;MÊ¯CZYZNA;3;20999044
MAHREZ;MÊ¯CZYZNA;3;20999047
DIEM;MÊ¯CZYZNA;3;20999050
HAYOUNG;MÊ¯CZYZNA;3;20999053
LANH;MÊ¯CZYZNA;3;20999056
MESHAL;MÊ¯CZYZNA;3;20999059
DOMARAD;MÊ¯CZYZNA;3;20999062
VICTORINO;MÊ¯CZYZNA;3;20999065
JEAN CLAUDE;MÊ¯CZYZNA;3;20999068
RRAHIM;MÊ¯CZYZNA;3;20999071
KAZUSHIGE;MÊ¯CZYZNA;3;20999074
CHATCHAI;MÊ¯CZYZNA;3;20999077
AVANISH;MÊ¯CZYZNA;3;20999080
MUKHAMMADRASUL;MÊ¯CZYZNA;3;20999083
VAZIR;MÊ¯CZYZNA;3;20999086
NORIYUKI;MÊ¯CZYZNA;3;20999089
RENS;MÊ¯CZYZNA;3;20999092
H?DAYET;MÊ¯CZYZNA;3;20999095
MADIAN;MÊ¯CZYZNA;3;20999098
DEWEI;MÊ¯CZYZNA;3;20999101
ANDRANYK;MÊ¯CZYZNA;3;20999104
MIKUS;MÊ¯CZYZNA;3;20999107
ADRIUSZ;MÊ¯CZYZNA;3;20999110
SADEGH;MÊ¯CZYZNA;3;20999113
ELEGIUSZ;MÊ¯CZYZNA;3;20999116
AIRIDAS;MÊ¯CZYZNA;3;20999119
GAJANAN;MÊ¯CZYZNA;3;20999122
MAKCYM;MÊ¯CZYZNA;3;20999125
PURNA KUMAR;MÊ¯CZYZNA;3;20999128
AZAMKHON;MÊ¯CZYZNA;3;20999131
SHAMSUDIN;MÊ¯CZYZNA;3;20999134
JOKO;MÊ¯CZYZNA;3;20999137
CHANHO;MÊ¯CZYZNA;3;20999140
AMNAT;MÊ¯CZYZNA;3;20999143
JENISHKUMAR;MÊ¯CZYZNA;3;20999146
ROBIUL;MÊ¯CZYZNA;3;20999149
TRUNG ??C;MÊ¯CZYZNA;3;20999152
HENADIY;MÊ¯CZYZNA;3;20999155
WERGILIUSZ;MÊ¯CZYZNA;3;20999158
SUU;MÊ¯CZYZNA;3;20999161
ISOMIDDIN;MÊ¯CZYZNA;3;20999164
ERSHAD;MÊ¯CZYZNA;3;20999167
THANDO;MÊ¯CZYZNA;3;20999170
RIHITO;MÊ¯CZYZNA;3;20999173
ROYSTON;MÊ¯CZYZNA;3;20999176
NICCOL?;MÊ¯CZYZNA;3;20999179
REA;MÊ¯CZYZNA;3;20999182
HENDRICUS;MÊ¯CZYZNA;3;20999185
TIMOLEON;MÊ¯CZYZNA;3;20999188
THEODORO;MÊ¯CZYZNA;3;20999191
TR?NG NGH?A;MÊ¯CZYZNA;3;20999194
ALICJUSZ;MÊ¯CZYZNA;3;20999197
OTGONBAATAR;MÊ¯CZYZNA;3;20999200
MYKHEI;MÊ¯CZYZNA;3;20999203
ALEXIY;MÊ¯CZYZNA;3;20999206
TRINADH;MÊ¯CZYZNA;3;20999209
JOYNAL;MÊ¯CZYZNA;3;20999212
JIZHONG;MÊ¯CZYZNA;3;20999215
MOGAMED;MÊ¯CZYZNA;3;20999218
NICKI;MÊ¯CZYZNA;3;20999221
QIXIANG;MÊ¯CZYZNA;3;20999224
DUC HAI;MÊ¯CZYZNA;3;20999227
JORGE MANUEL;MÊ¯CZYZNA;3;20999230
THAWIN;MÊ¯CZYZNA;3;20999233
WAGELIS;MÊ¯CZYZNA;3;20999236
LUDOMIERZ;MÊ¯CZYZNA;3;20999239
DINH DUNG;MÊ¯CZYZNA;3;20999242
NEKTARIUSZ;MÊ¯CZYZNA;3;20999245
TULASAYYA;MÊ¯CZYZNA;3;20999248
BLAEJ;MÊ¯CZYZNA;3;20999251
EZE;MÊ¯CZYZNA;3;20999254
COSMIN-MARIAN;MÊ¯CZYZNA;3;20999257
YONGGUI;MÊ¯CZYZNA;3;20999260
SZAMA;MÊ¯CZYZNA;3;20999263
TANUJ;MÊ¯CZYZNA;3;20999266
SUNGJONG;MÊ¯CZYZNA;3;20999269
AJO;MÊ¯CZYZNA;3;20999272
ªEMSETTIN;MÊ¯CZYZNA;3;20999275
ODUNAYO;MÊ¯CZYZNA;3;20999278
WILDER;MÊ¯CZYZNA;3;20999281
XIAOGANG;MÊ¯CZYZNA;3;20999284
REGINALDO;MÊ¯CZYZNA;3;20999287
ALOYZAS;MÊ¯CZYZNA;3;20999290
OUSAMA;MÊ¯CZYZNA;3;20999293
MARIUS-VASILE;MÊ¯CZYZNA;3;20999296
ASCANIO;MÊ¯CZYZNA;3;20999299
KAMOLIDIN;MÊ¯CZYZNA;3;20999302
XSAWIER;MÊ¯CZYZNA;3;20999305
DIMITER;MÊ¯CZYZNA;3;20999308
HARDIKBHAI;MÊ¯CZYZNA;3;20999311
JONGHUN;MÊ¯CZYZNA;3;20999314
SASIDHARAN;MÊ¯CZYZNA;3;20999317
TEK?N;MÊ¯CZYZNA;3;20999320
NAOL;MÊ¯CZYZNA;3;20999323
CONG DUNG;MÊ¯CZYZNA;3;20999326
AKHILJITH;MÊ¯CZYZNA;3;20999329
ANDRIEIEV;MÊ¯CZYZNA;3;20999332
SUPARDI;MÊ¯CZYZNA;3;20999335
HIROMITSU;MÊ¯CZYZNA;3;20999338
GULAKHMED;MÊ¯CZYZNA;3;20999341
MAHADEV;MÊ¯CZYZNA;3;20999344
NELLY;MÊ¯CZYZNA;3;20999347
SASHKO;MÊ¯CZYZNA;3;20999350
DZHAMALAYL;MÊ¯CZYZNA;3;20999353
IVAN-NAZAR;MÊ¯CZYZNA;3;20999356
XUÂN S?N;MÊ¯CZYZNA;3;20999359
TUOMO;MÊ¯CZYZNA;3;20999362
LOCHIN;MÊ¯CZYZNA;3;20999365
ABDELKABIR;MÊ¯CZYZNA;3;20999368
VASUDEVA;MÊ¯CZYZNA;3;20999371
ANATOLIO;MÊ¯CZYZNA;3;20999374
LÚCIO;MÊ¯CZYZNA;3;20999377
AMRITPAL SINGH;MÊ¯CZYZNA;3;20999380
KARPO;MÊ¯CZYZNA;3;20999383
TIANLE;MÊ¯CZYZNA;3;20999386
YONGJAE;MÊ¯CZYZNA;3;20999389
LOURENCO;MÊ¯CZYZNA;3;20999392
WELLY;MÊ¯CZYZNA;3;20999395
CYRIAK;MÊ¯CZYZNA;3;20999398
ADESHINA;MÊ¯CZYZNA;3;20999401
XIAONAN;MÊ¯CZYZNA;3;20999404
BASUDEV;MÊ¯CZYZNA;3;20999407
MINH THUY;MÊ¯CZYZNA;3;20999410
MIHALIS;MÊ¯CZYZNA;3;20999413
RAKHIL;MÊ¯CZYZNA;3;20999416
SAIAR;MÊ¯CZYZNA;3;20999419
MAMEDALI;MÊ¯CZYZNA;3;20999422
RUDYK;MÊ¯CZYZNA;3;20999425
TARASI;MÊ¯CZYZNA;3;20999428
ANTOLI;MÊ¯CZYZNA;3;20999431
RASIF;MÊ¯CZYZNA;3;20999434
YASHWANTH;MÊ¯CZYZNA;3;20999437
HUDAYNAZAR;MÊ¯CZYZNA;3;20999440
WILLEBRORDUS;MÊ¯CZYZNA;3;20999443
BALBEER;MÊ¯CZYZNA;3;20999446
PASHIK;MÊ¯CZYZNA;3;20999449
SATDAM;MÊ¯CZYZNA;3;20999452
ANNIS;MÊ¯CZYZNA;3;20999455
ALANN;MÊ¯CZYZNA;3;20999458
PASCALE;MÊ¯CZYZNA;3;20999461
ELMI;MÊ¯CZYZNA;3;20999464
CHANGYOUNG;MÊ¯CZYZNA;3;20999467
KWANG NAM;MÊ¯CZYZNA;3;20999470
KESAVA;MÊ¯CZYZNA;3;20999473
SHAHRYAR;MÊ¯CZYZNA;3;20999476
TURABEK;MÊ¯CZYZNA;3;20999479
DISHANT;MÊ¯CZYZNA;3;20999482
IGLI;MÊ¯CZYZNA;3;20999485
NG?C DUY;MÊ¯CZYZNA;3;20999488
ANDREI-MARIAN;MÊ¯CZYZNA;3;20999491
GUSEINALI;MÊ¯CZYZNA;3;20999494
LENN;MÊ¯CZYZNA;3;20999497
TOSHKO;MÊ¯CZYZNA;3;20999500
MASERATI;MÊ¯CZYZNA;3;20999503
ALIYAR;MÊ¯CZYZNA;3;20999506
VAN TUONG;MÊ¯CZYZNA;3;20999509
OLOV;MÊ¯CZYZNA;3;20999512
VOLODUMUR;MÊ¯CZYZNA;3;20999515
MASSAMBA;MÊ¯CZYZNA;3;20999518
SUVASH;MÊ¯CZYZNA;3;20999521
MINSEUNG;MÊ¯CZYZNA;3;20999524
MUNKHSAIKHAN;MÊ¯CZYZNA;3;20999527
YOICHI;MÊ¯CZYZNA;3;20999530
ZLATOMYR;MÊ¯CZYZNA;3;20999533
GAMZA;MÊ¯CZYZNA;3;20999536
GOVANNI;MÊ¯CZYZNA;3;20999539
ARDIN;MÊ¯CZYZNA;3;20999542
BRANDO;MÊ¯CZYZNA;3;20999545
SAGE;MÊ¯CZYZNA;3;20999548
HYOK;MÊ¯CZYZNA;3;20999551
MUNARBEK;MÊ¯CZYZNA;3;20999554
MARZOUK;MÊ¯CZYZNA;3;20999557
TEOCHARIS;MÊ¯CZYZNA;3;20999560
ARDIJAN;MÊ¯CZYZNA;3;20999563
DROGOMIR;MÊ¯CZYZNA;3;20999566
HIKMATULLO;MÊ¯CZYZNA;3;20999569
ALFONSAS;MÊ¯CZYZNA;3;20999572
DALERI;MÊ¯CZYZNA;3;20999575
SILVANUS;MÊ¯CZYZNA;3;20999578
CHALID;MÊ¯CZYZNA;3;20999581
VU HOANG;MÊ¯CZYZNA;3;20999584
CEPHAS;MÊ¯CZYZNA;3;20999587
PRAJAL;MÊ¯CZYZNA;3;20999590
BYUNG SOO;MÊ¯CZYZNA;3;20999593
RADO;MÊ¯CZYZNA;3;20999596
DAVOOD;MÊ¯CZYZNA;3;20999599
LIEVAN;MÊ¯CZYZNA;3;20999602
JOHN MICHAEL;MÊ¯CZYZNA;3;20999605
KUO;MÊ¯CZYZNA;3;20999608
VILM?RS;MÊ¯CZYZNA;3;20999611
ROSTYSLAN;MÊ¯CZYZNA;3;20999614
MIRZO;MÊ¯CZYZNA;3;20999617
HRIDAAN;MÊ¯CZYZNA;3;20999620
SARHAN;MÊ¯CZYZNA;3;20999623
WIDO;MÊ¯CZYZNA;3;20999626
NAHMAN;MÊ¯CZYZNA;3;20999629
SERGIO LUIS;MÊ¯CZYZNA;3;20999632
LIEVON;MÊ¯CZYZNA;3;20999635
LINU;MÊ¯CZYZNA;3;20999638
THAPA;MÊ¯CZYZNA;3;20999641
NATIH;MÊ¯CZYZNA;3;20999644
DZHASTIN;MÊ¯CZYZNA;3;20999647
WENIS£AW;MÊ¯CZYZNA;3;20999650
AMAAN;MÊ¯CZYZNA;3;20999653
TURSUNALI;MÊ¯CZYZNA;3;20999656
MYKHAYL;MÊ¯CZYZNA;3;20999659
KESAVA RAO;MÊ¯CZYZNA;3;20999662
MD HELAL;MÊ¯CZYZNA;3;20999665
FAIL;MÊ¯CZYZNA;3;20999668
JUN JIE;MÊ¯CZYZNA;3;20999671
ZARIAN;MÊ¯CZYZNA;3;20999674
PITAMBER;MÊ¯CZYZNA;3;20999677
ZACHARIA;MÊ¯CZYZNA;3;20999680
TIMIRLAN;MÊ¯CZYZNA;3;20999683
MAICO;MÊ¯CZYZNA;3;20999686
ERCE;MÊ¯CZYZNA;3;20999689
ALIEKSIEJ;MÊ¯CZYZNA;3;20999692
INDERPREET;MÊ¯CZYZNA;3;20999695
HYGIN;MÊ¯CZYZNA;3;20999698
TAIKI;MÊ¯CZYZNA;3;20999701
MARIUS-ADRIAN;MÊ¯CZYZNA;3;20999704
STEFANS;MÊ¯CZYZNA;3;20999707
BLAIR;MÊ¯CZYZNA;3;20999710
NORBERTAS;MÊ¯CZYZNA;3;20999713
KEE;MÊ¯CZYZNA;3;20999716
REIN;MÊ¯CZYZNA;3;20999719
JAYDIPKUMAR;MÊ¯CZYZNA;3;20999722
FERDYNANT;MÊ¯CZYZNA;3;20999725
KIRIAN;MÊ¯CZYZNA;3;20999728
WIENCZES£AW;MÊ¯CZYZNA;3;20999731
QU?C C??NG;MÊ¯CZYZNA;3;20999734
HAI PHONG;MÊ¯CZYZNA;3;20999737
BUIANTO;MÊ¯CZYZNA;3;20999740
HAITHM;MÊ¯CZYZNA;3;20999743
OLEKSEI;MÊ¯CZYZNA;3;20999746
ALIBALA;MÊ¯CZYZNA;3;20999749
OLUWATAYO;MÊ¯CZYZNA;3;20999752
MASHRABJON;MÊ¯CZYZNA;3;20999755
JIAHUA;MÊ¯CZYZNA;3;20999758
OTWIN;MÊ¯CZYZNA;3;20999761
MUNEEB;MÊ¯CZYZNA;3;20999764
MD YOUSUF;MÊ¯CZYZNA;3;20999767
GANESH KUMAR;MÊ¯CZYZNA;3;20999770
BELLY;MÊ¯CZYZNA;3;20999773
VIET HA;MÊ¯CZYZNA;3;20999776
DAMAR;MÊ¯CZYZNA;3;20999779
ARMANDAS;MÊ¯CZYZNA;3;20999782
DUY LONG;MÊ¯CZYZNA;3;20999785
CHINBAT;MÊ¯CZYZNA;3;20999788
ZHANDAR;MÊ¯CZYZNA;3;20999791
BELARMINO;MÊ¯CZYZNA;3;20999794
JUNPENG;MÊ¯CZYZNA;3;20999797
MUHAMMADYUSUF;MÊ¯CZYZNA;3;20999800
LUCZJANO;MÊ¯CZYZNA;3;20999803
BURKHAN;MÊ¯CZYZNA;3;20999806
AROON;MÊ¯CZYZNA;3;20999809
JASDEEP;MÊ¯CZYZNA;3;20999812
SUNGIL;MÊ¯CZYZNA;3;20999815
MIRENEUSZ;MÊ¯CZYZNA;3;20999818
HIMANSHUKUMAR;MÊ¯CZYZNA;3;20999821
EFOSA;MÊ¯CZYZNA;3;20999824
HUNG CUONG;MÊ¯CZYZNA;3;20999827
YONGLIANG;MÊ¯CZYZNA;3;20999830
ARDALION;MÊ¯CZYZNA;3;20999833
GEON;MÊ¯CZYZNA;3;20999836
GIRMA;MÊ¯CZYZNA;3;20999839
MD ZAHID;MÊ¯CZYZNA;3;20999842
MARIJUS;MÊ¯CZYZNA;3;20999845
BROOK;MÊ¯CZYZNA;3;20999848
SRUJAN;MÊ¯CZYZNA;3;20999851
HANMIN;MÊ¯CZYZNA;3;20999854
NABIH;MÊ¯CZYZNA;3;20999857
HAROUNA;MÊ¯CZYZNA;3;20999860
TUAN DUNG;MÊ¯CZYZNA;3;20999863
SEONGHYEON;MÊ¯CZYZNA;3;20999866
ZVEZDAN;MÊ¯CZYZNA;3;20999869
TUAN THANH;MÊ¯CZYZNA;3;20999872
MAHENDRAKUMAR;MÊ¯CZYZNA;3;20999875
MOHAMED MOHAMED;MÊ¯CZYZNA;3;20999878
TIRSO;MÊ¯CZYZNA;3;20999881
SUDHARSHAN;MÊ¯CZYZNA;3;20999884
BARDI;MÊ¯CZYZNA;3;20999887
DECIO;MÊ¯CZYZNA;3;20999890
SUNG WOOK;MÊ¯CZYZNA;3;20999893
ABHIGYAN;MÊ¯CZYZNA;3;20999896
JASPHER;MÊ¯CZYZNA;3;20999899
PAKOS£AW;MÊ¯CZYZNA;3;20999902
URVISH;MÊ¯CZYZNA;3;20999905
ENKH;MÊ¯CZYZNA;3;20999908
AKHILESH KUMAR;MÊ¯CZYZNA;3;20999911
AMITAVA;MÊ¯CZYZNA;3;20999914
SAIFUDDIN;MÊ¯CZYZNA;3;20999917
PENGPENG;MÊ¯CZYZNA;3;20999920
VILKO;MÊ¯CZYZNA;3;20999923
NORLAN;MÊ¯CZYZNA;3;20999926
SHAHROM;MÊ¯CZYZNA;3;20999929
BAHTYYAR;MÊ¯CZYZNA;3;20999932
DONGHUN;MÊ¯CZYZNA;3;20999935
SVEINUNG;MÊ¯CZYZNA;3;20999938
ABDUJABBOR;MÊ¯CZYZNA;3;20999941
MD SABBIR;MÊ¯CZYZNA;3;20999944
WEIZHOU;MÊ¯CZYZNA;3;20999947
BROOKE;MÊ¯CZYZNA;3;20999950
CHIRAYU;MÊ¯CZYZNA;3;20999953
THE HIEN;MÊ¯CZYZNA;3;20999956
VIRGILIJUS;MÊ¯CZYZNA;3;20999959
JOSE';MÊ¯CZYZNA;3;20999962
ABDALRAHMAN;MÊ¯CZYZNA;3;20999965
LUDVÍK;MÊ¯CZYZNA;3;20999968
DZMITRYJ;MÊ¯CZYZNA;3;20999971
YAACOUB;MÊ¯CZYZNA;3;20999974
XINYUAN;MÊ¯CZYZNA;3;20999977
ARANIT;MÊ¯CZYZNA;3;20999980
VIUHAR;MÊ¯CZYZNA;3;20999983
MUBAREK;MÊ¯CZYZNA;3;20999986
BAIASKHALAN;MÊ¯CZYZNA;3;20999989
SAFAK;MÊ¯CZYZNA;3;20999992
AMADO;MÊ¯CZYZNA;3;20999995
THORGE;MÊ¯CZYZNA;3;20999998
KHUMOYUNMIRZO;MÊ¯CZYZNA;3;21000001
EYÜPHAN;MÊ¯CZYZNA;3;21000004
JINWEI;MÊ¯CZYZNA;3;21000007
XIAOWEN;MÊ¯CZYZNA;3;21000010
REZAN;MÊ¯CZYZNA;3;21000013
KAMALPREET SINGH;MÊ¯CZYZNA;3;21000016
ODOLAN;MÊ¯CZYZNA;3;21000019
ERAJ;MÊ¯CZYZNA;3;21000022
BEKET;MÊ¯CZYZNA;3;21000025
TABISH;MÊ¯CZYZNA;3;21000028
CHE;MÊ¯CZYZNA;3;21000031
RAGIF;MÊ¯CZYZNA;3;21000034
AMALRAJ;MÊ¯CZYZNA;3;21000037
EGAMBERDI;MÊ¯CZYZNA;3;21000040
MURALI KRISHNA;MÊ¯CZYZNA;3;21000043
VILYAM;MÊ¯CZYZNA;3;21000046
GAOWEI;MÊ¯CZYZNA;3;21000049
ZULPIGAR;MÊ¯CZYZNA;3;21000052
AVAZJON;MÊ¯CZYZNA;3;21000055
PALLE;MÊ¯CZYZNA;3;21000058
ARNULFO;MÊ¯CZYZNA;3;21000061
BARIª CAN;MÊ¯CZYZNA;3;21000064
AKHMADZHON;MÊ¯CZYZNA;3;21000067
JEEWAN;MÊ¯CZYZNA;3;21000070
IN SOO;MÊ¯CZYZNA;3;21000073
SOHEYB;MÊ¯CZYZNA;3;21000076
MUHAMMER;MÊ¯CZYZNA;3;21000079
ALEKSANDERS;MÊ¯CZYZNA;3;21000082
DANIAR;MÊ¯CZYZNA;3;21000085
TI?N;MÊ¯CZYZNA;3;21000088
YAM KUMAR;MÊ¯CZYZNA;3;21000091
DHARMA RAJ;MÊ¯CZYZNA;3;21000094
NURGALI;MÊ¯CZYZNA;3;21000097
MINCHEOL;MÊ¯CZYZNA;3;21000100
LUK;MÊ¯CZYZNA;3;21000103
HARMEN;MÊ¯CZYZNA;3;21000106
SANGBEOM;MÊ¯CZYZNA;3;21000109
BIPLAB;MÊ¯CZYZNA;3;21000112
TOPIG;MÊ¯CZYZNA;3;21000115
JASARAT;MÊ¯CZYZNA;3;21000118
AYDOGDY;MÊ¯CZYZNA;3;21000121
SURASAK;MÊ¯CZYZNA;3;21000124
ALAETTIN;MÊ¯CZYZNA;3;21000127
SEJUN;MÊ¯CZYZNA;3;21000130
V'IACHESLAV;MÊ¯CZYZNA;3;21000133
CARLOS ALFREDO;MÊ¯CZYZNA;3;21000136
ALIAKSNDR;MÊ¯CZYZNA;3;21000139
SYAIFUL;MÊ¯CZYZNA;3;21000142
ZOLAN;MÊ¯CZYZNA;3;21000145
JONNEL;MÊ¯CZYZNA;3;21000148
NURSULTON;MÊ¯CZYZNA;3;21000151
KYRILL;MÊ¯CZYZNA;3;21000154
DERYK;MÊ¯CZYZNA;3;21000157
PHONGSAK;MÊ¯CZYZNA;3;21000160
BHARGAVKUMAR;MÊ¯CZYZNA;3;21000163
KHUSHRUZ;MÊ¯CZYZNA;3;21000166
SAIDJAMOL;MÊ¯CZYZNA;3;21000169
DAX;MÊ¯CZYZNA;3;21000172
VELYMYR;MÊ¯CZYZNA;3;21000175
SERVANDO;MÊ¯CZYZNA;3;21000178
YAHIYA;MÊ¯CZYZNA;3;21000181
BINEL;MÊ¯CZYZNA;3;21000184
PIERRE-LOUIS;MÊ¯CZYZNA;3;21000187
ISOMIDIN;MÊ¯CZYZNA;3;21000190
TIEN LONG;MÊ¯CZYZNA;3;21000193
NAHIT;MÊ¯CZYZNA;3;21000196
CHUYEN;MÊ¯CZYZNA;3;21000199
JIANGTAO;MÊ¯CZYZNA;3;21000202
AMBER;MÊ¯CZYZNA;3;21000205
CHUNNA;MÊ¯CZYZNA;3;21000208
TULIPAN;MÊ¯CZYZNA;3;21000211
NICODEME;MÊ¯CZYZNA;3;21000214
GUOSHENG;MÊ¯CZYZNA;3;21000217
VÃN T?NG;MÊ¯CZYZNA;3;21000220
ANHEL;MÊ¯CZYZNA;3;21000223
VENKATA RAMANA;MÊ¯CZYZNA;3;21000226
SOULTAN;MÊ¯CZYZNA;3;21000229
GJERGJI;MÊ¯CZYZNA;3;21000232
KO;MÊ¯CZYZNA;3;21000235
ZHIYUE;MÊ¯CZYZNA;3;21000238
ÁGOSTON;MÊ¯CZYZNA;3;21000241
OSHER;MÊ¯CZYZNA;3;21000244
MINGXIAO;MÊ¯CZYZNA;3;21000247
JINHAO;MÊ¯CZYZNA;3;21000250
ARNI;MÊ¯CZYZNA;3;21000253
MIOMIR;MÊ¯CZYZNA;3;21000256
KULU;MÊ¯CZYZNA;3;21000259
MARIFJON;MÊ¯CZYZNA;3;21000262
ALIASGHAR;MÊ¯CZYZNA;3;21000265
MANGIRDAS;MÊ¯CZYZNA;3;21000268
SAIDMUMIN;MÊ¯CZYZNA;3;21000271
JOSÉ MARÍA;MÊ¯CZYZNA;3;21000274
JESSI;MÊ¯CZYZNA;3;21000277
MENSUR;MÊ¯CZYZNA;3;21000280
SOUMEN;MÊ¯CZYZNA;3;21000283
GOVINDARAJ;MÊ¯CZYZNA;3;21000286
AVTO;MÊ¯CZYZNA;3;21000289
TR?;MÊ¯CZYZNA;3;21000292
NTOKOZO;MÊ¯CZYZNA;3;21000295
JENIL;MÊ¯CZYZNA;3;21000298
SHOKHRUKHKHON;MÊ¯CZYZNA;3;21000301
OLEKSANDR-YURII;MÊ¯CZYZNA;3;21000304
JUNGMIN;MÊ¯CZYZNA;3;21000307
DANG DUONG;MÊ¯CZYZNA;3;21000310
YEASIN;MÊ¯CZYZNA;3;21000313
ABDESSALAM;MÊ¯CZYZNA;3;21000316
KHOLMUROD;MÊ¯CZYZNA;3;21000319
ZHENISHBEK;MÊ¯CZYZNA;3;21000322
MUSTOFA;MÊ¯CZYZNA;3;21000325
DEBIN;MÊ¯CZYZNA;3;21000328
SRIKANTHA;MÊ¯CZYZNA;3;21000331
ABU BAKKAR;MÊ¯CZYZNA;3;21000334
ZHAK;MÊ¯CZYZNA;3;21000337
DIXITKUMAR;MÊ¯CZYZNA;3;21000340
MD DIDARUL;MÊ¯CZYZNA;3;21000343
GÜNGÖR;MÊ¯CZYZNA;3;21000346
DAMBA;MÊ¯CZYZNA;3;21000349
IBRAHIM HALIL;MÊ¯CZYZNA;3;21000352
AHCENE;MÊ¯CZYZNA;3;21000355
NODIRKHON;MÊ¯CZYZNA;3;21000358
JAYCE;MÊ¯CZYZNA;3;21000361
ARMAZ;MÊ¯CZYZNA;3;21000364
RADOWAN;MÊ¯CZYZNA;3;21000367
SAURABHKUMAR;MÊ¯CZYZNA;3;21000370
ABDELKHALEK;MÊ¯CZYZNA;3;21000373
BINIAM;MÊ¯CZYZNA;3;21000376
NSHAN;MÊ¯CZYZNA;3;21000379
TSVETOSLAV;MÊ¯CZYZNA;3;21000382
HAYIM;MÊ¯CZYZNA;3;21000385
ADEBOLA;MÊ¯CZYZNA;3;21000388
TUAN PHONG;MÊ¯CZYZNA;3;21000391
TIGER;MÊ¯CZYZNA;3;21000394
BUYUN;MÊ¯CZYZNA;3;21000397
EKBER;MÊ¯CZYZNA;3;21000400
DZHEVAT;MÊ¯CZYZNA;3;21000403
DONATUS;MÊ¯CZYZNA;3;21000406
ERDEN;MÊ¯CZYZNA;3;21000409
ABRAR;MÊ¯CZYZNA;3;21000412
DUY MINH;MÊ¯CZYZNA;3;21000415
JOSE ANGEL;MÊ¯CZYZNA;3;21000418
ZHAMBULAT;MÊ¯CZYZNA;3;21000421
AGAMURAT;MÊ¯CZYZNA;3;21000424
BATNASAN;MÊ¯CZYZNA;3;21000427
REDON;MÊ¯CZYZNA;3;21000430
KAYLAN;MÊ¯CZYZNA;3;21000433
HUSANJON;MÊ¯CZYZNA;3;21000436
MARCEL-FLORIN;MÊ¯CZYZNA;3;21000439
ALIOU;MÊ¯CZYZNA;3;21000442
RAKSHITH;MÊ¯CZYZNA;3;21000445
RONIT;MÊ¯CZYZNA;3;21000448
MD SALEH;MÊ¯CZYZNA;3;21000451
SEIFELDIN;MÊ¯CZYZNA;3;21000454
SEMON;MÊ¯CZYZNA;3;21000457
DILMURAT;MÊ¯CZYZNA;3;21000460
ASBIN;MÊ¯CZYZNA;3;21000463
SHUVO;MÊ¯CZYZNA;3;21000466
MÜJDAT;MÊ¯CZYZNA;3;21000469
REMIASZ;MÊ¯CZYZNA;3;21000472
GERAINT;MÊ¯CZYZNA;3;21000475
JOACHIN;MÊ¯CZYZNA;3;21000478
JUNSIK;MÊ¯CZYZNA;3;21000481
GHOLIBJON;MÊ¯CZYZNA;3;21000484
TAWANA;MÊ¯CZYZNA;3;21000487
PALANI;MÊ¯CZYZNA;3;21000490
MIRAHMAD;MÊ¯CZYZNA;3;21000493
SHOVKET;MÊ¯CZYZNA;3;21000496
RUFARO;MÊ¯CZYZNA;3;21000499
DINH TRUNG;MÊ¯CZYZNA;3;21000502
MOSTAFIZUR;MÊ¯CZYZNA;3;21000505
PROKOPII;MÊ¯CZYZNA;3;21000508
AGAYUSUP;MÊ¯CZYZNA;3;21000511
T?I;MÊ¯CZYZNA;3;21000514
ISKANDARBEK;MÊ¯CZYZNA;3;21000517
BEKBOLSUN;MÊ¯CZYZNA;3;21000520
JIHED;MÊ¯CZYZNA;3;21000523
ZACHERY;MÊ¯CZYZNA;3;21000526
GJERGJ;MÊ¯CZYZNA;3;21000529
GAVINO;MÊ¯CZYZNA;3;21000532
AMARSANAA;MÊ¯CZYZNA;3;21000535
ZHENGYANG;MÊ¯CZYZNA;3;21000538
VAN SANG;MÊ¯CZYZNA;3;21000541
KUNIHIKO;MÊ¯CZYZNA;3;21000544
ARUNRAJ;MÊ¯CZYZNA;3;21000547
OLAKUNLE;MÊ¯CZYZNA;3;21000550
EDINSON;MÊ¯CZYZNA;3;21000553
BORHANE;MÊ¯CZYZNA;3;21000556
BENEDICTUS;MÊ¯CZYZNA;3;21000559
RAJMONT;MÊ¯CZYZNA;3;21000562
¯ILBERT;MÊ¯CZYZNA;3;21000565
RASOUL;MÊ¯CZYZNA;3;21000568
PAULINO;MÊ¯CZYZNA;3;21000571
PENTTI;MÊ¯CZYZNA;3;21000574
NIJAMUDEEN;MÊ¯CZYZNA;3;21000577
OWSIEJ;MÊ¯CZYZNA;3;21000580
RENJU;MÊ¯CZYZNA;3;21000583
REF?K;MÊ¯CZYZNA;3;21000586
GEORGYI;MÊ¯CZYZNA;3;21000589
KAPLAN;MÊ¯CZYZNA;3;21000592
UNNI;MÊ¯CZYZNA;3;21000595
HAITAM;MÊ¯CZYZNA;3;21000598
FRANCISCO JOSÉ;MÊ¯CZYZNA;3;21000601
COSTICA;MÊ¯CZYZNA;3;21000604
MASATOSHI;MÊ¯CZYZNA;3;21000607
BLERTON;MÊ¯CZYZNA;3;21000610
THI?N AN;MÊ¯CZYZNA;3;21000613
IGNATIJ;MÊ¯CZYZNA;3;21000616
ZHIFENG;MÊ¯CZYZNA;3;21000619
MANAF;MÊ¯CZYZNA;3;21000622
ASAP;MÊ¯CZYZNA;3;21000625
ZHAVOKHIR;MÊ¯CZYZNA;3;21000628
NATANAIL;MÊ¯CZYZNA;3;21000631
ALEKSIS;MÊ¯CZYZNA;3;21000634
M£ADEN;MÊ¯CZYZNA;3;21000637
VLASTYMYR;MÊ¯CZYZNA;3;21000640
WINAI;MÊ¯CZYZNA;3;21000643
SUMIT SINGH;MÊ¯CZYZNA;3;21000646
MAKHAR;MÊ¯CZYZNA;3;21000649
CHARYMYRAT;MÊ¯CZYZNA;3;21000652
JUAN DAVID;MÊ¯CZYZNA;3;21000655
SOTYR;MÊ¯CZYZNA;3;21000658
SIROJIDIN;MÊ¯CZYZNA;3;21000661
TAREG;MÊ¯CZYZNA;3;21000664
ARINA;MÊ¯CZYZNA;3;21000667
IAROS£AV;MÊ¯CZYZNA;3;21000670
SIECIECH;MÊ¯CZYZNA;3;21000673
VIADYSIAV;MÊ¯CZYZNA;3;21000676
BEJANA;MÊ¯CZYZNA;3;21000679
SUNARDI;MÊ¯CZYZNA;3;21000682
SHEHBAZ;MÊ¯CZYZNA;3;21000685
VENCISLAV;MÊ¯CZYZNA;3;21000688
KHUSSEIN;MÊ¯CZYZNA;3;21000691
ROMAN-OLEH;MÊ¯CZYZNA;3;21000694
SIEGHARD;MÊ¯CZYZNA;3;21000697
SIJIE;MÊ¯CZYZNA;3;21000700
VINNIE;MÊ¯CZYZNA;3;21000703
DINH TOAN;MÊ¯CZYZNA;3;21000706
MONTHER;MÊ¯CZYZNA;3;21000709
YUSSUF;MÊ¯CZYZNA;3;21000712
DIAGO;MÊ¯CZYZNA;3;21000715
SHTEFAN;MÊ¯CZYZNA;3;21000718
ERIN;MÊ¯CZYZNA;3;21000721
ABD?L;MÊ¯CZYZNA;3;21000724
CHEOLHO;MÊ¯CZYZNA;3;21000727
ABDUAZIZ;MÊ¯CZYZNA;3;21000730
RISHIRAM;MÊ¯CZYZNA;3;21000733
ABDESSELAM;MÊ¯CZYZNA;3;21000736
INDERJIT;MÊ¯CZYZNA;3;21000739
JAYANTH;MÊ¯CZYZNA;3;21000742
ANTON?;MÊ¯CZYZNA;3;21000745
LIUDMILA;MÊ¯CZYZNA;3;21000748
TOYGAR;MÊ¯CZYZNA;3;21000751
YODGORBEK;MÊ¯CZYZNA;3;21000754
KHIKMATILLA;MÊ¯CZYZNA;3;21000757
ELGIN;MÊ¯CZYZNA;3;21000760
PURWANTO;MÊ¯CZYZNA;3;21000763
GILANI;MÊ¯CZYZNA;3;21000766
GICU;MÊ¯CZYZNA;3;21000769
AYDAR;MÊ¯CZYZNA;3;21000772
GEJZA;MÊ¯CZYZNA;3;21000775
SUVAD;MÊ¯CZYZNA;3;21000778
DIMCHO;MÊ¯CZYZNA;3;21000781
MD AKTER;MÊ¯CZYZNA;3;21000784
SAHEB;MÊ¯CZYZNA;3;21000787
POK;MÊ¯CZYZNA;3;21000790
HIRA;MÊ¯CZYZNA;3;21000793
ALBERICO;MÊ¯CZYZNA;3;21000796
SVETLOZAR;MÊ¯CZYZNA;3;21000799
AKIMBEK;MÊ¯CZYZNA;3;21000802
KRIST;MÊ¯CZYZNA;3;21000805
JUN OH;MÊ¯CZYZNA;3;21000808
SHEM;MÊ¯CZYZNA;3;21000811
SATYA NARAYAN;MÊ¯CZYZNA;3;21000814
TAIFUN;MÊ¯CZYZNA;3;21000817
GRACHIA;MÊ¯CZYZNA;3;21000820
HELMAN;MÊ¯CZYZNA;3;21000823
NAM THANG;MÊ¯CZYZNA;3;21000826
FALAK;MÊ¯CZYZNA;3;21000829
DZASTIN;MÊ¯CZYZNA;3;21000832
YIJIAN;MÊ¯CZYZNA;3;21000835
VENIIAMYN;MÊ¯CZYZNA;3;21000838
WIETSE;MÊ¯CZYZNA;3;21000841
MÜKA?L;MÊ¯CZYZNA;3;21000844
YAAQOV;MÊ¯CZYZNA;3;21000847
VAMSI KRISHNA;MÊ¯CZYZNA;3;21000850
BINGFENG;MÊ¯CZYZNA;3;21000853
FLORINEL;MÊ¯CZYZNA;3;21000856
BUDIMIR;MÊ¯CZYZNA;3;21000859
MOTOKI;MÊ¯CZYZNA;3;21000862
CORDIAN;MÊ¯CZYZNA;3;21000865
MENAJEM;MÊ¯CZYZNA;3;21000868
SUKRU;MÊ¯CZYZNA;3;21000871
AVIHU;MÊ¯CZYZNA;3;21000874
MOHAMMAD NUR;MÊ¯CZYZNA;3;21000877
WLADYS£AW;MÊ¯CZYZNA;3;21000880
OVEZ;MÊ¯CZYZNA;3;21000883
ABDUMUTALIB;MÊ¯CZYZNA;3;21000886
SHKUMBIN;MÊ¯CZYZNA;3;21000889
EDILBEK;MÊ¯CZYZNA;3;21000892
BHAUTIK;MÊ¯CZYZNA;3;21000895
BIDUR;MÊ¯CZYZNA;3;21000898
KENO;MÊ¯CZYZNA;3;21000901
DLIAVER;MÊ¯CZYZNA;3;21000904
PINGHUA;MÊ¯CZYZNA;3;21000907
XUEYONG;MÊ¯CZYZNA;3;21000910
DAMIJAN;MÊ¯CZYZNA;3;21000913
SEONGJIN;MÊ¯CZYZNA;3;21000916
KAJTEK;MÊ¯CZYZNA;3;21000919
COURTNEY;MÊ¯CZYZNA;3;21000922
GIUNDUZ;MÊ¯CZYZNA;3;21000925
ASGER;MÊ¯CZYZNA;3;21000928
DUC TAM;MÊ¯CZYZNA;3;21000931
DILJAN;MÊ¯CZYZNA;3;21000934
POTR;MÊ¯CZYZNA;3;21000937
SIJIN;MÊ¯CZYZNA;3;21000940
THAM;MÊ¯CZYZNA;3;21000943
KULVINDER;MÊ¯CZYZNA;3;21000946
RISHAAN;MÊ¯CZYZNA;3;21000949
HRIDHAAN;MÊ¯CZYZNA;3;21000952
GUOXING;MÊ¯CZYZNA;3;21000955
GAFGAZ;MÊ¯CZYZNA;3;21000958
REXON;MÊ¯CZYZNA;3;21000961
KAUSHIKKUMAR;MÊ¯CZYZNA;3;21000964
NG?C TÚ;MÊ¯CZYZNA;3;21000967
GOPINATHAN;MÊ¯CZYZNA;3;21000970
IDIRIS;MÊ¯CZYZNA;3;21000973
LENY;MÊ¯CZYZNA;3;21000976
QUANG TRUONG;MÊ¯CZYZNA;3;21000979
MAJO;MÊ¯CZYZNA;3;21000982
BHARATH REDDY;MÊ¯CZYZNA;3;21000985
ABDUHAMID;MÊ¯CZYZNA;3;21000988
ZAMIK;MÊ¯CZYZNA;3;21000991
SHIFENG;MÊ¯CZYZNA;3;21000994
KAZIMIERAS;MÊ¯CZYZNA;3;21000997
ZBYSZ£AW;MÊ¯CZYZNA;3;21001000
GANCHO;MÊ¯CZYZNA;3;21001003
MARY;MÊ¯CZYZNA;3;21001006
ORSO;MÊ¯CZYZNA;3;21001009
SHOFIK;MÊ¯CZYZNA;3;21001012
DARJAN;MÊ¯CZYZNA;3;21001015
VAN NGUYEN;MÊ¯CZYZNA;3;21001018
HARYANTO;MÊ¯CZYZNA;3;21001021
TAYGUN;MÊ¯CZYZNA;3;21001024
DOHYUN;MÊ¯CZYZNA;3;21001027
DOHUN;MÊ¯CZYZNA;3;21001030
SLAÐAN;MÊ¯CZYZNA;3;21001033
JIANNAN;MÊ¯CZYZNA;3;21001036
RAIYAN;MÊ¯CZYZNA;3;21001039
HENNESSY;MÊ¯CZYZNA;3;21001042
APPA RAO;MÊ¯CZYZNA;3;21001045
BARTEL;MÊ¯CZYZNA;3;21001048
ALEXANDRU-CRISTIAN;MÊ¯CZYZNA;3;21001051
RICKEY;MÊ¯CZYZNA;3;21001054
MINH SON;MÊ¯CZYZNA;3;21001057
FJODORS;MÊ¯CZYZNA;3;21001060
ALKINOOS;MÊ¯CZYZNA;3;21001063
MOHAMMOD;MÊ¯CZYZNA;3;21001066
SANY;MÊ¯CZYZNA;3;21001069
JEAN-BERNARD;MÊ¯CZYZNA;3;21001072
KAJMIR;MÊ¯CZYZNA;3;21001075
KAJA;MÊ¯CZYZNA;3;21001078
MILLION;MÊ¯CZYZNA;3;21001081
IBROKHIMKHON;MÊ¯CZYZNA;3;21001084
KITOF;MÊ¯CZYZNA;3;21001087
YUMENG;MÊ¯CZYZNA;3;21001090
VAKHO;MÊ¯CZYZNA;3;21001093
ABDULLAYEV;MÊ¯CZYZNA;3;21001096
LUÍS FILIPE;MÊ¯CZYZNA;3;21001099
XUE;MÊ¯CZYZNA;3;21001102
BALVIR;MÊ¯CZYZNA;3;21001105
KIAZIM;MÊ¯CZYZNA;3;21001108
BHASKER;MÊ¯CZYZNA;3;21001111
REWAN;MÊ¯CZYZNA;3;21001114
DUCO;MÊ¯CZYZNA;3;21001117
PELAGIUSZ;MÊ¯CZYZNA;3;21001120
TARANJIT;MÊ¯CZYZNA;3;21001123
MIQUEAS;MÊ¯CZYZNA;3;21001126
KATSUHIKO;MÊ¯CZYZNA;3;21001129
RAKHMAT;MÊ¯CZYZNA;3;21001132
SHODIYORBEK;MÊ¯CZYZNA;3;21001135
ICKO;MÊ¯CZYZNA;3;21001138
QENTIN;MÊ¯CZYZNA;3;21001141
YUNFEI;MÊ¯CZYZNA;3;21001144
BAYRYAM;MÊ¯CZYZNA;3;21001147
KAIO;MÊ¯CZYZNA;3;21001150
ERALDO;MÊ¯CZYZNA;3;21001153
IHEANYI;MÊ¯CZYZNA;3;21001156
JAMLETI;MÊ¯CZYZNA;3;21001159
RAJNALD;MÊ¯CZYZNA;3;21001162
SERVAAS;MÊ¯CZYZNA;3;21001165
EUGENIO JR;MÊ¯CZYZNA;3;21001168
DENNYS;MÊ¯CZYZNA;3;21001171
THANH TU;MÊ¯CZYZNA;3;21001174
GADJI;MÊ¯CZYZNA;3;21001177
OTO;MÊ¯CZYZNA;3;21001180
SHAKHBAZ;MÊ¯CZYZNA;3;21001183
JE;MÊ¯CZYZNA;3;21001186
TOMO;MÊ¯CZYZNA;3;21001189
SULIBOR;MÊ¯CZYZNA;3;21001192
PRAJEESH;MÊ¯CZYZNA;3;21001195
TANSU;MÊ¯CZYZNA;3;21001198
SUNGJOON;MÊ¯CZYZNA;3;21001201
REINHART;MÊ¯CZYZNA;3;21001204
ISLOMIDIN;MÊ¯CZYZNA;3;21001207
FANIS;MÊ¯CZYZNA;3;21001210
I PUTU AGUS;MÊ¯CZYZNA;3;21001213
WANLI;MÊ¯CZYZNA;3;21001216
NURKEN;MÊ¯CZYZNA;3;21001219
LORIANO;MÊ¯CZYZNA;3;21001222
YOSHIHITO;MÊ¯CZYZNA;3;21001225
JAGWINDER;MÊ¯CZYZNA;3;21001228
JAKAB;MÊ¯CZYZNA;3;21001231
INNOKENTIY;MÊ¯CZYZNA;3;21001234
XIE;MÊ¯CZYZNA;3;21001237
ALIKSEI;MÊ¯CZYZNA;3;21001240
NIYAS;MÊ¯CZYZNA;3;21001243
SRETEN;MÊ¯CZYZNA;3;21001246
TIAMO;MÊ¯CZYZNA;3;21001249
DANIEL FELIPE;MÊ¯CZYZNA;3;21001252
TOLIAN;MÊ¯CZYZNA;3;21001255
EN?S;MÊ¯CZYZNA;3;21001258
ELDARS;MÊ¯CZYZNA;3;21001261
JAY KUMAR;MÊ¯CZYZNA;3;21001264
SREEKUTTAN;MÊ¯CZYZNA;3;21001267
ANIEKAN;MÊ¯CZYZNA;3;21001270
WOOSUK;MÊ¯CZYZNA;3;21001273
HYONG;MÊ¯CZYZNA;3;21001276
JHAN;MÊ¯CZYZNA;3;21001279
SUNDIP;MÊ¯CZYZNA;3;21001282
SHQIPRIM;MÊ¯CZYZNA;3;21001285
VLASENKO;MÊ¯CZYZNA;3;21001288
JABULILE;MÊ¯CZYZNA;3;21001291
NORMUROD;MÊ¯CZYZNA;3;21001294
FARAMAZ;MÊ¯CZYZNA;3;21001297
KAMESH;MÊ¯CZYZNA;3;21001300
DETELIN;MÊ¯CZYZNA;3;21001303
YILIN;MÊ¯CZYZNA;3;21001306
AGA;MÊ¯CZYZNA;3;21001309
DANÍEL;MÊ¯CZYZNA;3;21001312
DOYEON;MÊ¯CZYZNA;3;21001315
DONGWON;MÊ¯CZYZNA;3;21001318
WILLAM;MÊ¯CZYZNA;3;21001321
AMADIO;MÊ¯CZYZNA;3;21001324
HRISTOFOR;MÊ¯CZYZNA;3;21001327
RALAN;MÊ¯CZYZNA;3;21001330
MINH QUANG;MÊ¯CZYZNA;3;21001333
BHAGWAT;MÊ¯CZYZNA;3;21001336
AVTAR SINGH;MÊ¯CZYZNA;3;21001339
SAFI;MÊ¯CZYZNA;3;21001342
JIAXING;MÊ¯CZYZNA;3;21001345
ARESH;MÊ¯CZYZNA;3;21001348
VALDO;MÊ¯CZYZNA;3;21001351
VALERIE;MÊ¯CZYZNA;3;21001354
TARA BAHADUR;MÊ¯CZYZNA;3;21001357
IRAD;MÊ¯CZYZNA;3;21001360
KOLOMAN;MÊ¯CZYZNA;3;21001363
KAZUYUKI;MÊ¯CZYZNA;3;21001366
HARINDER SINGH;MÊ¯CZYZNA;3;21001369
FALL;MÊ¯CZYZNA;3;21001372
MYKOLA-ROMAN;MÊ¯CZYZNA;3;21001375
GUANGHUA;MÊ¯CZYZNA;3;21001378
CHARLTON;MÊ¯CZYZNA;3;21001381
BABU RAO;MÊ¯CZYZNA;3;21001384
JAYDEEPSINH;MÊ¯CZYZNA;3;21001387
PARSHANT;MÊ¯CZYZNA;3;21001390
FUMING;MÊ¯CZYZNA;3;21001393
ORMAN;MÊ¯CZYZNA;3;21001396
MARCHELO;MÊ¯CZYZNA;3;21001399
PRAJITH;MÊ¯CZYZNA;3;21001402
YUZAF;MÊ¯CZYZNA;3;21001405
PIERRICK;MÊ¯CZYZNA;3;21001408
BRANDAN;MÊ¯CZYZNA;3;21001411
LAIS;MÊ¯CZYZNA;3;21001414
AMROU;MÊ¯CZYZNA;3;21001417
HRACHIA;MÊ¯CZYZNA;3;21001420
ZOUHIR;MÊ¯CZYZNA;3;21001423
ENVIER;MÊ¯CZYZNA;3;21001426
ULADZISLAW;MÊ¯CZYZNA;3;21001429
CHÍ CÔNG;MÊ¯CZYZNA;3;21001432
BENJAMEN;MÊ¯CZYZNA;3;21001435
ISLOMZHON;MÊ¯CZYZNA;3;21001438
JINHWAN;MÊ¯CZYZNA;3;21001441
RUI MIGUEL;MÊ¯CZYZNA;3;21001444
THANU;MÊ¯CZYZNA;3;21001447
AVHUSTIN;MÊ¯CZYZNA;3;21001450
HEKURAN;MÊ¯CZYZNA;3;21001453
IANIK;MÊ¯CZYZNA;3;21001456
ADEEB;MÊ¯CZYZNA;3;21001459
CASIMER;MÊ¯CZYZNA;3;21001462
APOLINARIO;MÊ¯CZYZNA;3;21001465
SAJAWAL;MÊ¯CZYZNA;3;21001468
EDUARDO JR;MÊ¯CZYZNA;3;21001471
FREDEK;MÊ¯CZYZNA;3;21001474
LUZIAN;MÊ¯CZYZNA;3;21001477
SOBITKHON;MÊ¯CZYZNA;3;21001480
JAMALUDIN;MÊ¯CZYZNA;3;21001483
KISUNG;MÊ¯CZYZNA;3;21001486
SULAV;MÊ¯CZYZNA;3;21001489
JAROSLAVS;MÊ¯CZYZNA;3;21001492
TEODORAS;MÊ¯CZYZNA;3;21001495
TAWEE;MÊ¯CZYZNA;3;21001498
NEDE£CZO;MÊ¯CZYZNA;3;21001501
BJOERN;MÊ¯CZYZNA;3;21001504
VIHAN;MÊ¯CZYZNA;3;21001507
JIANFEI;MÊ¯CZYZNA;3;21001510
CORADO;MÊ¯CZYZNA;3;21001513
YAKOOB;MÊ¯CZYZNA;3;21001516
FRANISZEK;MÊ¯CZYZNA;3;21001519
VASUDEVAN;MÊ¯CZYZNA;3;21001522
QUOC HOANG;MÊ¯CZYZNA;3;21001525
WILLIS;MÊ¯CZYZNA;3;21001528
REBAZ;MÊ¯CZYZNA;3;21001531
SIGFRID;MÊ¯CZYZNA;3;21001534
KRISTIAAN;MÊ¯CZYZNA;3;21001537
JIN SU;MÊ¯CZYZNA;3;21001540
KELAN;MÊ¯CZYZNA;3;21001543
ALMAR;MÊ¯CZYZNA;3;21001546
BOGURAD;MÊ¯CZYZNA;3;21001549
ALEKSAS;MÊ¯CZYZNA;3;21001552
NEHUEN;MÊ¯CZYZNA;3;21001555
PANAGIS;MÊ¯CZYZNA;3;21001558
AIHAM;MÊ¯CZYZNA;3;21001561
IONATHAN;MÊ¯CZYZNA;3;21001564
ASSAM;MÊ¯CZYZNA;3;21001567
KAISAR;MÊ¯CZYZNA;3;21001570
NEBOJA;MÊ¯CZYZNA;3;21001573
RAYNIER;MÊ¯CZYZNA;3;21001576
MIKHO;MÊ¯CZYZNA;3;21001579
BERRY;MÊ¯CZYZNA;3;21001582
NINH;MÊ¯CZYZNA;3;21001585
TYRELL;MÊ¯CZYZNA;3;21001588
REED;MÊ¯CZYZNA;3;21001591
PARDEEP SINGH;MÊ¯CZYZNA;3;21001594
FEDOT;MÊ¯CZYZNA;3;21001597
NINGBO;MÊ¯CZYZNA;3;21001600
KLEANTHIS;MÊ¯CZYZNA;3;21001603
HIIA;MÊ¯CZYZNA;3;21001606
SHAMSHI;MÊ¯CZYZNA;3;21001609
MAKSUN;MÊ¯CZYZNA;3;21001612
DUY BAO;MÊ¯CZYZNA;3;21001615
RODOSLAV;MÊ¯CZYZNA;3;21001618
VÃN NGUY?N;MÊ¯CZYZNA;3;21001621
SOMSAK;MÊ¯CZYZNA;3;21001624
ELA;MÊ¯CZYZNA;3;21001627
ROMARIC;MÊ¯CZYZNA;3;21001630
VINOD SINGH;MÊ¯CZYZNA;3;21001633
SHAHOBIDDIN;MÊ¯CZYZNA;3;21001636
NAJMUL;MÊ¯CZYZNA;3;21001639
ERLANDAS;MÊ¯CZYZNA;3;21001642
QUANG KHAI;MÊ¯CZYZNA;3;21001645
SEUNG HWAN;MÊ¯CZYZNA;3;21001648
NOCOLAI;MÊ¯CZYZNA;3;21001651
ROMICA;MÊ¯CZYZNA;3;21001654
YUCHAO;MÊ¯CZYZNA;3;21001657
ALA'A;MÊ¯CZYZNA;3;21001660
JAE HUN;MÊ¯CZYZNA;3;21001663
BATSUKH;MÊ¯CZYZNA;3;21001666
KARAKHAN;MÊ¯CZYZNA;3;21001669
ZHONGXIAN;MÊ¯CZYZNA;3;21001672
IGNASI;MÊ¯CZYZNA;3;21001675
SOKHRAB;MÊ¯CZYZNA;3;21001678
SNEHAL;MÊ¯CZYZNA;3;21001681
VAN SAU;MÊ¯CZYZNA;3;21001684
MOKHAMAD;MÊ¯CZYZNA;3;21001687
ANTIP;MÊ¯CZYZNA;3;21001690
ELYSEI;MÊ¯CZYZNA;3;21001693
RATHISH;MÊ¯CZYZNA;3;21001696
WENXUAN;MÊ¯CZYZNA;3;21001699
ZEJUN;MÊ¯CZYZNA;3;21001702
MERLIJN;MÊ¯CZYZNA;3;21001705
POOVARASAN;MÊ¯CZYZNA;3;21001708
BARRIE;MÊ¯CZYZNA;3;21001711
TSUBASA;MÊ¯CZYZNA;3;21001714
NEDZHIP;MÊ¯CZYZNA;3;21001717
HARMEET SINGH;MÊ¯CZYZNA;3;21001720
XINGCHEN;MÊ¯CZYZNA;3;21001723
DEMIEN;MÊ¯CZYZNA;3;21001726
DZHAKHAR;MÊ¯CZYZNA;3;21001729
V?N THU?N;MÊ¯CZYZNA;3;21001732
ZAINDI;MÊ¯CZYZNA;3;21001735
UPKAR;MÊ¯CZYZNA;3;21001738
IRGEN;MÊ¯CZYZNA;3;21001741
PEDRO JAVIER;MÊ¯CZYZNA;3;21001744
JONGCHAN;MÊ¯CZYZNA;3;21001747
SYAHRUL;MÊ¯CZYZNA;3;21001750
ALANAS;MÊ¯CZYZNA;3;21001753
EZER;MÊ¯CZYZNA;3;21001756
ILLIAN;MÊ¯CZYZNA;3;21001759
SHOBHIT;MÊ¯CZYZNA;3;21001762
VIGAN;MÊ¯CZYZNA;3;21001765
BORIS£AW;MÊ¯CZYZNA;3;21001768
SEBASTSYAN;MÊ¯CZYZNA;3;21001771
HARJINDER SINGH;MÊ¯CZYZNA;3;21001774
KELLAN;MÊ¯CZYZNA;3;21001777
YUJIN;MÊ¯CZYZNA;3;21001780
FARZOD;MÊ¯CZYZNA;3;21001783
YADIGAR;MÊ¯CZYZNA;3;21001786
SOHAN SINGH;MÊ¯CZYZNA;3;21001789
VOLKERT;MÊ¯CZYZNA;3;21001792
TAEHEE;MÊ¯CZYZNA;3;21001795
PIRANI;MÊ¯CZYZNA;3;21001798
AKPER;MÊ¯CZYZNA;3;21001801
SUPARJO;MÊ¯CZYZNA;3;21001804
FANCISZEK;MÊ¯CZYZNA;3;21001807
UTPAL;MÊ¯CZYZNA;3;21001810
UMIRBEK;MÊ¯CZYZNA;3;21001813
SHAKHID;MÊ¯CZYZNA;3;21001816
YANMIN;MÊ¯CZYZNA;3;21001819
JINESH;MÊ¯CZYZNA;3;21001822
GIYOSJON;MÊ¯CZYZNA;3;21001825
PHARRELL;MÊ¯CZYZNA;3;21001828
HARIZ;MÊ¯CZYZNA;3;21001831
STANISLOVAS;MÊ¯CZYZNA;3;21001834
HONG VIET;MÊ¯CZYZNA;3;21001837
MOHAMMED-EL-AMIN;MÊ¯CZYZNA;3;21001840
AMARDEEP;MÊ¯CZYZNA;3;21001843
YAROSLAN;MÊ¯CZYZNA;3;21001846
JUGOSLAV;MÊ¯CZYZNA;3;21001849
VOLODMYR;MÊ¯CZYZNA;3;21001852
NICKSON;MÊ¯CZYZNA;3;21001855
ALEKSIEIEV;MÊ¯CZYZNA;3;21001858
LUU;MÊ¯CZYZNA;3;21001861
RANDAL;MÊ¯CZYZNA;3;21001864
PESAH;MÊ¯CZYZNA;3;21001867
MUBIN;MÊ¯CZYZNA;3;21001870
PRADEEP RAJ;MÊ¯CZYZNA;3;21001873
ESTIFANOS;MÊ¯CZYZNA;3;21001876
GURBAT;MÊ¯CZYZNA;3;21001879
SUPYAN;MÊ¯CZYZNA;3;21001882
GARRET;MÊ¯CZYZNA;3;21001885
XIANLONG;MÊ¯CZYZNA;3;21001888
KEYVAN;MÊ¯CZYZNA;3;21001891
ATAL;MÊ¯CZYZNA;3;21001894
BALVEER;MÊ¯CZYZNA;3;21001897
ZULKARNAIN;MÊ¯CZYZNA;3;21001900
EUG?NE;MÊ¯CZYZNA;3;21001903
CONG HAI;MÊ¯CZYZNA;3;21001906
YANLIANG;MÊ¯CZYZNA;3;21001909
RUPIN;MÊ¯CZYZNA;3;21001912
MANFRID;MÊ¯CZYZNA;3;21001915
DOBROGOST;MÊ¯CZYZNA;3;21001918
ULLAH;MÊ¯CZYZNA;3;21001921
SARDIONI;MÊ¯CZYZNA;3;21001924
WEIYI;MÊ¯CZYZNA;3;21001927
NAVDEEP SINGH;MÊ¯CZYZNA;3;21001930
PRABAKARAN;MÊ¯CZYZNA;3;21001933
TURARBEK;MÊ¯CZYZNA;3;21001936
ARSID;MÊ¯CZYZNA;3;21001939
ACHI;MÊ¯CZYZNA;3;21001942
BINGBING;MÊ¯CZYZNA;3;21001945
ADEDAMOLA;MÊ¯CZYZNA;3;21001948
SAYFEDDINE;MÊ¯CZYZNA;3;21001951
KIRILE;MÊ¯CZYZNA;3;21001954
S£AWCZO;MÊ¯CZYZNA;3;21001957
RENISH;MÊ¯CZYZNA;3;21001960
GERTJAN;MÊ¯CZYZNA;3;21001963
PRATHAM;MÊ¯CZYZNA;3;21001966
KAHTAN;MÊ¯CZYZNA;3;21001969
SALAAR;MÊ¯CZYZNA;3;21001972
VIJAYANAND;MÊ¯CZYZNA;3;21001975
CONSTANTIN-VASILE;MÊ¯CZYZNA;3;21001978
JINRONG;MÊ¯CZYZNA;3;21001981
GYÕRGY;MÊ¯CZYZNA;3;21001984
JETHRO;MÊ¯CZYZNA;3;21001987
ROHITKUMAR;MÊ¯CZYZNA;3;21001990
DINH THAI;MÊ¯CZYZNA;3;21001993
DOMIAN;MÊ¯CZYZNA;3;21001996
WEI-TING;MÊ¯CZYZNA;3;21001999
WALDOMIR;MÊ¯CZYZNA;3;21002002
SHAWKI;MÊ¯CZYZNA;3;21002005
VASILIE;MÊ¯CZYZNA;3;21002008
IULIAN-MIHAI;MÊ¯CZYZNA;3;21002011
KAZYS;MÊ¯CZYZNA;3;21002014
NUSYN;MÊ¯CZYZNA;3;21002017
FAKHRIYOR;MÊ¯CZYZNA;3;21002020
RADOMIL;MÊ¯CZYZNA;3;21002023
SIZHE;MÊ¯CZYZNA;3;21002026
WEIQING;MÊ¯CZYZNA;3;21002029
SAVELIE;MÊ¯CZYZNA;3;21002032
TANIRVERDI;MÊ¯CZYZNA;3;21002035
AFZAAL;MÊ¯CZYZNA;3;21002038
RUBEN JR.;MÊ¯CZYZNA;3;21002041
MAKIS;MÊ¯CZYZNA;3;21002044
EFEKAN;MÊ¯CZYZNA;3;21002047
ABDULMALEK;MÊ¯CZYZNA;3;21002050
ABDUS;MÊ¯CZYZNA;3;21002053
MANES;MÊ¯CZYZNA;3;21002056
DEMAL;MÊ¯CZYZNA;3;21002059
RAVIRAJ;MÊ¯CZYZNA;3;21002062
BE?AT;MÊ¯CZYZNA;3;21002065
KAZMIR;MÊ¯CZYZNA;3;21002068
HAMMED;MÊ¯CZYZNA;3;21002071
RAMADHAN;MÊ¯CZYZNA;3;21002074
SUNGCHUL;MÊ¯CZYZNA;3;21002077
ÖZAY;MÊ¯CZYZNA;3;21002080
CHANDRASEKHAR;MÊ¯CZYZNA;3;21002083
DAJUN;MÊ¯CZYZNA;3;21002086
THONGCHAI;MÊ¯CZYZNA;3;21002089
ÖKKEª;MÊ¯CZYZNA;3;21002092
EMILIA;MÊ¯CZYZNA;3;21002095
OGBONNAYA;MÊ¯CZYZNA;3;21002098
PEDRO MANUEL;MÊ¯CZYZNA;3;21002101
MAFTUN;MÊ¯CZYZNA;3;21002104
YOHANAN;MÊ¯CZYZNA;3;21002107
KONG;MÊ¯CZYZNA;3;21002110
MIRHUSEYN;MÊ¯CZYZNA;3;21002113
KAHRAMON;MÊ¯CZYZNA;3;21002116
ROUVEN;MÊ¯CZYZNA;3;21002119
RYLAN;MÊ¯CZYZNA;3;21002122
EVIN;MÊ¯CZYZNA;3;21002125
HAYRULLO;MÊ¯CZYZNA;3;21002128
YU-TING;MÊ¯CZYZNA;3;21002131
RAGIB;MÊ¯CZYZNA;3;21002134
SUBHANKAR;MÊ¯CZYZNA;3;21002137
SONG CHOL;MÊ¯CZYZNA;3;21002140
GADZHI;MÊ¯CZYZNA;3;21002143
VICKTOR;MÊ¯CZYZNA;3;21002146
MANAB;MÊ¯CZYZNA;3;21002149
UGNIUS;MÊ¯CZYZNA;3;21002152
TAKI;MÊ¯CZYZNA;3;21002155
MAICHEL;MÊ¯CZYZNA;3;21002158
BINH AN;MÊ¯CZYZNA;3;21002161
ABDOLLAH;MÊ¯CZYZNA;3;21002164
NIRAN;MÊ¯CZYZNA;3;21002167
HAUKUR;MÊ¯CZYZNA;3;21002170
MAGSAD;MÊ¯CZYZNA;3;21002173
TAREL;MÊ¯CZYZNA;3;21002176
CHUKWUJEKWU;MÊ¯CZYZNA;3;21002179
NAGARAJAN;MÊ¯CZYZNA;3;21002182
VOIODYMYR;MÊ¯CZYZNA;3;21002185
VITTO;MÊ¯CZYZNA;3;21002188
ATHMAN;MÊ¯CZYZNA;3;21002191
AVYAN;MÊ¯CZYZNA;3;21002194
WENCHAO;MÊ¯CZYZNA;3;21002197
RAKIF;MÊ¯CZYZNA;3;21002200
MYKHAI£O;MÊ¯CZYZNA;3;21002203
DOVRANGELDI;MÊ¯CZYZNA;3;21002206
NASEEB;MÊ¯CZYZNA;3;21002209
XIAODI;MÊ¯CZYZNA;3;21002212
OLESANDR;MÊ¯CZYZNA;3;21002215
UMEDZHON;MÊ¯CZYZNA;3;21002218
ELZAMIN;MÊ¯CZYZNA;3;21002221
JUNJI;MÊ¯CZYZNA;3;21002224
BAO TRUNG;MÊ¯CZYZNA;3;21002227
SUKHJINDER;MÊ¯CZYZNA;3;21002230
NEJDET;MÊ¯CZYZNA;3;21002233
ARAZMYRAT;MÊ¯CZYZNA;3;21002236
SERBIN;MÊ¯CZYZNA;3;21002239
INHWAN;MÊ¯CZYZNA;3;21002242
VYTENIS;MÊ¯CZYZNA;3;21002245
MUKHAMMADRIZO;MÊ¯CZYZNA;3;21002248
NUHZARI;MÊ¯CZYZNA;3;21002251
YANNIC;MÊ¯CZYZNA;3;21002254
MD MASUDUR;MÊ¯CZYZNA;3;21002257
BERTUS;MÊ¯CZYZNA;3;21002260
JOOYONG;MÊ¯CZYZNA;3;21002263
CHIDAMBARAM;MÊ¯CZYZNA;3;21002266
SAKHRAB;MÊ¯CZYZNA;3;21002269
IRAKLIY;MÊ¯CZYZNA;3;21002272
RAMNATH;MÊ¯CZYZNA;3;21002275
ASHIRAF;MÊ¯CZYZNA;3;21002278
VALADYSLAV;MÊ¯CZYZNA;3;21002281
BOYD;MÊ¯CZYZNA;3;21002284
ALVIS;MÊ¯CZYZNA;3;21002287
MD MASUM;MÊ¯CZYZNA;3;21002290
ASHIQUE;MÊ¯CZYZNA;3;21002293
JAIME JR.;MÊ¯CZYZNA;3;21002296
BEKJON;MÊ¯CZYZNA;3;21002299
RAFE;MÊ¯CZYZNA;3;21002302
NAJMEDDINE;MÊ¯CZYZNA;3;21002305
MUHRIDDIN;MÊ¯CZYZNA;3;21002308
MICHAILAS;MÊ¯CZYZNA;3;21002311
HAZI;MÊ¯CZYZNA;3;21002314
SOBIT;MÊ¯CZYZNA;3;21002317
ULMAS;MÊ¯CZYZNA;3;21002320
YSMAYYL;MÊ¯CZYZNA;3;21002323
SEUNGJIN;MÊ¯CZYZNA;3;21002326
KOSTYNTIN;MÊ¯CZYZNA;3;21002329
SUKHJEET;MÊ¯CZYZNA;3;21002332
SAVIOUR;MÊ¯CZYZNA;3;21002335
NGOC SANG;MÊ¯CZYZNA;3;21002338
GANTULGA;MÊ¯CZYZNA;3;21002341
TIANLONG;MÊ¯CZYZNA;3;21002344
PESSACH;MÊ¯CZYZNA;3;21002347
ARNOUD;MÊ¯CZYZNA;3;21002350
NASRIDDIN;MÊ¯CZYZNA;3;21002353
KOLBY;MÊ¯CZYZNA;3;21002356
WAJIH;MÊ¯CZYZNA;3;21002359
NELVIN;MÊ¯CZYZNA;3;21002362
NAM PHONG;MÊ¯CZYZNA;3;21002365
DARYOUSH;MÊ¯CZYZNA;3;21002368
JAIMON;MÊ¯CZYZNA;3;21002371
NEVIN;MÊ¯CZYZNA;3;21002374
SABUR;MÊ¯CZYZNA;3;21002377
JOYSON;MÊ¯CZYZNA;3;21002380
TONCHO;MÊ¯CZYZNA;3;21002383
BORAM;MÊ¯CZYZNA;3;21002386
STANCHO;MÊ¯CZYZNA;3;21002389
EWOUT;MÊ¯CZYZNA;3;21002392
AYTAC;MÊ¯CZYZNA;3;21002395
YAMA;MÊ¯CZYZNA;3;21002398
DUC KIEN;MÊ¯CZYZNA;3;21002401
SARIN;MÊ¯CZYZNA;3;21002404
FAKHRITDIN;MÊ¯CZYZNA;3;21002407
MAKSIMILYAN;MÊ¯CZYZNA;3;21002410
SEONGYUN;MÊ¯CZYZNA;3;21002413
RHETT;MÊ¯CZYZNA;3;21002416
SURI;MÊ¯CZYZNA;3;21002419
NAWOJ;MÊ¯CZYZNA;3;21002422
SHIHUA;MÊ¯CZYZNA;3;21002425
PARTICK;MÊ¯CZYZNA;3;21002428
MOVLA;MÊ¯CZYZNA;3;21002431
YOUNG JIN;MÊ¯CZYZNA;3;21002434
JÓSEF;MÊ¯CZYZNA;3;21002437
JIANBING;MÊ¯CZYZNA;3;21002440
DINGEMAN;MÊ¯CZYZNA;3;21002443
JIANGPING;MÊ¯CZYZNA;3;21002446
REªAT;MÊ¯CZYZNA;3;21002449
ANG;MÊ¯CZYZNA;3;21002452
ELMO;MÊ¯CZYZNA;3;21002455
BENAISSA;MÊ¯CZYZNA;3;21002458
SHUKRILLO;MÊ¯CZYZNA;3;21002461
GUANGDONG;MÊ¯CZYZNA;3;21002464
ORIA;MÊ¯CZYZNA;3;21002467
GENADZ;MÊ¯CZYZNA;3;21002470
NAWARAJ;MÊ¯CZYZNA;3;21002473
NAYEL;MÊ¯CZYZNA;3;21002476
JONNIE;MÊ¯CZYZNA;3;21002479
BARI;MÊ¯CZYZNA;3;21002482
SANGYEOP;MÊ¯CZYZNA;3;21002485
VAPHADAR;MÊ¯CZYZNA;3;21002488
MATTÄUS;MÊ¯CZYZNA;3;21002491
GÜNER;MÊ¯CZYZNA;3;21002494
HANBIN;MÊ¯CZYZNA;3;21002497
TIMIOS;MÊ¯CZYZNA;3;21002500
REONALD;MÊ¯CZYZNA;3;21002503
KALU;MÊ¯CZYZNA;3;21002506
SUWEI;MÊ¯CZYZNA;3;21002509
ZIJAD;MÊ¯CZYZNA;3;21002512
DENIS£AW;MÊ¯CZYZNA;3;21002515
TAMOTSU;MÊ¯CZYZNA;3;21002518
BRANE;MÊ¯CZYZNA;3;21002521
GOKMEN;MÊ¯CZYZNA;3;21002524
NEHEMIA;MÊ¯CZYZNA;3;21002527
ROMEU;MÊ¯CZYZNA;3;21002530
VÃN ANH;MÊ¯CZYZNA;3;21002533
ZOLBOO;MÊ¯CZYZNA;3;21002536
XIAOZHONG;MÊ¯CZYZNA;3;21002539
ANDRZJ;MÊ¯CZYZNA;3;21002542
ANIRUDDH;MÊ¯CZYZNA;3;21002545
JERRIN;MÊ¯CZYZNA;3;21002548
YURYY;MÊ¯CZYZNA;3;21002551
ABDULAZIM;MÊ¯CZYZNA;3;21002554
DAMASO;MÊ¯CZYZNA;3;21002557
WAZGEN;MÊ¯CZYZNA;3;21002560
ZHENGYI;MÊ¯CZYZNA;3;21002563
JAR;MÊ¯CZYZNA;3;21002566
XIA;MÊ¯CZYZNA;3;21002569
WIET;MÊ¯CZYZNA;3;21002572
BUZURGMEHR;MÊ¯CZYZNA;3;21002575
MARCK;MÊ¯CZYZNA;3;21002578
DESTINY;MÊ¯CZYZNA;3;21002581
VAAG;MÊ¯CZYZNA;3;21002584
KEIRAN;MÊ¯CZYZNA;3;21002587
TSANKO;MÊ¯CZYZNA;3;21002590
FURAT;MÊ¯CZYZNA;3;21002593
NG?C S?N;MÊ¯CZYZNA;3;21002596
IFTIKHOR;MÊ¯CZYZNA;3;21002599
SREENIVAS;MÊ¯CZYZNA;3;21002602
IDRAK;MÊ¯CZYZNA;3;21002605
LYNN;MÊ¯CZYZNA;3;21002608
XUÂN T?NG;MÊ¯CZYZNA;3;21002611
XSAWERY;MÊ¯CZYZNA;3;21002614
RAMID;MÊ¯CZYZNA;3;21002617
CRISTIAN-ANDREI;MÊ¯CZYZNA;3;21002620
WITOMI£;MÊ¯CZYZNA;3;21002623
HYESEONG;MÊ¯CZYZNA;3;21002626
MUSABEK;MÊ¯CZYZNA;3;21002629
SIYUAN;MÊ¯CZYZNA;3;21002632
ASSYLKHAN;MÊ¯CZYZNA;3;21002635
LOAN;MÊ¯CZYZNA;3;21002638
ILNAR;MÊ¯CZYZNA;3;21002641
VÃN H?U;MÊ¯CZYZNA;3;21002644
RAHMATULLO;MÊ¯CZYZNA;3;21002647
WOOJAE;MÊ¯CZYZNA;3;21002650
SÉVERIN;MÊ¯CZYZNA;3;21002653
ARKAD;MÊ¯CZYZNA;3;21002656
SEONGYOON;MÊ¯CZYZNA;3;21002659
HOUSAM;MÊ¯CZYZNA;3;21002662
SOGRAT;MÊ¯CZYZNA;3;21002665
YOUNGDO;MÊ¯CZYZNA;3;21002668
XIAOWANG;MÊ¯CZYZNA;3;21002671
THOMASKUTTY;MÊ¯CZYZNA;3;21002674
SHEKHROZ;MÊ¯CZYZNA;3;21002677
OLAN;MÊ¯CZYZNA;3;21002680
PREMTIM;MÊ¯CZYZNA;3;21002683
CARLOS ROBERTO;MÊ¯CZYZNA;3;21002686
KATSIARYNA;MÊ¯CZYZNA;3;21002689
MASHRAB;MÊ¯CZYZNA;3;21002692
MIRONI;MÊ¯CZYZNA;3;21002695
YOUNG JAE;MÊ¯CZYZNA;3;21002698
HEMENDRA;MÊ¯CZYZNA;3;21002701
KUAT;MÊ¯CZYZNA;3;21002704
SIGMAR;MÊ¯CZYZNA;3;21002707
CHIH-YUAN;MÊ¯CZYZNA;3;21002710
EHTISHAM;MÊ¯CZYZNA;3;21002713
YLLIA;MÊ¯CZYZNA;3;21002716
WONJAE;MÊ¯CZYZNA;3;21002719
AS'AD;MÊ¯CZYZNA;3;21002722
MUZAFFARKHON;MÊ¯CZYZNA;3;21002725
WANDRILLE;MÊ¯CZYZNA;3;21002728
NOBUO;MÊ¯CZYZNA;3;21002731
DOBRIVOJE;MÊ¯CZYZNA;3;21002734
SHERIP;MÊ¯CZYZNA;3;21002737
ZIQIANG;MÊ¯CZYZNA;3;21002740
KASTIEL;MÊ¯CZYZNA;3;21002743
MYKHILO;MÊ¯CZYZNA;3;21002746
ZAXAR;MÊ¯CZYZNA;3;21002749
LE MINH;MÊ¯CZYZNA;3;21002752
BILYAN;MÊ¯CZYZNA;3;21002755
DERI;MÊ¯CZYZNA;3;21002758
WAJD;MÊ¯CZYZNA;3;21002761
KEBIN;MÊ¯CZYZNA;3;21002764
TOLUNAY;MÊ¯CZYZNA;3;21002767
AYDEMIR;MÊ¯CZYZNA;3;21002770
TIT;MÊ¯CZYZNA;3;21002773
CHANGHEE;MÊ¯CZYZNA;3;21002776
VAAHN;MÊ¯CZYZNA;3;21002779
KIEN CUONG;MÊ¯CZYZNA;3;21002782
TOSHINORI;MÊ¯CZYZNA;3;21002785
IASONAS;MÊ¯CZYZNA;3;21002788
BALRAM;MÊ¯CZYZNA;3;21002791
GYÕZÕ;MÊ¯CZYZNA;3;21002794
VÃN B?O;MÊ¯CZYZNA;3;21002797
V?KTOR;MÊ¯CZYZNA;3;21002800
WENFENG;MÊ¯CZYZNA;3;21002803
RAMON JR;MÊ¯CZYZNA;3;21002806
YAKOW;MÊ¯CZYZNA;3;21002809
TARSEM SINGH;MÊ¯CZYZNA;3;21002812
MOHAMED ELSAYED;MÊ¯CZYZNA;3;21002815
ABUMUSLIM;MÊ¯CZYZNA;3;21002818
YESHAYA;MÊ¯CZYZNA;3;21002821
ATACAN;MÊ¯CZYZNA;3;21002824
ASSIL;MÊ¯CZYZNA;3;21002827
KRISTAN;MÊ¯CZYZNA;3;21002830
KAMOLDIN;MÊ¯CZYZNA;3;21002833
SUBHAJIT;MÊ¯CZYZNA;3;21002836
HILARION;MÊ¯CZYZNA;3;21002839
RENOS£AW;MÊ¯CZYZNA;3;21002842
JANU;MÊ¯CZYZNA;3;21002845
NIM;MÊ¯CZYZNA;3;21002848
KABIRAJ;MÊ¯CZYZNA;3;21002851
DILBAG;MÊ¯CZYZNA;3;21002854
FORAT;MÊ¯CZYZNA;3;21002857
RYOMA;MÊ¯CZYZNA;3;21002860
JIMUEL;MÊ¯CZYZNA;3;21002863
BERDI;MÊ¯CZYZNA;3;21002866
MALCOM;MÊ¯CZYZNA;3;21002869
MD RASHED;MÊ¯CZYZNA;3;21002872
PRANAS;MÊ¯CZYZNA;3;21002875
MEIRKHAN;MÊ¯CZYZNA;3;21002878
SHPEND;MÊ¯CZYZNA;3;21002881
ALTY;MÊ¯CZYZNA;3;21002884
ENGJELL;MÊ¯CZYZNA;3;21002887
HAFIZ MUHAMMAD;MÊ¯CZYZNA;3;21002890
GIAN CARLO;MÊ¯CZYZNA;3;21002893
NARCISO;MÊ¯CZYZNA;3;21002896
BRAIEN;MÊ¯CZYZNA;3;21002899
ELMIKHAN;MÊ¯CZYZNA;3;21002902
GEBRIL;MÊ¯CZYZNA;3;21002905
ªAD?;MÊ¯CZYZNA;3;21002908
YUDONG;MÊ¯CZYZNA;3;21002911
KARDO;MÊ¯CZYZNA;3;21002914
VAN PHI;MÊ¯CZYZNA;3;21002917
SAGIL;MÊ¯CZYZNA;3;21002920
MAXSYMILIAN;MÊ¯CZYZNA;3;21002923
JAAK;MÊ¯CZYZNA;3;21002926
CHERKEZ;MÊ¯CZYZNA;3;21002929
VIASLAU;MÊ¯CZYZNA;3;21002932
KEYI;MÊ¯CZYZNA;3;21002935
MILIUSZ;MÊ¯CZYZNA;3;21002938
SAMUL;MÊ¯CZYZNA;3;21002941
PARASH;MÊ¯CZYZNA;3;21002944
YUANYUAN;MÊ¯CZYZNA;3;21002947
INDRAMANI;MÊ¯CZYZNA;3;21002950
DZHAN;MÊ¯CZYZNA;3;21002953
ªTEFAN-ANDREI;MÊ¯CZYZNA;3;21002956
TRIM;MÊ¯CZYZNA;3;21002959
ZAMIRBEK;MÊ¯CZYZNA;3;21002962
JOSEB;MÊ¯CZYZNA;3;21002965
KAMARI;MÊ¯CZYZNA;3;21002968
MOHAMMAD IQBAL;MÊ¯CZYZNA;3;21002971
ABDURAZZOK;MÊ¯CZYZNA;3;21002974
BAQER;MÊ¯CZYZNA;3;21002977
VILIK;MÊ¯CZYZNA;3;21002980
BYJU;MÊ¯CZYZNA;3;21002983
CHENGXIANG;MÊ¯CZYZNA;3;21002986
SOMENATH;MÊ¯CZYZNA;3;21002989
HREHOR;MÊ¯CZYZNA;3;21002992
RUSTOM;MÊ¯CZYZNA;3;21002995
ENOMA;MÊ¯CZYZNA;3;21002998
SUTIYONO;MÊ¯CZYZNA;3;21003001
YAZHOU;MÊ¯CZYZNA;3;21003004
MARTHINUS;MÊ¯CZYZNA;3;21003007
VOJKO;MÊ¯CZYZNA;3;21003010
GUOBIN;MÊ¯CZYZNA;3;21003013
OMONJON;MÊ¯CZYZNA;3;21003016
STEFANE;MÊ¯CZYZNA;3;21003019
HAYTAM;MÊ¯CZYZNA;3;21003022
DAE SUNG;MÊ¯CZYZNA;3;21003025
MUGUREL;MÊ¯CZYZNA;3;21003028
BARDIA;MÊ¯CZYZNA;3;21003031
CHOWDHURY;MÊ¯CZYZNA;3;21003034
SLA?AN;MÊ¯CZYZNA;3;21003037
ISSEI;MÊ¯CZYZNA;3;21003040
ATOM;MÊ¯CZYZNA;3;21003043
RAMA KRISHNA;MÊ¯CZYZNA;3;21003046
HAOXUAN;MÊ¯CZYZNA;3;21003049
PAKHLIVAN;MÊ¯CZYZNA;3;21003052
RAJIN;MÊ¯CZYZNA;3;21003055
ALIMBEK;MÊ¯CZYZNA;3;21003058
CAREL;MÊ¯CZYZNA;3;21003061
DENNER;MÊ¯CZYZNA;3;21003064
KOZIMJON;MÊ¯CZYZNA;3;21003067
ORFEI;MÊ¯CZYZNA;3;21003070
ANIRBAN;MÊ¯CZYZNA;3;21003073
NGOC NAM;MÊ¯CZYZNA;3;21003076
YORDANIS;MÊ¯CZYZNA;3;21003079
XINGANG;MÊ¯CZYZNA;3;21003082
BEGENCHMYRAT;MÊ¯CZYZNA;3;21003085
RELJA;MÊ¯CZYZNA;3;21003088
TARAN;MÊ¯CZYZNA;3;21003091
TAKHMAZ;MÊ¯CZYZNA;3;21003094
HYNEK;MÊ¯CZYZNA;3;21003097
QUOC HUY;MÊ¯CZYZNA;3;21003100
WEIYONG;MÊ¯CZYZNA;3;21003103
ZOLOTOI;MÊ¯CZYZNA;3;21003106
SHEREEF;MÊ¯CZYZNA;3;21003109
RANIEL;MÊ¯CZYZNA;3;21003112
SUFFIAN;MÊ¯CZYZNA;3;21003115
INDIKA;MÊ¯CZYZNA;3;21003118
AVIK;MÊ¯CZYZNA;3;21003121
KARMEN;MÊ¯CZYZNA;3;21003124
ABDULALI;MÊ¯CZYZNA;3;21003127
JAGAT;MÊ¯CZYZNA;3;21003130
TARIIEL;MÊ¯CZYZNA;3;21003133
BOYET;MÊ¯CZYZNA;3;21003136
BRANDEN;MÊ¯CZYZNA;3;21003139
GERVASI;MÊ¯CZYZNA;3;21003142
TICHAONA;MÊ¯CZYZNA;3;21003145
MURODULLA;MÊ¯CZYZNA;3;21003148
KULDEEP SINGH;MÊ¯CZYZNA;3;21003151
POLINA;MÊ¯CZYZNA;3;21003154
LEVIK;MÊ¯CZYZNA;3;21003157
GRISZA;MÊ¯CZYZNA;3;21003160
XIAOJIE;MÊ¯CZYZNA;3;21003163
JIANWEN;MÊ¯CZYZNA;3;21003166
ARDAK;MÊ¯CZYZNA;3;21003169
VIPULKUMAR;MÊ¯CZYZNA;3;21003172
SIRAK;MÊ¯CZYZNA;3;21003175
MANIGANDAN;MÊ¯CZYZNA;3;21003178
JEBIN;MÊ¯CZYZNA;3;21003181
HAKON;MÊ¯CZYZNA;3;21003184
VOLF;MÊ¯CZYZNA;3;21003187
PARMOD;MÊ¯CZYZNA;3;21003190
SHAIR;MÊ¯CZYZNA;3;21003193
AMADU;MÊ¯CZYZNA;3;21003196
JICHENG;MÊ¯CZYZNA;3;21003199
VIT;MÊ¯CZYZNA;3;21003202
VAKHITA;MÊ¯CZYZNA;3;21003205
KIRCHO;MÊ¯CZYZNA;3;21003208
SAHILKUMAR;MÊ¯CZYZNA;3;21003211
ZHIQING;MÊ¯CZYZNA;3;21003214
HIDEKAZU;MÊ¯CZYZNA;3;21003217
LALITH;MÊ¯CZYZNA;3;21003220
YEN-CHENG;MÊ¯CZYZNA;3;21003223
KAZEM;MÊ¯CZYZNA;3;21003226
JAHANGEER;MÊ¯CZYZNA;3;21003229
REYMUND;MÊ¯CZYZNA;3;21003232
DARJUSZ;MÊ¯CZYZNA;3;21003235
FREEK;MÊ¯CZYZNA;3;21003238
REDOUAN;MÊ¯CZYZNA;3;21003241
KALMIR;MÊ¯CZYZNA;3;21003244
SEJONG;MÊ¯CZYZNA;3;21003247
WALED;MÊ¯CZYZNA;3;21003250
AZUBUIKE;MÊ¯CZYZNA;3;21003253
CHI DUNG;MÊ¯CZYZNA;3;21003256
KRASSIMIR;MÊ¯CZYZNA;3;21003259
SREEDHAR;MÊ¯CZYZNA;3;21003262
MARIE;MÊ¯CZYZNA;3;21003265
BAHA;MÊ¯CZYZNA;3;21003268
GIRI;MÊ¯CZYZNA;3;21003271
YIBING;MÊ¯CZYZNA;3;21003274
MINH TAN;MÊ¯CZYZNA;3;21003277
JINSHENG;MÊ¯CZYZNA;3;21003280
REDWAN;MÊ¯CZYZNA;3;21003283
MARATZHAN;MÊ¯CZYZNA;3;21003286
TAPIO;MÊ¯CZYZNA;3;21003289
BOSUNG;MÊ¯CZYZNA;3;21003292
??NH TRUNG;MÊ¯CZYZNA;3;21003295
SALAUDIN;MÊ¯CZYZNA;3;21003298
SEBE;MÊ¯CZYZNA;3;21003301
PHIRDOVSI;MÊ¯CZYZNA;3;21003304
TIANEN;MÊ¯CZYZNA;3;21003307
MINGXIN;MÊ¯CZYZNA;3;21003310
ANDRES DAVID;MÊ¯CZYZNA;3;21003313
VALDET;MÊ¯CZYZNA;3;21003316
SURONG;MÊ¯CZYZNA;3;21003319
RAJNISH;MÊ¯CZYZNA;3;21003322
QUANG TIEN;MÊ¯CZYZNA;3;21003325
ZENZO;MÊ¯CZYZNA;3;21003328
CAJETAN;MÊ¯CZYZNA;3;21003331
RITIK;MÊ¯CZYZNA;3;21003334
SVYATOSLAW;MÊ¯CZYZNA;3;21003337
ANTIMO;MÊ¯CZYZNA;3;21003340
DINH DUONG;MÊ¯CZYZNA;3;21003343
SARABJEET;MÊ¯CZYZNA;3;21003346
HAYRAPET;MÊ¯CZYZNA;3;21003349
IANU?;MÊ¯CZYZNA;3;21003352
OLHERD;MÊ¯CZYZNA;3;21003355
ALKHA;MÊ¯CZYZNA;3;21003358
SMART;MÊ¯CZYZNA;3;21003361
ANE;MÊ¯CZYZNA;3;21003364
GUANGRONG;MÊ¯CZYZNA;3;21003367
FAKHRADIN;MÊ¯CZYZNA;3;21003370
MD NAZRUL;MÊ¯CZYZNA;3;21003373
ABDULAHAD;MÊ¯CZYZNA;3;21003376
FINBARR;MÊ¯CZYZNA;3;21003379
NIHAR;MÊ¯CZYZNA;3;21003382
FAIDON;MÊ¯CZYZNA;2;21003384
GENÇAY;MÊ¯CZYZNA;2;21003386
MIRCEA-TEODOR;MÊ¯CZYZNA;2;21003388
BEHZAT;MÊ¯CZYZNA;2;21003390
REVAN;MÊ¯CZYZNA;2;21003392
HARITZ;MÊ¯CZYZNA;2;21003394
MD MUZAHIDUL;MÊ¯CZYZNA;2;21003396
NAWEEN;MÊ¯CZYZNA;2;21003398
SAADI;MÊ¯CZYZNA;2;21003400
HAEYONG;MÊ¯CZYZNA;2;21003402
VERGIL;MÊ¯CZYZNA;2;21003404
KAMILLO;MÊ¯CZYZNA;2;21003406
INSU;MÊ¯CZYZNA;2;21003408
MINH TI?N;MÊ¯CZYZNA;2;21003410
DEBASIS;MÊ¯CZYZNA;2;21003412
CHÍ TH?NH;MÊ¯CZYZNA;2;21003414
NAZAR-DMYTRO;MÊ¯CZYZNA;2;21003416
SAMAY;MÊ¯CZYZNA;2;21003418
M?NH HI?U;MÊ¯CZYZNA;2;21003420
LYSANDER;MÊ¯CZYZNA;2;21003422
REO;MÊ¯CZYZNA;2;21003424
BATIN;MÊ¯CZYZNA;2;21003426
SYMONENKO;MÊ¯CZYZNA;2;21003428
JINGHENG;MÊ¯CZYZNA;2;21003430
QINGZHI;MÊ¯CZYZNA;2;21003432
M?NH TU?N;MÊ¯CZYZNA;2;21003434
ERASYL;MÊ¯CZYZNA;2;21003436
HI?N;MÊ¯CZYZNA;2;21003438
RUZIMUKHAMMAD;MÊ¯CZYZNA;2;21003440
SYARGEY;MÊ¯CZYZNA;2;21003442
TYMOFIEI;MÊ¯CZYZNA;2;21003444
ABDUGHANI;MÊ¯CZYZNA;2;21003446
INDY;MÊ¯CZYZNA;2;21003448
NYKITA;MÊ¯CZYZNA;2;21003450
HEWAD;MÊ¯CZYZNA;2;21003452
ULMASBEK;MÊ¯CZYZNA;2;21003454
CHOUKRI;MÊ¯CZYZNA;2;21003456
TANRIVERDI;MÊ¯CZYZNA;2;21003458
VALENTYM;MÊ¯CZYZNA;2;21003460
MICHESLAV;MÊ¯CZYZNA;2;21003462
ASADUZZAMAN;MÊ¯CZYZNA;2;21003464
BARTOLOMÄUS;MÊ¯CZYZNA;2;21003466
HAERYONG;MÊ¯CZYZNA;2;21003468
RASHADUL;MÊ¯CZYZNA;2;21003470
RICARDO LUÍS;MÊ¯CZYZNA;2;21003472
MANINDRA;MÊ¯CZYZNA;2;21003474
BENET;MÊ¯CZYZNA;2;21003476
HARLAMPI;MÊ¯CZYZNA;2;21003478
KYUNGTAK;MÊ¯CZYZNA;2;21003480
KÁSSIO;MÊ¯CZYZNA;2;21003482
ARTEM-PAVLO;MÊ¯CZYZNA;2;21003484
JOSÉ MIGUEL;MÊ¯CZYZNA;2;21003486
EMRA;MÊ¯CZYZNA;2;21003488
LEOARDO;MÊ¯CZYZNA;2;21003490
JEAN-ALEXANDRE;MÊ¯CZYZNA;2;21003492
YU-YU;MÊ¯CZYZNA;2;21003494
RIVOJIDDIN;MÊ¯CZYZNA;2;21003496
SOGO;MÊ¯CZYZNA;2;21003498
KRYSZTOF;MÊ¯CZYZNA;2;21003500
ADINARAYANA;MÊ¯CZYZNA;2;21003502
SHENGYU;MÊ¯CZYZNA;2;21003504
SUBEG;MÊ¯CZYZNA;2;21003506
MAKHMUJAN;MÊ¯CZYZNA;2;21003508
PRUDENCIO;MÊ¯CZYZNA;2;21003510
BARACK;MÊ¯CZYZNA;2;21003512
DANAR;MÊ¯CZYZNA;2;21003514
RAHAMAT;MÊ¯CZYZNA;2;21003516
DZHENGIZ;MÊ¯CZYZNA;2;21003518
COSTA;MÊ¯CZYZNA;2;21003520
BABU RAM;MÊ¯CZYZNA;2;21003522
FELIN;MÊ¯CZYZNA;2;21003524
MAHA;MÊ¯CZYZNA;2;21003526
ABDULKAFI;MÊ¯CZYZNA;2;21003528
MOAZAM;MÊ¯CZYZNA;2;21003530
YOUBA;MÊ¯CZYZNA;2;21003532
AMAZASP;MÊ¯CZYZNA;2;21003534
GERÓNIMO;MÊ¯CZYZNA;2;21003536
OBAID;MÊ¯CZYZNA;2;21003538
TIJMEN;MÊ¯CZYZNA;2;21003540
MD FAYSAL;MÊ¯CZYZNA;2;21003542
TSEIMUR;MÊ¯CZYZNA;2;21003544
ARTIEMIJ;MÊ¯CZYZNA;2;21003546
JIANZHI;MÊ¯CZYZNA;2;21003548
DELBERT;MÊ¯CZYZNA;2;21003550
AGIS;MÊ¯CZYZNA;2;21003552
BAILEY;MÊ¯CZYZNA;2;21003554
H?U M?NH;MÊ¯CZYZNA;2;21003556
KAMOLADDIN;MÊ¯CZYZNA;2;21003558
MICHALAKIS;MÊ¯CZYZNA;2;21003560
INAD;MÊ¯CZYZNA;2;21003562
DIVAGAR;MÊ¯CZYZNA;2;21003564
ANKURKUMAR;MÊ¯CZYZNA;2;21003566
ÈENÌK;MÊ¯CZYZNA;2;21003568
SARAVANAKUMAR;MÊ¯CZYZNA;2;21003570
GEORGE-DANIEL;MÊ¯CZYZNA;2;21003572
NAMGYU;MÊ¯CZYZNA;2;21003574
DUC SY;MÊ¯CZYZNA;2;21003576
THANH TÚ;MÊ¯CZYZNA;2;21003578
NIIAZBEK;MÊ¯CZYZNA;2;21003580
ALIMUROD;MÊ¯CZYZNA;2;21003582
MARKO-IVAN;MÊ¯CZYZNA;2;21003584
ROBBE;MÊ¯CZYZNA;2;21003586
ISSAAC;MÊ¯CZYZNA;2;21003588
VLODEK;MÊ¯CZYZNA;2;21003590
RAJMUNDAS;MÊ¯CZYZNA;2;21003592
XINZHONG;MÊ¯CZYZNA;2;21003594
ANSHAD;MÊ¯CZYZNA;2;21003596
DENIZHAN;MÊ¯CZYZNA;2;21003598
JANER;MÊ¯CZYZNA;2;21003600
TAE SIK;MÊ¯CZYZNA;2;21003602
ENRIKI;MÊ¯CZYZNA;2;21003604
ÉVAN;MÊ¯CZYZNA;2;21003606
CHINAZOR;MÊ¯CZYZNA;2;21003608
JIANING;MÊ¯CZYZNA;2;21003610
MELITONI;MÊ¯CZYZNA;2;21003612
ARSENTI;MÊ¯CZYZNA;2;21003614
SAPARMÎRAT;MÊ¯CZYZNA;2;21003616
MUKHAMMAD ISA;MÊ¯CZYZNA;2;21003618
PHU HUNG;MÊ¯CZYZNA;2;21003620
DIMYTRO;MÊ¯CZYZNA;2;21003622
TOTORO;MÊ¯CZYZNA;2;21003624
FREDRYK;MÊ¯CZYZNA;2;21003626
IAVAR;MÊ¯CZYZNA;2;21003628
THILAK;MÊ¯CZYZNA;2;21003630
SUN HO;MÊ¯CZYZNA;2;21003632
BUYANDELGER;MÊ¯CZYZNA;2;21003634
EVRARD;MÊ¯CZYZNA;2;21003636
JIWOONG;MÊ¯CZYZNA;2;21003638
ASHIKUR;MÊ¯CZYZNA;2;21003640
GHERASIM;MÊ¯CZYZNA;2;21003642
ZIEMOMYS£AW;MÊ¯CZYZNA;2;21003644
VALÉR;MÊ¯CZYZNA;2;21003646
ASMIT;MÊ¯CZYZNA;2;21003648
SOCRATIS;MÊ¯CZYZNA;2;21003650
ROPIDI;MÊ¯CZYZNA;2;21003652
YEMIN;MÊ¯CZYZNA;2;21003654
YU-HAO;MÊ¯CZYZNA;2;21003656
IRON;MÊ¯CZYZNA;2;21003658
HABIBI;MÊ¯CZYZNA;2;21003660
HANINA;MÊ¯CZYZNA;2;21003662
ABUKAR;MÊ¯CZYZNA;2;21003664
HUBEN;MÊ¯CZYZNA;2;21003666
DANIEL-FLORIN;MÊ¯CZYZNA;2;21003668
GIBEOM;MÊ¯CZYZNA;2;21003670
BARTODZIEJ;MÊ¯CZYZNA;2;21003672
RUDEM;MÊ¯CZYZNA;2;21003674
IOULIOS;MÊ¯CZYZNA;2;21003676
IRENIUSZ;MÊ¯CZYZNA;2;21003678
IRENAEUS;MÊ¯CZYZNA;2;21003680
TAKUDZWANASHE;MÊ¯CZYZNA;2;21003682
JAFARI;MÊ¯CZYZNA;2;21003684
BAIYSH;MÊ¯CZYZNA;2;21003686
GOUTHAMAN;MÊ¯CZYZNA;2;21003688
HABTE;MÊ¯CZYZNA;2;21003690
NGOC VUONG;MÊ¯CZYZNA;2;21003692
VOVK;MÊ¯CZYZNA;2;21003694
MINGYANG;MÊ¯CZYZNA;2;21003696
ZYULKYAR;MÊ¯CZYZNA;2;21003698
TOGO;MÊ¯CZYZNA;2;21003700
PARSHOTAM;MÊ¯CZYZNA;2;21003702
MOHMOUD;MÊ¯CZYZNA;2;21003704
MUHAMMAD YUSUF;MÊ¯CZYZNA;2;21003706
MOHAMMAD JAHANGIR;MÊ¯CZYZNA;2;21003708
MUKHITDIN;MÊ¯CZYZNA;2;21003710
MATBII;MÊ¯CZYZNA;2;21003712
GURBINDER SINGH;MÊ¯CZYZNA;2;21003714
JEGORS;MÊ¯CZYZNA;2;21003716
SHUANGBAO;MÊ¯CZYZNA;2;21003718
JACINT;MÊ¯CZYZNA;2;21003720
YURII-PETRO;MÊ¯CZYZNA;2;21003722
LIVAI;MÊ¯CZYZNA;2;21003724
RAN BAHADUR;MÊ¯CZYZNA;2;21003726
MOHAMMAD SAIDUL;MÊ¯CZYZNA;2;21003728
CLAUDEMIR;MÊ¯CZYZNA;2;21003730
ELISON;MÊ¯CZYZNA;2;21003732
NOVIK;MÊ¯CZYZNA;2;21003734
TOIR;MÊ¯CZYZNA;2;21003736
YEONGJUN;MÊ¯CZYZNA;2;21003738
WOODY;MÊ¯CZYZNA;2;21003740
DUC QUANG;MÊ¯CZYZNA;2;21003742
KI SUB;MÊ¯CZYZNA;2;21003744
ISRRAEL;MÊ¯CZYZNA;2;21003746
ANH KHOI;MÊ¯CZYZNA;2;21003748
TIECHENG;MÊ¯CZYZNA;2;21003750
QINGWEN;MÊ¯CZYZNA;2;21003752
VAAGN;MÊ¯CZYZNA;2;21003754
AMBROS;MÊ¯CZYZNA;2;21003756
MUKHAMMADIUSUF;MÊ¯CZYZNA;2;21003758
VERTTI;MÊ¯CZYZNA;2;21003760
BAYRAMMUHAMMET;MÊ¯CZYZNA;2;21003762
VAN THAN;MÊ¯CZYZNA;2;21003764
TINASHE PAUL;MÊ¯CZYZNA;2;21003766
CHORI;MÊ¯CZYZNA;2;21003768
VICENZO;MÊ¯CZYZNA;2;21003770
SHUKURILLO;MÊ¯CZYZNA;2;21003772
DEMING;MÊ¯CZYZNA;2;21003774
YUNJIANG;MÊ¯CZYZNA;2;21003776
JIHONG;MÊ¯CZYZNA;2;21003778
BODHI;MÊ¯CZYZNA;2;21003780
VIJENDRA;MÊ¯CZYZNA;2;21003782
NORRIS;MÊ¯CZYZNA;2;21003784
SONGJING;MÊ¯CZYZNA;2;21003786
DANABEK;MÊ¯CZYZNA;2;21003788
BISHAN SINGH;MÊ¯CZYZNA;2;21003790
YINGDONG;MÊ¯CZYZNA;2;21003792
ATAKISHI;MÊ¯CZYZNA;2;21003794
MODA;MÊ¯CZYZNA;2;21003796
RAKESH GOVIND;MÊ¯CZYZNA;2;21003798
MIRKAZIM;MÊ¯CZYZNA;2;21003800
MD SAHADAT;MÊ¯CZYZNA;2;21003802
DAVEY;MÊ¯CZYZNA;2;21003804
GEV;MÊ¯CZYZNA;2;21003806
NORI;MÊ¯CZYZNA;2;21003808
JUANITO JR.;MÊ¯CZYZNA;2;21003810
HONGYANG;MÊ¯CZYZNA;2;21003812
BINGXU;MÊ¯CZYZNA;2;21003814
XUFENG;MÊ¯CZYZNA;2;21003816
MUAMET;MÊ¯CZYZNA;2;21003818
HEM KUMAR;MÊ¯CZYZNA;2;21003820
GAÉTAN;MÊ¯CZYZNA;2;21003822
RAMONE;MÊ¯CZYZNA;2;21003824
ABDÜLHAMID;MÊ¯CZYZNA;2;21003826
YONGSIN;MÊ¯CZYZNA;2;21003828
ABDUMUTAL;MÊ¯CZYZNA;2;21003830
ROMUL;MÊ¯CZYZNA;2;21003832
NOMI;MÊ¯CZYZNA;2;21003834
ÇA?ATAY;MÊ¯CZYZNA;2;21003836
RUDDY;MÊ¯CZYZNA;2;21003838
MUHS?N;MÊ¯CZYZNA;2;21003840
ILHWAN;MÊ¯CZYZNA;2;21003842
CLAUS-DIETER;MÊ¯CZYZNA;2;21003844
FEIM;MÊ¯CZYZNA;2;21003846
MATAR;MÊ¯CZYZNA;2;21003848
AMALESH;MÊ¯CZYZNA;2;21003850
DIBRAN;MÊ¯CZYZNA;2;21003852
EKAMJEET SINGH;MÊ¯CZYZNA;2;21003854
MZETCHABUKI;MÊ¯CZYZNA;2;21003856
SIDHARTHA;MÊ¯CZYZNA;2;21003858
ASHVIN;MÊ¯CZYZNA;2;21003860
ROSSEL;MÊ¯CZYZNA;2;21003862
GATOT;MÊ¯CZYZNA;2;21003864
BALJINDER KUMAR;MÊ¯CZYZNA;2;21003866
DANIUSZ;MÊ¯CZYZNA;2;21003868
XIAOJIAN;MÊ¯CZYZNA;2;21003870
SCHADI;MÊ¯CZYZNA;2;21003872
MÜSLIM;MÊ¯CZYZNA;2;21003874
VANIA;MÊ¯CZYZNA;2;21003876
THANH VINH;MÊ¯CZYZNA;2;21003878
PELLUMB;MÊ¯CZYZNA;2;21003880
LOBSANG;MÊ¯CZYZNA;2;21003882
ONON;MÊ¯CZYZNA;2;21003884
DIAMANTIS;MÊ¯CZYZNA;2;21003886
FENGXIN;MÊ¯CZYZNA;2;21003888
HASTINGS;MÊ¯CZYZNA;2;21003890
YANGUO;MÊ¯CZYZNA;2;21003892
JUAN DIEGO;MÊ¯CZYZNA;2;21003894
KH?C TRUNG;MÊ¯CZYZNA;2;21003896
GAMBHEER;MÊ¯CZYZNA;2;21003898
MOHAMMADHASSAN;MÊ¯CZYZNA;2;21003900
NEYLAN;MÊ¯CZYZNA;2;21003902
VÃN PHÁT;MÊ¯CZYZNA;2;21003904
YEABKAL;MÊ¯CZYZNA;2;21003906
RUTH;MÊ¯CZYZNA;2;21003908
IAROSLAW;MÊ¯CZYZNA;2;21003910
HAI HUNG;MÊ¯CZYZNA;2;21003912
BURÇ;MÊ¯CZYZNA;2;21003914
DYMYD;MÊ¯CZYZNA;2;21003916
SURJITH;MÊ¯CZYZNA;2;21003918
NIZAMADDIN;MÊ¯CZYZNA;2;21003920
LUBOMIERZ;MÊ¯CZYZNA;2;21003922
DEQUAN;MÊ¯CZYZNA;2;21003924
CRISTIAN-ALEXANDRU;MÊ¯CZYZNA;2;21003926
SOGOMON;MÊ¯CZYZNA;2;21003928
THOMÁS;MÊ¯CZYZNA;2;21003930
SANDHEEP;MÊ¯CZYZNA;2;21003932
M?NH TI?N;MÊ¯CZYZNA;2;21003934
ARNES;MÊ¯CZYZNA;2;21003936
PANDIAN;MÊ¯CZYZNA;2;21003938
GRACIOUS;MÊ¯CZYZNA;2;21003940
JAEKYUNG;MÊ¯CZYZNA;2;21003942
ILYK;MÊ¯CZYZNA;2;21003944
ARSALAN MUHAMMAD;MÊ¯CZYZNA;2;21003946
KRISHNAN;MÊ¯CZYZNA;2;21003948
TAE YONG;MÊ¯CZYZNA;2;21003950
BÁ HUY;MÊ¯CZYZNA;2;21003952
JOVIDON;MÊ¯CZYZNA;2;21003954
ALIKI;MÊ¯CZYZNA;2;21003956
AUHUST;MÊ¯CZYZNA;2;21003958
WORKU;MÊ¯CZYZNA;2;21003960
MAHENDRA SINGH;MÊ¯CZYZNA;2;21003962
SARHANG;MÊ¯CZYZNA;2;21003964
WATSON;MÊ¯CZYZNA;2;21003966
YU-JEN;MÊ¯CZYZNA;2;21003968
WEIXIAO;MÊ¯CZYZNA;2;21003970
DHAN KUMAR;MÊ¯CZYZNA;2;21003972
SAMBATH;MÊ¯CZYZNA;2;21003974
CHANCHAL;MÊ¯CZYZNA;2;21003976
BYOUNGMIN;MÊ¯CZYZNA;2;21003978
CONG DUONG;MÊ¯CZYZNA;2;21003980
HAE SUNG;MÊ¯CZYZNA;2;21003982
JUNSHENG;MÊ¯CZYZNA;2;21003984
YUZE;MÊ¯CZYZNA;2;21003986
MOSTAFIJUR;MÊ¯CZYZNA;2;21003988
LARYN;MÊ¯CZYZNA;2;21003990
ERKABOY;MÊ¯CZYZNA;2;21003992
EVGIEN;MÊ¯CZYZNA;2;21003994
ISMAL;MÊ¯CZYZNA;2;21003996
GALILÉE;MÊ¯CZYZNA;2;21003998
JIP;MÊ¯CZYZNA;2;21004000
NUR ISLAM;MÊ¯CZYZNA;2;21004002
SANDIE;MÊ¯CZYZNA;2;21004004
FOYSOL;MÊ¯CZYZNA;2;21004006
YASUNORI;MÊ¯CZYZNA;2;21004008
DOMONKOS;MÊ¯CZYZNA;2;21004010
NIKOGOS;MÊ¯CZYZNA;2;21004012
MICHAEL JR.;MÊ¯CZYZNA;2;21004014
?NANÇ;MÊ¯CZYZNA;2;21004016
JONG HUN;MÊ¯CZYZNA;2;21004018
MUHAMMAD NAVEED;MÊ¯CZYZNA;2;21004020
SADO;MÊ¯CZYZNA;2;21004022
YINGFENG;MÊ¯CZYZNA;2;21004024
LEULSEGED;MÊ¯CZYZNA;2;21004026
JONG TAE;MÊ¯CZYZNA;2;21004028
JUN HOI;MÊ¯CZYZNA;2;21004030
HASNI;MÊ¯CZYZNA;2;21004032
QICHANG;MÊ¯CZYZNA;2;21004034
TIMOTEUSZ;MÊ¯CZYZNA;2;21004036
VOLGA;MÊ¯CZYZNA;2;21004038
HARSHITH;MÊ¯CZYZNA;2;21004040
TUAN ZUNH;MÊ¯CZYZNA;2;21004042
AMIRZHAN;MÊ¯CZYZNA;2;21004044
DAVID JOHN;MÊ¯CZYZNA;2;21004046
WJACZESLAW;MÊ¯CZYZNA;2;21004048
NGURAH;MÊ¯CZYZNA;2;21004050
BYUNG JUN;MÊ¯CZYZNA;2;21004052
MYAGMARDORJ;MÊ¯CZYZNA;2;21004054
WILCZAN;MÊ¯CZYZNA;2;21004056
ENMING;MÊ¯CZYZNA;2;21004058
JOUSSEF;MÊ¯CZYZNA;2;21004060
SUDHANSU;MÊ¯CZYZNA;2;21004062
CHESKY;MÊ¯CZYZNA;2;21004064
LIEONEL;MÊ¯CZYZNA;2;21004066
IONUÞ-DANIEL;MÊ¯CZYZNA;2;21004068
MILINKO;MÊ¯CZYZNA;2;21004070
USTYCH;MÊ¯CZYZNA;2;21004072
NGOC LAN;MÊ¯CZYZNA;2;21004074
JARNAIL SINGH;MÊ¯CZYZNA;2;21004076
VAN LICH;MÊ¯CZYZNA;2;21004078
RASZKO;MÊ¯CZYZNA;2;21004080
EYLEM;MÊ¯CZYZNA;2;21004082
VALERICÃ;MÊ¯CZYZNA;2;21004084
GVTISO;MÊ¯CZYZNA;2;21004086
JEMSHID;MÊ¯CZYZNA;2;21004088
PRADHAN;MÊ¯CZYZNA;2;21004090
YANGKAI;MÊ¯CZYZNA;2;21004092
CZAROMIR;MÊ¯CZYZNA;2;21004094
MADHAVA RAO;MÊ¯CZYZNA;2;21004096
JEMSON;MÊ¯CZYZNA;2;21004098
MICHAT;MÊ¯CZYZNA;2;21004100
KAILIN;MÊ¯CZYZNA;2;21004102
ZEFA;MÊ¯CZYZNA;2;21004104
ARTURIK;MÊ¯CZYZNA;2;21004106
LUDOVIT;MÊ¯CZYZNA;2;21004108
WENCIS£AW;MÊ¯CZYZNA;2;21004110
KLEI;MÊ¯CZYZNA;2;21004112
AYANDA;MÊ¯CZYZNA;2;21004114
RAISEL;MÊ¯CZYZNA;2;21004116
YEGHISH;MÊ¯CZYZNA;2;21004118
MUGABIL;MÊ¯CZYZNA;2;21004120
ARVY;MÊ¯CZYZNA;2;21004122
MOHAMMED EL AMINE;MÊ¯CZYZNA;2;21004124
MWAYI;MÊ¯CZYZNA;2;21004126
GLEIDSON;MÊ¯CZYZNA;2;21004128
FEYSEL;MÊ¯CZYZNA;2;21004130
TARAS-OLEKSANDR;MÊ¯CZYZNA;2;21004132
THIRUNAVUKKARASU;MÊ¯CZYZNA;2;21004134
JÁKOB;MÊ¯CZYZNA;2;21004136
HARPINDER;MÊ¯CZYZNA;2;21004138
EPREMI;MÊ¯CZYZNA;2;21004140
MAKSYM-ANDRII;MÊ¯CZYZNA;2;21004142
KOMOLDIN;MÊ¯CZYZNA;2;21004144
SAHL;MÊ¯CZYZNA;2;21004146
ISAKH;MÊ¯CZYZNA;2;21004148
KOKO;MÊ¯CZYZNA;2;21004150
ROZYMYRAT;MÊ¯CZYZNA;2;21004152
JINGYI;MÊ¯CZYZNA;2;21004154
ABDUGAFUR;MÊ¯CZYZNA;2;21004156
HULUS?;MÊ¯CZYZNA;2;21004158
BASZKIM;MÊ¯CZYZNA;2;21004160
VUJADIN;MÊ¯CZYZNA;2;21004162
TURATBEK;MÊ¯CZYZNA;2;21004164
REJIN;MÊ¯CZYZNA;2;21004166
SHEHROZ;MÊ¯CZYZNA;2;21004168
XIAORONG;MÊ¯CZYZNA;2;21004170
HARIDAS;MÊ¯CZYZNA;2;21004172
IMOMALI;MÊ¯CZYZNA;2;21004174
BATCHULUUN;MÊ¯CZYZNA;2;21004176
IDZIK;MÊ¯CZYZNA;2;21004178
HUY HIEN;MÊ¯CZYZNA;2;21004180
ELMDAR;MÊ¯CZYZNA;2;21004182
PRAYAS;MÊ¯CZYZNA;2;21004184
BARHAM;MÊ¯CZYZNA;2;21004186
HAª?M;MÊ¯CZYZNA;2;21004188
MOAZZAM;MÊ¯CZYZNA;2;21004190
SRPKO;MÊ¯CZYZNA;2;21004192
ALULA;MÊ¯CZYZNA;2;21004194
GETHIN;MÊ¯CZYZNA;2;21004196
DMYTRO-VASYL;MÊ¯CZYZNA;2;21004198
ZHENKAI;MÊ¯CZYZNA;2;21004200
VITALINA;MÊ¯CZYZNA;2;21004202
ZMITSER;MÊ¯CZYZNA;2;21004204
XUÂN S?;MÊ¯CZYZNA;2;21004206
RADA;MÊ¯CZYZNA;2;21004208
DEIAN;MÊ¯CZYZNA;2;21004210
OKIEMUTE;MÊ¯CZYZNA;2;21004212
KAZUMASA;MÊ¯CZYZNA;2;21004214
MD SAFIKUL ISLAM;MÊ¯CZYZNA;2;21004216
KIBEOM;MÊ¯CZYZNA;2;21004218
RICARDO NUNO;MÊ¯CZYZNA;2;21004220
AHMADILLO;MÊ¯CZYZNA;2;21004222
TSOGTSAIKHAN;MÊ¯CZYZNA;2;21004224
SAYYODBEK;MÊ¯CZYZNA;2;21004226
EK NARAYAN;MÊ¯CZYZNA;2;21004228
TRI NGA;MÊ¯CZYZNA;2;21004230
CHUNPING;MÊ¯CZYZNA;2;21004232
ROAR;MÊ¯CZYZNA;2;21004234
GABINO;MÊ¯CZYZNA;2;21004236
TALAI;MÊ¯CZYZNA;2;21004238
YI-CHUN;MÊ¯CZYZNA;2;21004240
AGHAMIRZA;MÊ¯CZYZNA;2;21004242
TUMAN;MÊ¯CZYZNA;2;21004244
QIAOCHU;MÊ¯CZYZNA;2;21004246
SYDIR;MÊ¯CZYZNA;2;21004248
KUSU;MÊ¯CZYZNA;2;21004250
FERIDOUN;MÊ¯CZYZNA;2;21004252
AZARIIA;MÊ¯CZYZNA;2;21004254
IZZATJON;MÊ¯CZYZNA;2;21004256
DIKY;MÊ¯CZYZNA;2;21004258
GUVANCHMYRAT;MÊ¯CZYZNA;2;21004260
KATRIEL;MÊ¯CZYZNA;2;21004262
GRAYDON;MÊ¯CZYZNA;2;21004264
KARNA BAHADUR;MÊ¯CZYZNA;2;21004266
YAZMUHAMMET;MÊ¯CZYZNA;2;21004268
JUNG WON;MÊ¯CZYZNA;2;21004270
ROBIL;MÊ¯CZYZNA;2;21004272
ABDERAHIM;MÊ¯CZYZNA;2;21004274
SUNG HUN;MÊ¯CZYZNA;2;21004276
CIBI;MÊ¯CZYZNA;2;21004278
SONG RYOL;MÊ¯CZYZNA;2;21004280
MAKSYM-ANTON;MÊ¯CZYZNA;2;21004282
SWANN;MÊ¯CZYZNA;2;21004284
AZIMZHON;MÊ¯CZYZNA;2;21004286
IONUÞ-BOGDAN;MÊ¯CZYZNA;2;21004288
DENNIE;MÊ¯CZYZNA;2;21004290
OMURTAG;MÊ¯CZYZNA;2;21004292
GABBY;MÊ¯CZYZNA;2;21004294
CHUN-WEI;MÊ¯CZYZNA;2;21004296
KOUAME;MÊ¯CZYZNA;2;21004298
SHOKIRZHON;MÊ¯CZYZNA;2;21004300
AQUILINO;MÊ¯CZYZNA;2;21004302
BERJ;MÊ¯CZYZNA;2;21004304
KIET;MÊ¯CZYZNA;2;21004306
DONGGEUN;MÊ¯CZYZNA;2;21004308
SUHROBSHO;MÊ¯CZYZNA;2;21004310
VALENTIJN;MÊ¯CZYZNA;2;21004312
GALANG;MÊ¯CZYZNA;2;21004314
KRISHNA CHAITANYA;MÊ¯CZYZNA;2;21004316
CHIEN-TING;MÊ¯CZYZNA;2;21004318
WAIEL;MÊ¯CZYZNA;2;21004320
TAZO;MÊ¯CZYZNA;2;21004322
PAULOSE;MÊ¯CZYZNA;2;21004324
BÕLONI;MÊ¯CZYZNA;2;21004326
SANGHYUK;MÊ¯CZYZNA;2;21004328
MUKHOLIS;MÊ¯CZYZNA;2;21004330
ELZÉAR;MÊ¯CZYZNA;2;21004332
JEAN BOSCO;MÊ¯CZYZNA;2;21004334
DONGHONG;MÊ¯CZYZNA;2;21004336
ROSHITH;MÊ¯CZYZNA;2;21004338
TOBIAH;MÊ¯CZYZNA;2;21004340
DOOLOTBEK;MÊ¯CZYZNA;2;21004342
ULIN;MÊ¯CZYZNA;2;21004344
VENIAMYN;MÊ¯CZYZNA;2;21004346
MARIJO;MÊ¯CZYZNA;2;21004348
THOMPSON;MÊ¯CZYZNA;2;21004350
NG?C MINH;MÊ¯CZYZNA;2;21004352
POOJAN;MÊ¯CZYZNA;2;21004354
KURBON;MÊ¯CZYZNA;2;21004356
BOLATKHAN;MÊ¯CZYZNA;2;21004358
DANG NGUYEN;MÊ¯CZYZNA;2;21004360
RYCZARD;MÊ¯CZYZNA;2;21004362
SIBA;MÊ¯CZYZNA;2;21004364
PARV;MÊ¯CZYZNA;2;21004366
DIEGO ANDRÉS;MÊ¯CZYZNA;2;21004368
BERIDZE;MÊ¯CZYZNA;2;21004370
ILYESS;MÊ¯CZYZNA;2;21004372
JOONHYUK;MÊ¯CZYZNA;2;21004374
CHRISPEN;MÊ¯CZYZNA;2;21004376
XUÂN C??NG;MÊ¯CZYZNA;2;21004378
ISMATILLO;MÊ¯CZYZNA;2;21004380
TUAN KHANG;MÊ¯CZYZNA;2;21004382
MARTEL;MÊ¯CZYZNA;2;21004384
BEHRAD;MÊ¯CZYZNA;2;21004386
JACO;MÊ¯CZYZNA;2;21004388
BIL;MÊ¯CZYZNA;2;21004390
MAURICE-YAKPORO;MÊ¯CZYZNA;2;21004392
SHAOFENG;MÊ¯CZYZNA;2;21004394
LE CUONG;MÊ¯CZYZNA;2;21004396
INBAL;MÊ¯CZYZNA;2;21004398
JUNZE;MÊ¯CZYZNA;2;21004400
KAMALAKANNAN;MÊ¯CZYZNA;2;21004402
ALIMJAN;MÊ¯CZYZNA;2;21004404
YUDHVIR;MÊ¯CZYZNA;2;21004406
UYGUN;MÊ¯CZYZNA;2;21004408
PRAJAK;MÊ¯CZYZNA;2;21004410
JINGKUN;MÊ¯CZYZNA;2;21004412
ZYKARD;MÊ¯CZYZNA;2;21004414
DUC THUAN;MÊ¯CZYZNA;2;21004416
MUKHAMMED-ALI;MÊ¯CZYZNA;2;21004418
LUGO;MÊ¯CZYZNA;2;21004420
SULLIVAN;MÊ¯CZYZNA;2;21004422
DIVYANSHU;MÊ¯CZYZNA;2;21004424
VIET DUC;MÊ¯CZYZNA;2;21004426
FERMO;MÊ¯CZYZNA;2;21004428
QUANG NH?T;MÊ¯CZYZNA;2;21004430
ARITRA;MÊ¯CZYZNA;2;21004432
ASANALI;MÊ¯CZYZNA;2;21004434
PRAYASH;MÊ¯CZYZNA;2;21004436
GÖKDENIZ;MÊ¯CZYZNA;2;21004438
VAN GIOI;MÊ¯CZYZNA;2;21004440
KORCAN;MÊ¯CZYZNA;2;21004442
YASUTAKA;MÊ¯CZYZNA;2;21004444
SHIMUL;MÊ¯CZYZNA;2;21004446
MOHAMED MOUSTAFA;MÊ¯CZYZNA;2;21004448
NWAKA;MÊ¯CZYZNA;2;21004450
RUSIN;MÊ¯CZYZNA;2;21004452
COSMIN-ALEXANDRU;MÊ¯CZYZNA;2;21004454
WANE;MÊ¯CZYZNA;2;21004456
MYKYTO;MÊ¯CZYZNA;2;21004458
ANESTI;MÊ¯CZYZNA;2;21004460
BRUNO MIGUEL;MÊ¯CZYZNA;2;21004462
MIRKODIR;MÊ¯CZYZNA;2;21004464
HEESEOK;MÊ¯CZYZNA;2;21004466
IOAN-DANIEL;MÊ¯CZYZNA;2;21004468
RAWAND;MÊ¯CZYZNA;2;21004470
JUNMIAO;MÊ¯CZYZNA;2;21004472
REIMBAY;MÊ¯CZYZNA;2;21004474
JAYADEEP;MÊ¯CZYZNA;2;21004476
HUY QUANG;MÊ¯CZYZNA;2;21004478
JOSU;MÊ¯CZYZNA;2;21004480
MAGAMET;MÊ¯CZYZNA;2;21004482
PANAJOT;MÊ¯CZYZNA;2;21004484
KEREN;MÊ¯CZYZNA;2;21004486
AKMAD;MÊ¯CZYZNA;2;21004488
ART?RS;MÊ¯CZYZNA;2;21004490
LAM TIEN;MÊ¯CZYZNA;2;21004492
SHENGKUI;MÊ¯CZYZNA;2;21004494
SURADDIN;MÊ¯CZYZNA;2;21004496
ENDRIU;MÊ¯CZYZNA;2;21004498
XUÂN K?;MÊ¯CZYZNA;2;21004500
BUDHI;MÊ¯CZYZNA;2;21004502
PRITHVIRAJ;MÊ¯CZYZNA;2;21004504
PUSPARAJ;MÊ¯CZYZNA;2;21004506
GUS;MÊ¯CZYZNA;2;21004508
BADRE;MÊ¯CZYZNA;2;21004510
XUÂN LINH;MÊ¯CZYZNA;2;21004512
GWENDAL;MÊ¯CZYZNA;2;21004514
NASUDI;MÊ¯CZYZNA;2;21004516
MINSUNG;MÊ¯CZYZNA;2;21004518
WONSEOK;MÊ¯CZYZNA;2;21004520
AYUR;MÊ¯CZYZNA;2;21004522
YAN-ANTONII;MÊ¯CZYZNA;2;21004524
ANSHU;MÊ¯CZYZNA;2;21004526
GUERINO;MÊ¯CZYZNA;2;21004528
KHALEEL;MÊ¯CZYZNA;2;21004530
RAYBEK;MÊ¯CZYZNA;2;21004532
SUKHJIT SINGH;MÊ¯CZYZNA;2;21004534
MARTIS;MÊ¯CZYZNA;2;21004536
SALIKH;MÊ¯CZYZNA;2;21004538
AFLAH;MÊ¯CZYZNA;2;21004540
JAEHAN;MÊ¯CZYZNA;2;21004542
WENACJUSZ;MÊ¯CZYZNA;2;21004544
MUHTEªEM;MÊ¯CZYZNA;2;21004546
YOUNGCHUL;MÊ¯CZYZNA;2;21004548
VIKTOR-VOLODYMYR;MÊ¯CZYZNA;2;21004550
ERLIN;MÊ¯CZYZNA;2;21004552
ARNAT;MÊ¯CZYZNA;2;21004554
MEBAREK;MÊ¯CZYZNA;2;21004556
KOSTYIANTYN;MÊ¯CZYZNA;2;21004558
NEVZET;MÊ¯CZYZNA;2;21004560
BOGUMIL;MÊ¯CZYZNA;2;21004562
VASSILEN;MÊ¯CZYZNA;2;21004564
DUY DAN;MÊ¯CZYZNA;2;21004566
BINGFEI;MÊ¯CZYZNA;2;21004568
LITOS£AW;MÊ¯CZYZNA;2;21004570
KYUHYUN;MÊ¯CZYZNA;2;21004572
DUC THAI;MÊ¯CZYZNA;2;21004574
JUNXIONG;MÊ¯CZYZNA;2;21004576
ÁNH;MÊ¯CZYZNA;2;21004578
SODIQJON;MÊ¯CZYZNA;2;21004580
TAEGEUN;MÊ¯CZYZNA;2;21004582
SHAMSUL;MÊ¯CZYZNA;2;21004584
MAHAMMADJON;MÊ¯CZYZNA;2;21004586
AFROZ;MÊ¯CZYZNA;2;21004588
JAGJIT SINGH;MÊ¯CZYZNA;2;21004590
MD NURUL ISLAM;MÊ¯CZYZNA;2;21004592
OTFRIED;MÊ¯CZYZNA;2;21004594
YONGWAN;MÊ¯CZYZNA;2;21004596
SEYHAN;MÊ¯CZYZNA;2;21004598
MESUD;MÊ¯CZYZNA;2;21004600
VOSID;MÊ¯CZYZNA;2;21004602
DAISON;MÊ¯CZYZNA;2;21004604
MAKSZIM;MÊ¯CZYZNA;2;21004606
CONGHAO;MÊ¯CZYZNA;2;21004608
SINESH;MÊ¯CZYZNA;2;21004610
ORALBEK;MÊ¯CZYZNA;2;21004612
QIHAO;MÊ¯CZYZNA;2;21004614
ARTEMAS;MÊ¯CZYZNA;2;21004616
QITAO;MÊ¯CZYZNA;2;21004618
PERVEZ;MÊ¯CZYZNA;2;21004620
DMITRIE;MÊ¯CZYZNA;2;21004622
CÔNG DANH;MÊ¯CZYZNA;2;21004624
ELMAZ;MÊ¯CZYZNA;2;21004626
MAHABUL;MÊ¯CZYZNA;2;21004628
JIANHAI;MÊ¯CZYZNA;2;21004630
TINGYI;MÊ¯CZYZNA;2;21004632
WASSEM;MÊ¯CZYZNA;2;21004634
SITA RAM;MÊ¯CZYZNA;2;21004636
ALEKXANDER;MÊ¯CZYZNA;2;21004638
MATHIEW;MÊ¯CZYZNA;2;21004640
JLIA;MÊ¯CZYZNA;2;21004642
MADJIT;MÊ¯CZYZNA;2;21004644
NOBUMASA;MÊ¯CZYZNA;2;21004646
TATIAN;MÊ¯CZYZNA;2;21004648
XIONGWEI;MÊ¯CZYZNA;2;21004650
HALDUN;MÊ¯CZYZNA;2;21004652
HEEJUN;MÊ¯CZYZNA;2;21004654
JOUKO;MÊ¯CZYZNA;2;21004656
CHUNHO;MÊ¯CZYZNA;2;21004658
SOFIQUL;MÊ¯CZYZNA;2;21004660
KALDARBEK;MÊ¯CZYZNA;2;21004662
AKTAR;MÊ¯CZYZNA;2;21004664
JIANGFENG;MÊ¯CZYZNA;2;21004666
DRINI;MÊ¯CZYZNA;2;21004668
VERNERI;MÊ¯CZYZNA;2;21004670
GIURI;MÊ¯CZYZNA;2;21004672
KYRYLA;MÊ¯CZYZNA;2;21004674
HOUSSEIN;MÊ¯CZYZNA;2;21004676
SAGNI;MÊ¯CZYZNA;2;21004678
LAVIN;MÊ¯CZYZNA;2;21004680
SHAHROKH;MÊ¯CZYZNA;2;21004682
YANDY;MÊ¯CZYZNA;2;21004684
MAHMOUD MOHAMED;MÊ¯CZYZNA;2;21004686
F?KR?;MÊ¯CZYZNA;2;21004688
ERRIKOS;MÊ¯CZYZNA;2;21004690
SKYLAR;MÊ¯CZYZNA;2;21004692
SKA£OSZ;MÊ¯CZYZNA;2;21004694
ILCHO;MÊ¯CZYZNA;2;21004696
KIM LONG;MÊ¯CZYZNA;2;21004698
JAOUHAR;MÊ¯CZYZNA;2;21004700
BATA;MÊ¯CZYZNA;2;21004702
B?ªAR;MÊ¯CZYZNA;2;21004704
GALANDAR;MÊ¯CZYZNA;2;21004706
ALAR;MÊ¯CZYZNA;2;21004708
SHARANPREET;MÊ¯CZYZNA;2;21004710
ALONZO;MÊ¯CZYZNA;2;21004712
NIKHAD;MÊ¯CZYZNA;2;21004714
ILKNUR;MÊ¯CZYZNA;2;21004716
APIZ;MÊ¯CZYZNA;2;21004718
JAMSHIT;MÊ¯CZYZNA;2;21004720
PIERRE-FRANÇOIS;MÊ¯CZYZNA;2;21004722
AMILA;MÊ¯CZYZNA;2;21004724
RYAAN;MÊ¯CZYZNA;2;21004726
KWANG RYOL;MÊ¯CZYZNA;2;21004728
ISMATULLA;MÊ¯CZYZNA;2;21004730
ANTOSH;MÊ¯CZYZNA;2;21004732
HRYSHA;MÊ¯CZYZNA;2;21004734
GABRIAL;MÊ¯CZYZNA;2;21004736
HIROMU;MÊ¯CZYZNA;2;21004738
KHODJIAKBAR;MÊ¯CZYZNA;2;21004740
SCOTTY;MÊ¯CZYZNA;2;21004742
CARLOS DAVID;MÊ¯CZYZNA;2;21004744
BAHADOR;MÊ¯CZYZNA;2;21004746
XIUYUAN;MÊ¯CZYZNA;2;21004748
JIN OH;MÊ¯CZYZNA;2;21004750
MAHALINGAM;MÊ¯CZYZNA;2;21004752
TURLAN;MÊ¯CZYZNA;2;21004754
SHIRSHENDU;MÊ¯CZYZNA;2;21004756
DAGOBERTO;MÊ¯CZYZNA;2;21004758
AVDHESH;MÊ¯CZYZNA;2;21004760
TI?N GIANG;MÊ¯CZYZNA;2;21004762
GASSYRBEK;MÊ¯CZYZNA;2;21004764
JÖRG-PETER;MÊ¯CZYZNA;2;21004766
ZAWEL;MÊ¯CZYZNA;2;21004768
ALFER;MÊ¯CZYZNA;2;21004770
GURPAL;MÊ¯CZYZNA;2;21004772
ISHTIAK;MÊ¯CZYZNA;2;21004774
KHOLIL;MÊ¯CZYZNA;2;21004776
YIQI;MÊ¯CZYZNA;2;21004778
ELANGOVAN;MÊ¯CZYZNA;2;21004780
BEGENDIK;MÊ¯CZYZNA;2;21004782
BA TUAN;MÊ¯CZYZNA;2;21004784
HIULAHA;MÊ¯CZYZNA;2;21004786
RANO;MÊ¯CZYZNA;2;21004788
BAILAR;MÊ¯CZYZNA;2;21004790
GURBANMUHAMMET;MÊ¯CZYZNA;2;21004792
ZHILI;MÊ¯CZYZNA;2;21004794
XINGJIAN;MÊ¯CZYZNA;2;21004796
DANIELIS;MÊ¯CZYZNA;2;21004798
EUN;MÊ¯CZYZNA;2;21004800
MEZRI;MÊ¯CZYZNA;2;21004802
EVELYN;MÊ¯CZYZNA;2;21004804
ROMINDER;MÊ¯CZYZNA;2;21004806
MAXMILLIAN;MÊ¯CZYZNA;2;21004808
GUYCHMYRAT;MÊ¯CZYZNA;2;21004810
HARISANKAR;MÊ¯CZYZNA;2;21004812
JIÀI;MÊ¯CZYZNA;2;21004814
APOSTO£;MÊ¯CZYZNA;2;21004816
EVANN;MÊ¯CZYZNA;2;21004818
TALIAT;MÊ¯CZYZNA;2;21004820
NAVANEETH;MÊ¯CZYZNA;2;21004822
ROMAN-IVAN;MÊ¯CZYZNA;2;21004824
ILLAI;MÊ¯CZYZNA;2;21004826
KANJI;MÊ¯CZYZNA;2;21004828
WANDER;MÊ¯CZYZNA;2;21004830
MD SHAKHAWAT;MÊ¯CZYZNA;2;21004832
MIRIANO;MÊ¯CZYZNA;2;21004834
MARSZAL;MÊ¯CZYZNA;2;21004836
NYAM-OCHIR;MÊ¯CZYZNA;2;21004838
VENKATA SUBBA REDDY;MÊ¯CZYZNA;2;21004840
BATBUYAN;MÊ¯CZYZNA;2;21004842
ALDENIS;MÊ¯CZYZNA;2;21004844
SREELAL;MÊ¯CZYZNA;2;21004846
SENER;MÊ¯CZYZNA;2;21004848
NASIRUDDIN;MÊ¯CZYZNA;2;21004850
KUPRIIAN;MÊ¯CZYZNA;2;21004852
RAVINDHER;MÊ¯CZYZNA;2;21004854
V?N MINH;MÊ¯CZYZNA;2;21004856
BEDIL;MÊ¯CZYZNA;2;21004858
MANH PHUONG;MÊ¯CZYZNA;2;21004860
KUDBIDDIN;MÊ¯CZYZNA;2;21004862
KUSYANTO;MÊ¯CZYZNA;2;21004864
ADLEN;MÊ¯CZYZNA;2;21004866
AITUGAN;MÊ¯CZYZNA;2;21004868
INSAF;MÊ¯CZYZNA;2;21004870
KLAUS-UWE;MÊ¯CZYZNA;2;21004872
MILUSH;MÊ¯CZYZNA;2;21004874
SIMANTA;MÊ¯CZYZNA;2;21004876
BOLOR-ERDENE;MÊ¯CZYZNA;2;21004878
ELDUZ;MÊ¯CZYZNA;2;21004880
SAGIF;MÊ¯CZYZNA;2;21004882
KHARL;MÊ¯CZYZNA;2;21004884
TEPPO;MÊ¯CZYZNA;2;21004886
JENS-DIETER;MÊ¯CZYZNA;2;21004888
ABDÜL;MÊ¯CZYZNA;2;21004890
CLEMENTE JR.;MÊ¯CZYZNA;2;21004892
INSUN;MÊ¯CZYZNA;2;21004894
BAKHADIN;MÊ¯CZYZNA;2;21004896
LOBANOV;MÊ¯CZYZNA;2;21004898
ERGEST;MÊ¯CZYZNA;2;21004900
YAOWEI;MÊ¯CZYZNA;2;21004902
SUNG MIN;MÊ¯CZYZNA;2;21004904
LIBI;MÊ¯CZYZNA;2;21004906
TIMOFIEY;MÊ¯CZYZNA;2;21004908
VAISHAK;MÊ¯CZYZNA;2;21004910
MOKHAMMED;MÊ¯CZYZNA;2;21004912
SIMRANJIT;MÊ¯CZYZNA;2;21004914
DONGYEONG;MÊ¯CZYZNA;2;21004916
TAIF;MÊ¯CZYZNA;2;21004918
MYKOLAII;MÊ¯CZYZNA;2;21004920
ADIYA;MÊ¯CZYZNA;2;21004922
THE HOANG;MÊ¯CZYZNA;2;21004924
ABUBAKAR-SIDIK;MÊ¯CZYZNA;2;21004926
W£ADLEN;MÊ¯CZYZNA;2;21004928
RAYNALDO;MÊ¯CZYZNA;2;21004930
PROGRESS;MÊ¯CZYZNA;2;21004932
SHIDONG;MÊ¯CZYZNA;2;21004934
ABDURRAKHMAN;MÊ¯CZYZNA;2;21004936
SEIFU;MÊ¯CZYZNA;2;21004938
OCÉAN;MÊ¯CZYZNA;2;21004940
XUELEI;MÊ¯CZYZNA;2;21004942
YAN-TING;MÊ¯CZYZNA;2;21004944
ISSACHAR;MÊ¯CZYZNA;2;21004946
EDELTRAUD;MÊ¯CZYZNA;2;21004948
FELICIEN;MÊ¯CZYZNA;2;21004950
TR?NG TO?N;MÊ¯CZYZNA;2;21004952
YONG HEE;MÊ¯CZYZNA;2;21004954
UJIN;MÊ¯CZYZNA;2;21004956
WENDOLIN;MÊ¯CZYZNA;2;21004958
HEINS;MÊ¯CZYZNA;2;21004960
WIÊTOPE£K;MÊ¯CZYZNA;2;21004962
DINGHUA;MÊ¯CZYZNA;2;21004964
AKHMADBEK;MÊ¯CZYZNA;2;21004966
BARNEY;MÊ¯CZYZNA;2;21004968
MIQAEL;MÊ¯CZYZNA;2;21004970
AKPOBOME;MÊ¯CZYZNA;2;21004972
HAISSAM;MÊ¯CZYZNA;2;21004974
CHAJM;MÊ¯CZYZNA;2;21004976
NGOC QUAN;MÊ¯CZYZNA;2;21004978
QUANG THANG;MÊ¯CZYZNA;2;21004980
BELAID;MÊ¯CZYZNA;2;21004982
TH?NH LUÂN;MÊ¯CZYZNA;2;21004984
ICK;MÊ¯CZYZNA;2;21004986
WITUS;MÊ¯CZYZNA;2;21004988
JÓN;MÊ¯CZYZNA;2;21004990
ZHUOJUN;MÊ¯CZYZNA;2;21004992
LOURENÇO;MÊ¯CZYZNA;2;21004994
OLLIN;MÊ¯CZYZNA;2;21004996
YOGANATHAN;MÊ¯CZYZNA;2;21004998
DONDON;MÊ¯CZYZNA;2;21005000
ANATLOLII;MÊ¯CZYZNA;2;21005002
ALTAR;MÊ¯CZYZNA;2;21005004
QU?C TH?NH;MÊ¯CZYZNA;2;21005006
JAIDYN;MÊ¯CZYZNA;2;21005008
DMITRU;MÊ¯CZYZNA;2;21005010
LAURIEN;MÊ¯CZYZNA;2;21005012
YUEHUA;MÊ¯CZYZNA;2;21005014
ARRIGO;MÊ¯CZYZNA;2;21005016
ASMADI;MÊ¯CZYZNA;2;21005018
ROMESH;MÊ¯CZYZNA;2;21005020
FUZHONG;MÊ¯CZYZNA;2;21005022
BABUL;MÊ¯CZYZNA;2;21005024
HUSNI;MÊ¯CZYZNA;2;21005026
VAHAGH;MÊ¯CZYZNA;2;21005028
RADOMIN;MÊ¯CZYZNA;2;21005030
TSEVEGMED;MÊ¯CZYZNA;2;21005032
TRIBHUVAN;MÊ¯CZYZNA;2;21005034
JIN HAN;MÊ¯CZYZNA;2;21005036
RAMEEN;MÊ¯CZYZNA;2;21005038
DEM?RKAN;MÊ¯CZYZNA;2;21005040
ARUNACHALAM;MÊ¯CZYZNA;2;21005042
KRISHNALAL;MÊ¯CZYZNA;2;21005044
SEUNGJONG;MÊ¯CZYZNA;2;21005046
LKHAGVADORJ;MÊ¯CZYZNA;2;21005048
KARUPPUSAMY;MÊ¯CZYZNA;2;21005050
ZIGMUNDS;MÊ¯CZYZNA;2;21005052
DEDEN;MÊ¯CZYZNA;2;21005054
KALPIT;MÊ¯CZYZNA;2;21005056
YESHUA;MÊ¯CZYZNA;2;21005058
KATALIN;MÊ¯CZYZNA;2;21005060
ZHENJIE;MÊ¯CZYZNA;2;21005062
TUUKKA;MÊ¯CZYZNA;2;21005064
NGUYEN ANH;MÊ¯CZYZNA;2;21005066
TUMELO;MÊ¯CZYZNA;2;21005068
JAMAINE;MÊ¯CZYZNA;2;21005070
ABDULVOHID;MÊ¯CZYZNA;2;21005072
TYMOSHCHUK;MÊ¯CZYZNA;2;21005074
BLA¯O;MÊ¯CZYZNA;2;21005076
BOSE;MÊ¯CZYZNA;2;21005078
RAVEL;MÊ¯CZYZNA;2;21005080
DJELLOUL;MÊ¯CZYZNA;2;21005082
GAZINUR;MÊ¯CZYZNA;2;21005084
HEECHAN;MÊ¯CZYZNA;2;21005086
STIVAN;MÊ¯CZYZNA;2;21005088
SHRENIK;MÊ¯CZYZNA;2;21005090
MASHIUR;MÊ¯CZYZNA;2;21005092
DARGORAD;MÊ¯CZYZNA;2;21005094
NOREDIN;MÊ¯CZYZNA;2;21005096
MOEHAMAD;MÊ¯CZYZNA;2;21005098
ABDUSALAM;MÊ¯CZYZNA;2;21005100
LAKSHITHA;MÊ¯CZYZNA;2;21005102
TAMUKA;MÊ¯CZYZNA;2;21005104
SOPANDI;MÊ¯CZYZNA;2;21005106
ACHIAD;MÊ¯CZYZNA;2;21005108
KAILIANG;MÊ¯CZYZNA;2;21005110
DAWINCI;MÊ¯CZYZNA;2;21005112
XIAOMAN;MÊ¯CZYZNA;2;21005114
JASIR;MÊ¯CZYZNA;2;21005116
HY;MÊ¯CZYZNA;2;21005118
MARIAN-ALIN;MÊ¯CZYZNA;2;21005120
HANSOL;MÊ¯CZYZNA;2;21005122
BOGDAR;MÊ¯CZYZNA;2;21005124
NAGLIS;MÊ¯CZYZNA;2;21005126
KANISHQ;MÊ¯CZYZNA;2;21005128
WIDI;MÊ¯CZYZNA;2;21005130
CORC;MÊ¯CZYZNA;2;21005132
TANISHQ;MÊ¯CZYZNA;2;21005134
MUNRO;MÊ¯CZYZNA;2;21005136
LAT?F;MÊ¯CZYZNA;2;21005138
SHANTONU;MÊ¯CZYZNA;2;21005140
MUSURMON;MÊ¯CZYZNA;2;21005142
JIDE;MÊ¯CZYZNA;2;21005144
ABDUSSAMAT;MÊ¯CZYZNA;2;21005146
MYKHAILO-ANDRII;MÊ¯CZYZNA;2;21005148
SAFOUENE;MÊ¯CZYZNA;2;21005150
ALEXANDRU-CONSTANTIN;MÊ¯CZYZNA;2;21005152
MUHAMMADSHARIF;MÊ¯CZYZNA;2;21005154
SHAMUEL;MÊ¯CZYZNA;2;21005156
RAMAKANT;MÊ¯CZYZNA;2;21005158
MUHAMMAD USMAN;MÊ¯CZYZNA;2;21005160
MARIUS-MARIN;MÊ¯CZYZNA;2;21005162
TOMONORI;MÊ¯CZYZNA;2;21005164
TICH;MÊ¯CZYZNA;2;21005166
VLADYSLAVA;MÊ¯CZYZNA;2;21005168
MAHADI;MÊ¯CZYZNA;2;21005170
KAJS;MÊ¯CZYZNA;2;21005172
PINCHOS;MÊ¯CZYZNA;2;21005174
MAARAN;MÊ¯CZYZNA;2;21005176
NGOC HOA;MÊ¯CZYZNA;2;21005178
YUSEN;MÊ¯CZYZNA;2;21005180
YARAGI;MÊ¯CZYZNA;2;21005182
WINAND;MÊ¯CZYZNA;2;21005184
MYUNGSOO;MÊ¯CZYZNA;2;21005186
JONE;MÊ¯CZYZNA;2;21005188
JUNXIANG;MÊ¯CZYZNA;2;21005190
QINGTAO;MÊ¯CZYZNA;2;21005192
BUDIYONO;MÊ¯CZYZNA;2;21005194
YANYU;MÊ¯CZYZNA;2;21005196
YUMER;MÊ¯CZYZNA;2;21005198
HOUSSAMEDDINE;MÊ¯CZYZNA;2;21005200
NIZOM;MÊ¯CZYZNA;2;21005202
HANEY;MÊ¯CZYZNA;2;21005204
MIKIALE;MÊ¯CZYZNA;2;21005206
VÃN THANH;MÊ¯CZYZNA;2;21005208
OVIN;MÊ¯CZYZNA;2;21005210
BIKRAM SINGH;MÊ¯CZYZNA;2;21005212
SAYYAD;MÊ¯CZYZNA;2;21005214
ZEIDAN;MÊ¯CZYZNA;2;21005216
KUAN-LIN;MÊ¯CZYZNA;2;21005218
BEÆIR;MÊ¯CZYZNA;2;21005220
KAIXIAO;MÊ¯CZYZNA;2;21005222
RUY;MÊ¯CZYZNA;2;21005224
ABDEL FATTAH;MÊ¯CZYZNA;2;21005226
DIDRO;MÊ¯CZYZNA;2;21005228
HONG ANH;MÊ¯CZYZNA;2;21005230
APOLLONIUS;MÊ¯CZYZNA;2;21005232
QUANG HOA;MÊ¯CZYZNA;2;21005234
KORNIY;MÊ¯CZYZNA;2;21005236
JOHN ANTHONY;MÊ¯CZYZNA;2;21005238
GONAR;MÊ¯CZYZNA;2;21005240
MINH H?NG;MÊ¯CZYZNA;2;21005242
NATO;MÊ¯CZYZNA;2;21005244
JESUS ALBERTO;MÊ¯CZYZNA;2;21005246
ANQI;MÊ¯CZYZNA;2;21005248
FRANÇOIS-ARNAUD;MÊ¯CZYZNA;2;21005250
JISAN;MÊ¯CZYZNA;2;21005252
TYBERIY;MÊ¯CZYZNA;2;21005254
XUAN TRUYEN;MÊ¯CZYZNA;2;21005256
SALLAM;MÊ¯CZYZNA;2;21005258
CHAIYASIT;MÊ¯CZYZNA;2;21005260
FRIGYES;MÊ¯CZYZNA;2;21005262
FRYDBERT;MÊ¯CZYZNA;2;21005264
JIN SOO;MÊ¯CZYZNA;2;21005266
SAMRAJ;MÊ¯CZYZNA;2;21005268
MIHAI-CIPRIAN;MÊ¯CZYZNA;2;21005270
GUTMAN;MÊ¯CZYZNA;2;21005272
JUGURTHA;MÊ¯CZYZNA;2;21005274
KOERT;MÊ¯CZYZNA;2;21005276
QAYS;MÊ¯CZYZNA;2;21005278
ANOTIDA;MÊ¯CZYZNA;2;21005280
DEWIS;MÊ¯CZYZNA;2;21005282
SANGSOO;MÊ¯CZYZNA;2;21005284
CECE;MÊ¯CZYZNA;2;21005286
JINFENG;MÊ¯CZYZNA;2;21005288
LUÖNG;MÊ¯CZYZNA;2;21005290
MAGDALENA;MÊ¯CZYZNA;2;21005292
SEBASTAN;MÊ¯CZYZNA;2;21005294
AZAMDZHON;MÊ¯CZYZNA;2;21005296
SAJJAN;MÊ¯CZYZNA;2;21005298
KOSTIV;MÊ¯CZYZNA;2;21005300
JOYMON;MÊ¯CZYZNA;2;21005302
YANQUIEL;MÊ¯CZYZNA;2;21005304
PAVLO-VLADYSLAV;MÊ¯CZYZNA;2;21005306
MAHYAR;MÊ¯CZYZNA;2;21005308
JUNZHE;MÊ¯CZYZNA;2;21005310
MINH PHUNG;MÊ¯CZYZNA;2;21005312
SEONGGYU;MÊ¯CZYZNA;2;21005314
ALTHAF;MÊ¯CZYZNA;2;21005316
CAM;MÊ¯CZYZNA;2;21005318
AKMALZHAN;MÊ¯CZYZNA;2;21005320
DINESH PRASAD;MÊ¯CZYZNA;2;21005322
HRITHIK;MÊ¯CZYZNA;2;21005324
KHAMATKHAN;MÊ¯CZYZNA;2;21005326
CONG UOC;MÊ¯CZYZNA;2;21005328
ARMANT;MÊ¯CZYZNA;2;21005330
AYUSHMAN;MÊ¯CZYZNA;2;21005332
WANGQI;MÊ¯CZYZNA;2;21005334
JINGYUAN;MÊ¯CZYZNA;2;21005336
LIER;MÊ¯CZYZNA;2;21005338
REGINIUSZ;MÊ¯CZYZNA;2;21005340
SHYNGYS;MÊ¯CZYZNA;2;21005342
WYSZEMIR;MÊ¯CZYZNA;2;21005344
TOREKHAN;MÊ¯CZYZNA;2;21005346
JOSE GABRIEL;MÊ¯CZYZNA;2;21005348
YASHESH;MÊ¯CZYZNA;2;21005350
BHOY;MÊ¯CZYZNA;2;21005352
DIOR;MÊ¯CZYZNA;2;21005354
TAHMASIB;MÊ¯CZYZNA;2;21005356
GOBINATH;MÊ¯CZYZNA;2;21005358
VYKTOR;MÊ¯CZYZNA;2;21005360
KRANTHI;MÊ¯CZYZNA;2;21005362
BAKBERGEN;MÊ¯CZYZNA;2;21005364
PRINTU;MÊ¯CZYZNA;2;21005366
SEPHII;MÊ¯CZYZNA;2;21005368
HUISU;MÊ¯CZYZNA;2;21005370
NAM KHÁNH;MÊ¯CZYZNA;2;21005372
LEBRON;MÊ¯CZYZNA;2;21005374
HASEN;MÊ¯CZYZNA;2;21005376
SANG YUN;MÊ¯CZYZNA;2;21005378
JUNSONG;MÊ¯CZYZNA;2;21005380
SEZAR;MÊ¯CZYZNA;2;21005382
SHIH-WEI;MÊ¯CZYZNA;2;21005384
MISHAL;MÊ¯CZYZNA;2;21005386
PENGYANG;MÊ¯CZYZNA;2;21005388
VASAYL;MÊ¯CZYZNA;2;21005390
SULPICJUSZ;MÊ¯CZYZNA;2;21005392
KESHAR;MÊ¯CZYZNA;2;21005394
V?N TUY?N;MÊ¯CZYZNA;2;21005396
MUROSLAV;MÊ¯CZYZNA;2;21005398
GUANGJIN;MÊ¯CZYZNA;2;21005400
SHPEJTIM;MÊ¯CZYZNA;2;21005402
RYOICHI;MÊ¯CZYZNA;2;21005404
HECHMI;MÊ¯CZYZNA;2;21005406
BD;MÊ¯CZYZNA;2;21005408
JAUSZ;MÊ¯CZYZNA;2;21005410
CEYHAN;MÊ¯CZYZNA;2;21005412
KRYS£AW;MÊ¯CZYZNA;2;21005414
SALVANO;MÊ¯CZYZNA;2;21005416
MARA;MÊ¯CZYZNA;2;21005418
ELISEU;MÊ¯CZYZNA;2;21005420
ZAHED;MÊ¯CZYZNA;2;21005422
NURZHIGIT;MÊ¯CZYZNA;2;21005424
ABDRAHMAN;MÊ¯CZYZNA;2;21005426
MADHAVAN;MÊ¯CZYZNA;2;21005428
KHANMURAD;MÊ¯CZYZNA;2;21005430
DUC TRI;MÊ¯CZYZNA;2;21005432
GURBANBERDI;MÊ¯CZYZNA;2;21005434
ÉDOUARD;MÊ¯CZYZNA;2;21005436
EMDADUL;MÊ¯CZYZNA;2;21005438
CHEOLWOO;MÊ¯CZYZNA;2;21005440
JUNKI;MÊ¯CZYZNA;2;21005442
ROUMEN;MÊ¯CZYZNA;2;21005444
TUDOR-CONSTANTIN;MÊ¯CZYZNA;2;21005446
MAWARDI;MÊ¯CZYZNA;2;21005448
ROSTUSLAV;MÊ¯CZYZNA;2;21005450
NELSON JR.;MÊ¯CZYZNA;2;21005452
MINH NH?T;MÊ¯CZYZNA;2;21005454
ANGARAG;MÊ¯CZYZNA;2;21005456
GERJAN;MÊ¯CZYZNA;2;21005458
HAJRULLA;MÊ¯CZYZNA;2;21005460
VARTKES;MÊ¯CZYZNA;2;21005462
TAYSEER;MÊ¯CZYZNA;2;21005464
MOHAMMED FAZIL;MÊ¯CZYZNA;2;21005466
JONGBAEK;MÊ¯CZYZNA;2;21005468
CHANHYEOK;MÊ¯CZYZNA;2;21005470
ALFREDO JR;MÊ¯CZYZNA;2;21005472
TURAB?;MÊ¯CZYZNA;2;21005474
AKHMADULLO;MÊ¯CZYZNA;2;21005476
TONMOY;MÊ¯CZYZNA;2;21005478
TULSIRAM;MÊ¯CZYZNA;2;21005480
CHENYAO;MÊ¯CZYZNA;2;21005482
PURSHOTAM;MÊ¯CZYZNA;2;21005484
ADARSHA;MÊ¯CZYZNA;2;21005486
DEVINE;MÊ¯CZYZNA;2;21005488
CÔNG NAM;MÊ¯CZYZNA;2;21005490
FENDI;MÊ¯CZYZNA;2;21005492
KHOSE;MÊ¯CZYZNA;2;21005494
ALKET;MÊ¯CZYZNA;2;21005496
BLESSED;MÊ¯CZYZNA;2;21005498
ZARDASHT;MÊ¯CZYZNA;2;21005500
GOPU;MÊ¯CZYZNA;2;21005502
NEMAN;MÊ¯CZYZNA;2;21005504
EFTHIMIOS;MÊ¯CZYZNA;2;21005506
TALEI;MÊ¯CZYZNA;2;21005508
AKRAMZHON;MÊ¯CZYZNA;2;21005510
MUHAMMAD WAQAS;MÊ¯CZYZNA;2;21005512
KUNJ;MÊ¯CZYZNA;2;21005514
BURAK TAHA;MÊ¯CZYZNA;2;21005516
DANIE;MÊ¯CZYZNA;2;21005518
CRISTIAN DAVID;MÊ¯CZYZNA;2;21005520
TIBIN;MÊ¯CZYZNA;2;21005522
SEVEN;MÊ¯CZYZNA;2;21005524
CORBIN;MÊ¯CZYZNA;2;21005526
PEIXIN;MÊ¯CZYZNA;2;21005528
YAVUZ SEL?M;MÊ¯CZYZNA;2;21005530
ZAPIR;MÊ¯CZYZNA;2;21005532
SY LONG;MÊ¯CZYZNA;2;21005534
JELISIEJ;MÊ¯CZYZNA;2;21005536
SUBHRA;MÊ¯CZYZNA;2;21005538
ADEDEJI;MÊ¯CZYZNA;2;21005540
DAN-IOAN;MÊ¯CZYZNA;2;21005542
HOUSSEYN;MÊ¯CZYZNA;2;21005544
KOSTENKO;MÊ¯CZYZNA;2;21005546
ABUALI;MÊ¯CZYZNA;2;21005548
TASZKO;MÊ¯CZYZNA;2;21005550
ISUF;MÊ¯CZYZNA;2;21005552
VASYL-ROMAN;MÊ¯CZYZNA;2;21005554
JÓHANN;MÊ¯CZYZNA;2;21005556
ÖMÜRCAN;MÊ¯CZYZNA;2;21005558
PAT;MÊ¯CZYZNA;2;21005560
RASTKO;MÊ¯CZYZNA;2;21005562
PAWLIN;MÊ¯CZYZNA;2;21005564
KOTESWARA RAO;MÊ¯CZYZNA;2;21005566
PHIRUZ;MÊ¯CZYZNA;2;21005568
YEVHENNI;MÊ¯CZYZNA;2;21005570
BECKETT;MÊ¯CZYZNA;2;21005572
FARAHMAND;MÊ¯CZYZNA;2;21005574
VENKANNA;MÊ¯CZYZNA;2;21005576
ERVING;MÊ¯CZYZNA;2;21005578
ZHENGBING;MÊ¯CZYZNA;2;21005580
SOOYOUNG;MÊ¯CZYZNA;2;21005582
MD FOYSOL;MÊ¯CZYZNA;2;21005584
ADA;MÊ¯CZYZNA;2;21005586
ANDREI-PAUL;MÊ¯CZYZNA;2;21005588
NGUYEN TUAN;MÊ¯CZYZNA;2;21005590
RIFEI;MÊ¯CZYZNA;2;21005592
MD ZAKIR;MÊ¯CZYZNA;2;21005594
MOENES;MÊ¯CZYZNA;2;21005596
SOTIRAQ;MÊ¯CZYZNA;2;21005598
UTHMAN;MÊ¯CZYZNA;2;21005600
KHAZIR;MÊ¯CZYZNA;2;21005602
ARDON;MÊ¯CZYZNA;2;21005604
RITVAN;MÊ¯CZYZNA;2;21005606
HOANG TRUNG;MÊ¯CZYZNA;2;21005608
ARTISIOM;MÊ¯CZYZNA;2;21005610
AHMAD FARID;MÊ¯CZYZNA;2;21005612
MASYM;MÊ¯CZYZNA;2;21005614
VJERAN;MÊ¯CZYZNA;2;21005616
ANEEQ;MÊ¯CZYZNA;2;21005618
XUAN TAI;MÊ¯CZYZNA;2;21005620
GAWIN;MÊ¯CZYZNA;2;21005622
NHAT AN;MÊ¯CZYZNA;2;21005624
DAVID STEPHEN;MÊ¯CZYZNA;2;21005626
AGNAR;MÊ¯CZYZNA;2;21005628
TACETT?N;MÊ¯CZYZNA;2;21005630
XUAN DUY;MÊ¯CZYZNA;2;21005632
KARAMJEET;MÊ¯CZYZNA;2;21005634
GYOKAN;MÊ¯CZYZNA;2;21005636
VÃN SONG;MÊ¯CZYZNA;2;21005638
MERSAD;MÊ¯CZYZNA;2;21005640
THARWAT;MÊ¯CZYZNA;2;21005642
DOMENICK;MÊ¯CZYZNA;2;21005644
ISMEN;MÊ¯CZYZNA;2;21005646
RAYMONDO;MÊ¯CZYZNA;2;21005648
ROOZBEH;MÊ¯CZYZNA;2;21005650
ARUNDAS;MÊ¯CZYZNA;2;21005652
CÔNG B?NH;MÊ¯CZYZNA;2;21005654
HOUSSEM-EDDINE;MÊ¯CZYZNA;2;21005656
RAFIZ;MÊ¯CZYZNA;2;21005658
FRIEDEMANN;MÊ¯CZYZNA;2;21005660
BOGOMIR;MÊ¯CZYZNA;2;21005662
NELSON ENRIQUE;MÊ¯CZYZNA;2;21005664
IHNATIY;MÊ¯CZYZNA;2;21005666
RANIE;MÊ¯CZYZNA;2;21005668
OVLYAGULY;MÊ¯CZYZNA;2;21005670
YERMALAI;MÊ¯CZYZNA;2;21005672
ORIFKHON;MÊ¯CZYZNA;2;21005674
JUDKO;MÊ¯CZYZNA;2;21005676
CHALAPATHI RAO;MÊ¯CZYZNA;2;21005678
SZALOM;MÊ¯CZYZNA;2;21005680
AZ?M;MÊ¯CZYZNA;2;21005682
SHEYKH;MÊ¯CZYZNA;2;21005684
JARGAL;MÊ¯CZYZNA;2;21005686
SAFAA;MÊ¯CZYZNA;2;21005688
SAIFEDDINE;MÊ¯CZYZNA;2;21005690
HEINTZ;MÊ¯CZYZNA;2;21005692
MARIGLENT;MÊ¯CZYZNA;2;21005694
QINGRONG;MÊ¯CZYZNA;2;21005696
MINGXING;MÊ¯CZYZNA;2;21005698
JIAJIA;MÊ¯CZYZNA;2;21005700
CODRUÞ;MÊ¯CZYZNA;2;21005702
JERMAINE;MÊ¯CZYZNA;2;21005704
SHKËLZEN;MÊ¯CZYZNA;2;21005706
QUOC THANH;MÊ¯CZYZNA;2;21005708
HAMDAOUI;MÊ¯CZYZNA;2;21005710
BENIGNY;MÊ¯CZYZNA;2;21005712
AKO;MÊ¯CZYZNA;2;21005714
NOM;MÊ¯CZYZNA;2;21005716
PRASERT;MÊ¯CZYZNA;2;21005718
ISACK;MÊ¯CZYZNA;2;21005720
NADVOTSKY;MÊ¯CZYZNA;2;21005722
AKIYOSHI;MÊ¯CZYZNA;2;21005724
SALWIUSZ;MÊ¯CZYZNA;2;21005726
MUTTUR;MÊ¯CZYZNA;2;21005728
GUISHENG;MÊ¯CZYZNA;2;21005730
DUY BINH;MÊ¯CZYZNA;2;21005732
CHALA;MÊ¯CZYZNA;2;21005734
CHUNRONG;MÊ¯CZYZNA;2;21005736
?TEFAN-SOLOMON;MÊ¯CZYZNA;2;21005738
NHU HIEN;MÊ¯CZYZNA;2;21005740
CHACKIEL;MÊ¯CZYZNA;2;21005742
RUI MANUEL;MÊ¯CZYZNA;2;21005744
ISAYA;MÊ¯CZYZNA;2;21005746
AUDAI;MÊ¯CZYZNA;2;21005748
MYEONG SOO;MÊ¯CZYZNA;2;21005750
SUKHBIR SINGH;MÊ¯CZYZNA;2;21005752
ZALKAR;MÊ¯CZYZNA;2;21005754
ILVARS;MÊ¯CZYZNA;2;21005756
MICHAEL VINCENT;MÊ¯CZYZNA;2;21005758
DIEVID;MÊ¯CZYZNA;2;21005760
XUAN DAT;MÊ¯CZYZNA;2;21005762
NHAT LINH;MÊ¯CZYZNA;2;21005764
HAXHI;MÊ¯CZYZNA;2;21005766
HARSHAVARDHAN;MÊ¯CZYZNA;2;21005768
SEIFALLAH;MÊ¯CZYZNA;2;21005770
BELLAL;MÊ¯CZYZNA;2;21005772
SHOURYA;MÊ¯CZYZNA;2;21005774
GIEL;MÊ¯CZYZNA;2;21005776
JOHONATAN;MÊ¯CZYZNA;2;21005778
DIELLI;MÊ¯CZYZNA;2;21005780
SAJIKUMAR;MÊ¯CZYZNA;2;21005782
ÈESLAVAS;MÊ¯CZYZNA;2;21005784
IBON;MÊ¯CZYZNA;2;21005786
ZADAR;MÊ¯CZYZNA;2;21005788
FAKHRUDDIN;MÊ¯CZYZNA;2;21005790
URINBOY;MÊ¯CZYZNA;2;21005792
SELIN;MÊ¯CZYZNA;2;21005794
XIAOXIAO;MÊ¯CZYZNA;2;21005796
STIJEPO;MÊ¯CZYZNA;2;21005798
NEDYALKO;MÊ¯CZYZNA;2;21005800
ARNOSZ;MÊ¯CZYZNA;2;21005802
ABBES;MÊ¯CZYZNA;2;21005804
AHMADULLAH;MÊ¯CZYZNA;2;21005806
V?N LÂM;MÊ¯CZYZNA;2;21005808
KAMDI;MÊ¯CZYZNA;2;21005810
MUDASSIR;MÊ¯CZYZNA;2;21005812
MODASER;MÊ¯CZYZNA;2;21005814
QUOC DUC;MÊ¯CZYZNA;2;21005816
YORDANY;MÊ¯CZYZNA;2;21005818
ESWARARAO;MÊ¯CZYZNA;2;21005820
YAEER;MÊ¯CZYZNA;2;21005822
JINGHAO;MÊ¯CZYZNA;2;21005824
SANID;MÊ¯CZYZNA;2;21005826
VIET LUONG;MÊ¯CZYZNA;2;21005828
OKWUCHUKWU;MÊ¯CZYZNA;2;21005830
SHAKHRANI;MÊ¯CZYZNA;2;21005832
JESUS MARIA;MÊ¯CZYZNA;2;21005834
DAVLATSHO;MÊ¯CZYZNA;2;21005836
DONGKYU;MÊ¯CZYZNA;2;21005838
MUDDASSIR;MÊ¯CZYZNA;2;21005840
ZHONGMING;MÊ¯CZYZNA;2;21005842
JENTE;MÊ¯CZYZNA;2;21005844
DAMIAAN;MÊ¯CZYZNA;2;21005846
MULYADI;MÊ¯CZYZNA;2;21005848
BEHZODBEK;MÊ¯CZYZNA;2;21005850
EIICHIRO;MÊ¯CZYZNA;2;21005852
MD SAIDUR;MÊ¯CZYZNA;2;21005854
GUOXI;MÊ¯CZYZNA;2;21005856
KAIYRBEK;MÊ¯CZYZNA;2;21005858
ANKO;MÊ¯CZYZNA;2;21005860
HYSNI;MÊ¯CZYZNA;2;21005862
PEREIRA;MÊ¯CZYZNA;2;21005864
CHAABANE;MÊ¯CZYZNA;2;21005866
XINGHUA;MÊ¯CZYZNA;2;21005868
ZHIXIN;MÊ¯CZYZNA;2;21005870
CLEVERSON;MÊ¯CZYZNA;2;21005872
DAUDA;MÊ¯CZYZNA;2;21005874
VAN TIEP;MÊ¯CZYZNA;2;21005876
GÜRCAN;MÊ¯CZYZNA;2;21005878
DINH TRUONG;MÊ¯CZYZNA;2;21005880
SHARANJIT;MÊ¯CZYZNA;2;21005882
ALOSZA;MÊ¯CZYZNA;2;21005884
SUKHMEET;MÊ¯CZYZNA;2;21005886
NIWES;MÊ¯CZYZNA;2;21005888
NEIDER;MÊ¯CZYZNA;2;21005890
TRUONG THANH;MÊ¯CZYZNA;2;21005892
EL HASSANE;MÊ¯CZYZNA;2;21005894
ELIZABETH;MÊ¯CZYZNA;2;21005896
GEORGE-COSMIN;MÊ¯CZYZNA;2;21005898
UTKRISHT;MÊ¯CZYZNA;2;21005900
EKI;MÊ¯CZYZNA;2;21005902
HEINNER;MÊ¯CZYZNA;2;21005904
ASHIF;MÊ¯CZYZNA;2;21005906
GÖKÇEN;MÊ¯CZYZNA;2;21005908
FATION;MÊ¯CZYZNA;2;21005910
RIC;MÊ¯CZYZNA;2;21005912
BINGJIAN;MÊ¯CZYZNA;2;21005914
KOHSUKE;MÊ¯CZYZNA;2;21005916
RUMYAN;MÊ¯CZYZNA;2;21005918
ANAM;MÊ¯CZYZNA;2;21005920
GIBSON;MÊ¯CZYZNA;2;21005922
CHIDIEBUBE;MÊ¯CZYZNA;2;21005924
BOHDAN-;MÊ¯CZYZNA;2;21005926
GOSHO;MÊ¯CZYZNA;2;21005928
CHANG HOON;MÊ¯CZYZNA;2;21005930
KHURSHIDJON;MÊ¯CZYZNA;2;21005932
MUHAMMAD ADNAN;MÊ¯CZYZNA;2;21005934
ANATOLIJUS;MÊ¯CZYZNA;2;21005936
JUHA-PEKKA;MÊ¯CZYZNA;2;21005938
KALAM;MÊ¯CZYZNA;2;21005940
OCTAVIUS;MÊ¯CZYZNA;2;21005942
TAMI;MÊ¯CZYZNA;2;21005944
SEIFULLA;MÊ¯CZYZNA;2;21005946
SURJAN;MÊ¯CZYZNA;2;21005948
ALEKSADR;MÊ¯CZYZNA;2;21005950
MOUHAMAD;MÊ¯CZYZNA;2;21005952
MARIP;MÊ¯CZYZNA;2;21005954
ATSAMAZ;MÊ¯CZYZNA;2;21005956
PAPY;MÊ¯CZYZNA;2;21005958
HABRIIEL;MÊ¯CZYZNA;2;21005960
MEDAN;MÊ¯CZYZNA;2;21005962
SURKHAN;MÊ¯CZYZNA;2;21005964
GÖSTA;MÊ¯CZYZNA;2;21005966
XIWEN;MÊ¯CZYZNA;2;21005968
TUAN KHANH;MÊ¯CZYZNA;2;21005970
POLA;MÊ¯CZYZNA;2;21005972
MARIAN-IONU?;MÊ¯CZYZNA;2;21005974
DANILLO;MÊ¯CZYZNA;2;21005976
HENNADYI;MÊ¯CZYZNA;2;21005978
TULIO;MÊ¯CZYZNA;2;21005980
L?CH;MÊ¯CZYZNA;2;21005982
DOHYUNG;MÊ¯CZYZNA;2;21005984
QU?C B?O;MÊ¯CZYZNA;2;21005986
MOSHAREF;MÊ¯CZYZNA;2;21005988
RICARDO DANIEL;MÊ¯CZYZNA;2;21005990
YOUNAN;MÊ¯CZYZNA;2;21005992
JISEUNG;MÊ¯CZYZNA;2;21005994
V?N QUÂN;MÊ¯CZYZNA;2;21005996
MUHAJIRIN;MÊ¯CZYZNA;2;21005998
SVATOPLUK;MÊ¯CZYZNA;2;21006000
SHABEEB;MÊ¯CZYZNA;2;21006002
¥UOLAS;MÊ¯CZYZNA;2;21006004
JUHYEON;MÊ¯CZYZNA;2;21006006
AG?T;MÊ¯CZYZNA;2;21006008
JAEUK;MÊ¯CZYZNA;2;21006010
ENKHMANLAI;MÊ¯CZYZNA;2;21006012
DENISAS;MÊ¯CZYZNA;2;21006014
ZELIANG;MÊ¯CZYZNA;2;21006016
DONGBAEK;MÊ¯CZYZNA;2;21006018
QUANG HI?U;MÊ¯CZYZNA;2;21006020
CUNBAO;MÊ¯CZYZNA;2;21006022
BIRAT;MÊ¯CZYZNA;2;21006024
CONGCONG;MÊ¯CZYZNA;2;21006026
ZLATIMIR;MÊ¯CZYZNA;2;21006028
OHSEN;MÊ¯CZYZNA;2;21006030
DURGESH;MÊ¯CZYZNA;2;21006032
TRÍ PHÚ;MÊ¯CZYZNA;2;21006034
MAGOMED-SANI;MÊ¯CZYZNA;2;21006036
IÚRI;MÊ¯CZYZNA;2;21006038
UNKAS;MÊ¯CZYZNA;2;21006040
LENO;MÊ¯CZYZNA;2;21006042
KWANG YONG;MÊ¯CZYZNA;2;21006044
ENRYKO;MÊ¯CZYZNA;2;21006046
RISHU;MÊ¯CZYZNA;2;21006048
IWAJLO;MÊ¯CZYZNA;2;21006050
KHADIM;MÊ¯CZYZNA;2;21006052
MONEM;MÊ¯CZYZNA;2;21006054
KARTHIK KUMAR;MÊ¯CZYZNA;2;21006056
XIANXIN;MÊ¯CZYZNA;2;21006058
LOUIS-ALEXANDRE;MÊ¯CZYZNA;2;21006060
DHANANJAY KUMAR;MÊ¯CZYZNA;2;21006062
WSIEWOLOD;MÊ¯CZYZNA;2;21006064
EHSON;MÊ¯CZYZNA;2;21006066
CHANDRA MOULI;MÊ¯CZYZNA;2;21006068
JIAAN;MÊ¯CZYZNA;2;21006070
IRWING;MÊ¯CZYZNA;2;21006072
YERKHAN;MÊ¯CZYZNA;2;21006074
VAN CUU;MÊ¯CZYZNA;2;21006076
CARLOS ANDRÉ;MÊ¯CZYZNA;2;21006078
IULIAN-TEODOR;MÊ¯CZYZNA;2;21006080
RAJNERT;MÊ¯CZYZNA;2;21006082
SHOHZOD;MÊ¯CZYZNA;2;21006084
KEIRON;MÊ¯CZYZNA;2;21006086
DONN;MÊ¯CZYZNA;2;21006088
VIACHISLAV;MÊ¯CZYZNA;2;21006090
REMBRANDT;MÊ¯CZYZNA;2;21006092
CRISPOLO JR.;MÊ¯CZYZNA;2;21006094
VERJIL;MÊ¯CZYZNA;2;21006096
DHAKER;MÊ¯CZYZNA;2;21006098
CHI-WEI;MÊ¯CZYZNA;2;21006100
SEJDO;MÊ¯CZYZNA;2;21006102
OLIMBOY;MÊ¯CZYZNA;2;21006104
LIVIU-FLORIN;MÊ¯CZYZNA;2;21006106
HAN-DE;MÊ¯CZYZNA;2;21006108
SUIUNBAI;MÊ¯CZYZNA;2;21006110
NURMAKHAN;MÊ¯CZYZNA;2;21006112
NGOC LINH;MÊ¯CZYZNA;2;21006114
BERKHAN;MÊ¯CZYZNA;2;21006116
REHAAN;MÊ¯CZYZNA;2;21006118
JANAVOR;MÊ¯CZYZNA;2;21006120
ZABARD;MÊ¯CZYZNA;2;21006122
JOSE REINEL;MÊ¯CZYZNA;2;21006124
KRISHNADAS;MÊ¯CZYZNA;2;21006126
DZHELAL;MÊ¯CZYZNA;2;21006128
ANGULI;MÊ¯CZYZNA;2;21006130
DOKA;MÊ¯CZYZNA;2;21006132
KIYAAN;MÊ¯CZYZNA;2;21006134
MD AKRAM;MÊ¯CZYZNA;2;21006136
PAVIT;MÊ¯CZYZNA;2;21006138
NEBYOU;MÊ¯CZYZNA;2;21006140
INGARS;MÊ¯CZYZNA;2;21006142
HUU HANH;MÊ¯CZYZNA;2;21006144
RAKESH SINGH;MÊ¯CZYZNA;2;21006146
XIANGZHONG;MÊ¯CZYZNA;2;21006148
BIKRAMJEET;MÊ¯CZYZNA;2;21006150
JEPBAR;MÊ¯CZYZNA;2;21006152
NKULULEKO;MÊ¯CZYZNA;2;21006154
ALMURAT;MÊ¯CZYZNA;2;21006156
NOSSON;MÊ¯CZYZNA;2;21006158
SINISA;MÊ¯CZYZNA;2;21006160
CHANGZHU;MÊ¯CZYZNA;2;21006162
CECEP;MÊ¯CZYZNA;2;21006164
ANDRE';MÊ¯CZYZNA;2;21006166
TU?KAN;MÊ¯CZYZNA;2;21006168
RINKESH;MÊ¯CZYZNA;2;21006170
YRII;MÊ¯CZYZNA;2;21006172
VENKATA KRISHNA;MÊ¯CZYZNA;2;21006174
IMMO;MÊ¯CZYZNA;2;21006176
WIDAR;MÊ¯CZYZNA;2;21006178
ALIAKSIEI;MÊ¯CZYZNA;2;21006180
SRUJAL;MÊ¯CZYZNA;2;21006182
ERJOL;MÊ¯CZYZNA;2;21006184
AWETIS;MÊ¯CZYZNA;2;21006186
NIKALAS;MÊ¯CZYZNA;2;21006188
MUKHTORKHON;MÊ¯CZYZNA;2;21006190
NASANBAT;MÊ¯CZYZNA;2;21006192
AGHALAR;MÊ¯CZYZNA;2;21006194
KOSTAKIS;MÊ¯CZYZNA;2;21006196
ORLO;MÊ¯CZYZNA;2;21006198
VISCOL;MÊ¯CZYZNA;2;21006200
MITIKU;MÊ¯CZYZNA;2;21006202
SVYATOZAR;MÊ¯CZYZNA;2;21006204
ALLISTER;MÊ¯CZYZNA;2;21006206
MD SARIF;MÊ¯CZYZNA;2;21006208
MAKHMUDBEK;MÊ¯CZYZNA;2;21006210
NORIS;MÊ¯CZYZNA;2;21006212
ABBA;MÊ¯CZYZNA;2;21006214
STANOJA;MÊ¯CZYZNA;2;21006216
MASHAV;MÊ¯CZYZNA;2;21006218
JAZAN;MÊ¯CZYZNA;2;21006220
SALAY;MÊ¯CZYZNA;2;21006222
NGADI;MÊ¯CZYZNA;2;21006224
PORIMOL;MÊ¯CZYZNA;2;21006226
YULDOSHALI;MÊ¯CZYZNA;2;21006228
JAHEIM;MÊ¯CZYZNA;2;21006230
NIKO£OZ;MÊ¯CZYZNA;2;21006232
NOWSHAD;MÊ¯CZYZNA;2;21006234
BERARDINO;MÊ¯CZYZNA;2;21006236
VALADAR;MÊ¯CZYZNA;2;21006238
SAYIDJON;MÊ¯CZYZNA;2;21006240
MADIYARKHAN;MÊ¯CZYZNA;2;21006242
??C HI?U;MÊ¯CZYZNA;2;21006244
AANG;MÊ¯CZYZNA;2;21006246
AGIT;MÊ¯CZYZNA;2;21006248
SAFOUAN;MÊ¯CZYZNA;2;21006250
TIMURBEK;MÊ¯CZYZNA;2;21006252
MIASNIK;MÊ¯CZYZNA;2;21006254
PANDURANG;MÊ¯CZYZNA;2;21006256
HAYAN;MÊ¯CZYZNA;2;21006258
NAFEES;MÊ¯CZYZNA;2;21006260
LÓRÁND;MÊ¯CZYZNA;2;21006262
JONGTAE;MÊ¯CZYZNA;2;21006264
ONAY;MÊ¯CZYZNA;2;21006266
MAXUM;MÊ¯CZYZNA;2;21006268
ARJUN PRASAD;MÊ¯CZYZNA;2;21006270
SANKARA;MÊ¯CZYZNA;2;21006272
AIMAD;MÊ¯CZYZNA;2;21006274
KWANG SOO;MÊ¯CZYZNA;2;21006276
TAGAT;MÊ¯CZYZNA;2;21006278
SUNHO;MÊ¯CZYZNA;2;21006280
JACGUES;MÊ¯CZYZNA;2;21006282
WANIA;MÊ¯CZYZNA;2;21006284
CONG DIEN;MÊ¯CZYZNA;2;21006286
OKTAVIUS;MÊ¯CZYZNA;2;21006288
SHAOHUI;MÊ¯CZYZNA;2;21006290
INRI;MÊ¯CZYZNA;2;21006292
WENJIA;MÊ¯CZYZNA;2;21006294
UFUKCAN;MÊ¯CZYZNA;2;21006296
DUILIO;MÊ¯CZYZNA;2;21006298
DIYAA;MÊ¯CZYZNA;2;21006300
GUOQIU;MÊ¯CZYZNA;2;21006302
MALIN;MÊ¯CZYZNA;2;21006304
KUM;MÊ¯CZYZNA;2;21006306
YUAN-PIN;MÊ¯CZYZNA;2;21006308
SIMRANJIT SINGH;MÊ¯CZYZNA;2;21006310
YELI;MÊ¯CZYZNA;2;21006312
SANDIEGO;MÊ¯CZYZNA;2;21006314
JINYANG;MÊ¯CZYZNA;2;21006316
MAZHARUL;MÊ¯CZYZNA;2;21006318
NURMAGOMED;MÊ¯CZYZNA;2;21006320
ANDROS;MÊ¯CZYZNA;2;21006322
ELEMÉR;MÊ¯CZYZNA;2;21006324
ANOOB;MÊ¯CZYZNA;2;21006326
HEEKWON;MÊ¯CZYZNA;2;21006328
MANPRIT;MÊ¯CZYZNA;2;21006330
ERSEN;MÊ¯CZYZNA;2;21006332
SASON;MÊ¯CZYZNA;2;21006334
NEON;MÊ¯CZYZNA;2;21006336
THAKUR DAS;MÊ¯CZYZNA;2;21006338
NARMURAT;MÊ¯CZYZNA;2;21006340
ALLAIN;MÊ¯CZYZNA;2;21006342
JIANGBO;MÊ¯CZYZNA;2;21006344
SHEWACH;MÊ¯CZYZNA;2;21006346
JAMALI;MÊ¯CZYZNA;2;21006348
MIGUEL ANDRES;MÊ¯CZYZNA;2;21006350
BEIBARYS;MÊ¯CZYZNA;2;21006352
GAVEN;MÊ¯CZYZNA;2;21006354
XUÂN KHÁNH;MÊ¯CZYZNA;2;21006356
VISKHADZHI;MÊ¯CZYZNA;2;21006358
AHMAD SIAR;MÊ¯CZYZNA;2;21006360
ISFANDIER;MÊ¯CZYZNA;2;21006362
BAAKA;MÊ¯CZYZNA;2;21006364
ABDERAOUF;MÊ¯CZYZNA;2;21006366
APHAT;MÊ¯CZYZNA;2;21006368
SEYEDMEHDI;MÊ¯CZYZNA;2;21006370
EVERALDO;MÊ¯CZYZNA;2;21006372
HUIBERT;MÊ¯CZYZNA;2;21006374
RAMPRASATH;MÊ¯CZYZNA;2;21006376
ALAEDDIN;MÊ¯CZYZNA;2;21006378
PHILBERT;MÊ¯CZYZNA;2;21006380
ERNIST;MÊ¯CZYZNA;2;21006382
BONGSU;MÊ¯CZYZNA;2;21006384
YEONGCHEOL;MÊ¯CZYZNA;2;21006386
PANNA;MÊ¯CZYZNA;2;21006388
RAMIZI;MÊ¯CZYZNA;2;21006390
YASHIN;MÊ¯CZYZNA;2;21006392
TARMO;MÊ¯CZYZNA;2;21006394
TSIMAFEY;MÊ¯CZYZNA;2;21006396
ÇA?IN;MÊ¯CZYZNA;2;21006398
KALEN;MÊ¯CZYZNA;2;21006400
ANUCHA;MÊ¯CZYZNA;2;21006402
KALAIARASAN;MÊ¯CZYZNA;2;21006404
YIXING;MÊ¯CZYZNA;2;21006406
LIDONG;MÊ¯CZYZNA;2;21006408
PRASHAN;MÊ¯CZYZNA;2;21006410
NOHAR;MÊ¯CZYZNA;2;21006412
ELIEAZAR;MÊ¯CZYZNA;2;21006414
SARIT;MÊ¯CZYZNA;2;21006416
PRIMO;MÊ¯CZYZNA;2;21006418
INANÇ;MÊ¯CZYZNA;2;21006420
PHUOC;MÊ¯CZYZNA;2;21006422
ATDHE;MÊ¯CZYZNA;2;21006424
TAKUO;MÊ¯CZYZNA;2;21006426
BRECHT;MÊ¯CZYZNA;2;21006428
ZOIRDZHON;MÊ¯CZYZNA;2;21006430
HARITON;MÊ¯CZYZNA;2;21006432
LAKIS;MÊ¯CZYZNA;2;21006434
EL HOUSSINE;MÊ¯CZYZNA;2;21006436
PREM SINGH;MÊ¯CZYZNA;2;21006438
JIANQIN;MÊ¯CZYZNA;2;21006440
ILHO;MÊ¯CZYZNA;2;21006442
ALI AHMAD;MÊ¯CZYZNA;2;21006444
SIMIN;MÊ¯CZYZNA;2;21006446
PIRALI;MÊ¯CZYZNA;2;21006448
IZMAEL;MÊ¯CZYZNA;2;21006450
CHI-HSIANG;MÊ¯CZYZNA;2;21006452
GENADZI;MÊ¯CZYZNA;2;21006454
GALYNA;MÊ¯CZYZNA;2;21006456
ABHISHEKKUMAR;MÊ¯CZYZNA;2;21006458
CHANG IL;MÊ¯CZYZNA;2;21006460
RENGINAL;MÊ¯CZYZNA;2;21006462
HAVRYLIUK;MÊ¯CZYZNA;2;21006464
BAHTIYORJON;MÊ¯CZYZNA;2;21006466
RAJVIR;MÊ¯CZYZNA;2;21006468
MEMATI;MÊ¯CZYZNA;2;21006470
YINLONG;MÊ¯CZYZNA;2;21006472
GIANNINO;MÊ¯CZYZNA;2;21006474
JOCHAN;MÊ¯CZYZNA;2;21006476
YIJIE;MÊ¯CZYZNA;2;21006478
ABOOBACKER;MÊ¯CZYZNA;2;21006480
EMILJAN;MÊ¯CZYZNA;2;21006482
SHIBILY;MÊ¯CZYZNA;2;21006484
V?N L?C;MÊ¯CZYZNA;2;21006486
ATRAF;MÊ¯CZYZNA;2;21006488
ARITZ;MÊ¯CZYZNA;2;21006490
AIADIL;MÊ¯CZYZNA;2;21006492
PRANAY KUMAR;MÊ¯CZYZNA;2;21006494
NOCOLAE;MÊ¯CZYZNA;2;21006496
VIKTORIAN;MÊ¯CZYZNA;2;21006498
ADÃMUT;MÊ¯CZYZNA;2;21006500
JIKKU;MÊ¯CZYZNA;2;21006502
HRAHAT;MÊ¯CZYZNA;2;21006504
DAME;MÊ¯CZYZNA;2;21006506
GELDIMURAT;MÊ¯CZYZNA;2;21006508
DHANARAJU;MÊ¯CZYZNA;2;21006510
ZARSHED;MÊ¯CZYZNA;2;21006512
STAEPAN;MÊ¯CZYZNA;2;21006514
MUTI;MÊ¯CZYZNA;2;21006516
JAEYEON;MÊ¯CZYZNA;2;21006518
DUBRAVKO;MÊ¯CZYZNA;2;21006520
TÉLIO;MÊ¯CZYZNA;2;21006522
RUZIGAR;MÊ¯CZYZNA;2;21006524
SUYOG;MÊ¯CZYZNA;2;21006526
UROS;MÊ¯CZYZNA;2;21006528
YAHIR;MÊ¯CZYZNA;2;21006530
ANH ??C;MÊ¯CZYZNA;2;21006532
KRISHANA;MÊ¯CZYZNA;2;21006534
GAJIKARIM;MÊ¯CZYZNA;2;21006536
LACHYN;MÊ¯CZYZNA;2;21006538
VÃN QUY?N;MÊ¯CZYZNA;2;21006540
TOLOMUSH;MÊ¯CZYZNA;2;21006542
ASILJON;MÊ¯CZYZNA;2;21006544
AMALENDU;MÊ¯CZYZNA;2;21006546
DITTMAR;MÊ¯CZYZNA;2;21006548
GANDOLFO;MÊ¯CZYZNA;2;21006550
YOËL;MÊ¯CZYZNA;2;21006552
TENUUN;MÊ¯CZYZNA;2;21006554
GEROLF;MÊ¯CZYZNA;2;21006556
AYED;MÊ¯CZYZNA;2;21006558
NOVBAT;MÊ¯CZYZNA;2;21006560
JEAN-RICHARD;MÊ¯CZYZNA;2;21006562
TOSKANI;MÊ¯CZYZNA;2;21006564
CHULUUNBAATAR;MÊ¯CZYZNA;2;21006566
KHUSHVAKT;MÊ¯CZYZNA;2;21006568
INGRAM;MÊ¯CZYZNA;2;21006570
SYLJANO;MÊ¯CZYZNA;2;21006572
MD ARMAN;MÊ¯CZYZNA;2;21006574
ABITH;MÊ¯CZYZNA;2;21006576
AMIRA;MÊ¯CZYZNA;2;21006578
ALEXANDRU-IONUT;MÊ¯CZYZNA;2;21006580
KULJIT;MÊ¯CZYZNA;2;21006582
ERDINC;MÊ¯CZYZNA;2;21006584
VAN MAN;MÊ¯CZYZNA;2;21006586
JINMAN;MÊ¯CZYZNA;2;21006588
ABDULAI;MÊ¯CZYZNA;2;21006590
IOAN-MIRCEA;MÊ¯CZYZNA;2;21006592
YUN?S;MÊ¯CZYZNA;2;21006594
YANUSZ;MÊ¯CZYZNA;2;21006596
YONG JIN;MÊ¯CZYZNA;2;21006598
VAHARSHAK;MÊ¯CZYZNA;2;21006600
AAYANSH;MÊ¯CZYZNA;2;21006602
GISLE;MÊ¯CZYZNA;2;21006604
ZAKHARIIA;MÊ¯CZYZNA;2;21006606
ISTWAN;MÊ¯CZYZNA;2;21006608
SEOG;MÊ¯CZYZNA;2;21006610
MYKE;MÊ¯CZYZNA;2;21006612
MOHMUD;MÊ¯CZYZNA;2;21006614
CONG TRUONG;MÊ¯CZYZNA;2;21006616
JANNEK;MÊ¯CZYZNA;2;21006618
MUNTATHIR;MÊ¯CZYZNA;2;21006620
AAMIL;MÊ¯CZYZNA;2;21006622
KHALILOV;MÊ¯CZYZNA;2;21006624
RENI;MÊ¯CZYZNA;2;21006626
JUNYAN;MÊ¯CZYZNA;2;21006628
RADMILO;MÊ¯CZYZNA;2;21006630
HELENA;MÊ¯CZYZNA;2;21006632
ANDEAS;MÊ¯CZYZNA;2;21006634
LAWIUSZ;MÊ¯CZYZNA;2;21006636
HUIJUN;MÊ¯CZYZNA;2;21006638
FLOR;MÊ¯CZYZNA;2;21006640
KUSHINGA;MÊ¯CZYZNA;2;21006642
AMALRIC;MÊ¯CZYZNA;2;21006644
NZUBE;MÊ¯CZYZNA;2;21006646
ABDUL VAHAB;MÊ¯CZYZNA;2;21006648
??C S?N;MÊ¯CZYZNA;2;21006650
MEIIRBEK;MÊ¯CZYZNA;2;21006652
MELQUICEDEC;MÊ¯CZYZNA;2;21006654
ROOPE;MÊ¯CZYZNA;2;21006656
SZARIF;MÊ¯CZYZNA;2;21006658
GEMETCHU;MÊ¯CZYZNA;2;21006660
KEYDEN;MÊ¯CZYZNA;2;21006662
MANSUN;MÊ¯CZYZNA;2;21006664
ÉLIO;MÊ¯CZYZNA;2;21006666
CHANGBAO;MÊ¯CZYZNA;2;21006668
PARSU;MÊ¯CZYZNA;2;21006670
ODDVAR;MÊ¯CZYZNA;2;21006672
DAE HYUN;MÊ¯CZYZNA;2;21006674
JURKO;MÊ¯CZYZNA;2;21006676
TAKIEDDINE;MÊ¯CZYZNA;2;21006678
MORFEAS;MÊ¯CZYZNA;2;21006680
JUNYEONG;MÊ¯CZYZNA;2;21006682
ELSEVER;MÊ¯CZYZNA;2;21006684
EMIRKHAN;MÊ¯CZYZNA;2;21006686
RISHAN;MÊ¯CZYZNA;2;21006688
SEOKMO;MÊ¯CZYZNA;2;21006690
MINH HONG;MÊ¯CZYZNA;2;21006692
RACHMIEL;MÊ¯CZYZNA;2;21006694
CHORNG-YI;MÊ¯CZYZNA;2;21006696
MISAGH;MÊ¯CZYZNA;2;21006698
NILADRI;MÊ¯CZYZNA;2;21006700
DENS;MÊ¯CZYZNA;2;21006702
DEMIJAN;MÊ¯CZYZNA;2;21006704
ALEKSSANDRO;MÊ¯CZYZNA;2;21006706
VIVIANO;MÊ¯CZYZNA;2;21006708
IVKO;MÊ¯CZYZNA;2;21006710
KH??NG;MÊ¯CZYZNA;2;21006712
DEMUDU;MÊ¯CZYZNA;2;21006714
PRIYANTHA;MÊ¯CZYZNA;2;21006716
PARWIZ;MÊ¯CZYZNA;2;21006718
ROAMN;MÊ¯CZYZNA;2;21006720
VIRAT;MÊ¯CZYZNA;2;21006722
SRIVATHSAN;MÊ¯CZYZNA;2;21006724
LABEEB;MÊ¯CZYZNA;2;21006726
BEHMAN;MÊ¯CZYZNA;2;21006728
DAVLIAT;MÊ¯CZYZNA;2;21006730
OBEN;MÊ¯CZYZNA;2;21006732
RAGHUBEER;MÊ¯CZYZNA;2;21006734
BRANDT;MÊ¯CZYZNA;2;21006736
ANURODH;MÊ¯CZYZNA;2;21006738
RAVINDHAR;MÊ¯CZYZNA;2;21006740
YERTUGAN;MÊ¯CZYZNA;2;21006742
SEJRAN;MÊ¯CZYZNA;2;21006744
AMMAAR;MÊ¯CZYZNA;2;21006746
DENIC;MÊ¯CZYZNA;2;21006748
YAS?R;MÊ¯CZYZNA;2;21006750
IVAV;MÊ¯CZYZNA;2;21006752
BALAJA;MÊ¯CZYZNA;2;21006754
PIERRE-ANDRÉ;MÊ¯CZYZNA;2;21006756
OSAMEDE;MÊ¯CZYZNA;2;21006758
XINJIAN;MÊ¯CZYZNA;2;21006760
SHINNOSUKE;MÊ¯CZYZNA;2;21006762
ADRI?;MÊ¯CZYZNA;2;21006764
DEBNATH;MÊ¯CZYZNA;2;21006766
LIUDVIKAS;MÊ¯CZYZNA;2;21006768
YULDASHBEK;MÊ¯CZYZNA;2;21006770
DONGYOUNG;MÊ¯CZYZNA;2;21006772
SEMY;MÊ¯CZYZNA;2;21006774
PRAYAG;MÊ¯CZYZNA;2;21006776
YUNFENG;MÊ¯CZYZNA;2;21006778
ANZHELA;MÊ¯CZYZNA;2;21006780
VENTSESLAV;MÊ¯CZYZNA;2;21006782
SHACHAK;MÊ¯CZYZNA;2;21006784
ASHRAPH;MÊ¯CZYZNA;2;21006786
JISEOB;MÊ¯CZYZNA;2;21006788
CHANGJUN;MÊ¯CZYZNA;2;21006790
TSIKHAMIR;MÊ¯CZYZNA;2;21006792
THORIAN;MÊ¯CZYZNA;2;21006794
STALBEK;MÊ¯CZYZNA;2;21006796
IPHTIKHAR;MÊ¯CZYZNA;2;21006798
KENTH;MÊ¯CZYZNA;2;21006800
NSIKAN;MÊ¯CZYZNA;2;21006802
FONS;MÊ¯CZYZNA;2;21006804
ªEREFHAN;MÊ¯CZYZNA;2;21006806
MUKHAMMEDSALYK;MÊ¯CZYZNA;2;21006808
NIKUSHA;MÊ¯CZYZNA;2;21006810
YAHLEE;MÊ¯CZYZNA;2;21006812
PO-SEN;MÊ¯CZYZNA;2;21006814
HÓA;MÊ¯CZYZNA;2;21006816
JINGYU;MÊ¯CZYZNA;2;21006818
FARIK;MÊ¯CZYZNA;2;21006820
GENDRI;MÊ¯CZYZNA;2;21006822
LONNIE;MÊ¯CZYZNA;2;21006824
AJAZ;MÊ¯CZYZNA;2;21006826
ZULFALI;MÊ¯CZYZNA;2;21006828
RAMIZBEK;MÊ¯CZYZNA;2;21006830
SERHEII;MÊ¯CZYZNA;2;21006832
CHINGUUN;MÊ¯CZYZNA;2;21006834
NIRMAL SINGH;MÊ¯CZYZNA;2;21006836
FURKAN CAN;MÊ¯CZYZNA;2;21006838
SEUNGYONG;MÊ¯CZYZNA;2;21006840
JAGJEET;MÊ¯CZYZNA;2;21006842
LIHAO;MÊ¯CZYZNA;2;21006844
RAJASHEKHAR;MÊ¯CZYZNA;2;21006846
RAKHATBEK;MÊ¯CZYZNA;2;21006848
DHRUVA;MÊ¯CZYZNA;2;21006850
NEBOJSA;MÊ¯CZYZNA;2;21006852
MURADJAN;MÊ¯CZYZNA;2;21006854
PRAYANSH;MÊ¯CZYZNA;2;21006856
ZHANBOLOT;MÊ¯CZYZNA;2;21006858
SHUNYU;MÊ¯CZYZNA;2;21006860
YRVHENII;MÊ¯CZYZNA;2;21006862
SERHANE;MÊ¯CZYZNA;2;21006864
QANI;MÊ¯CZYZNA;2;21006866
CHOM;MÊ¯CZYZNA;2;21006868
LENOX;MÊ¯CZYZNA;2;21006870
HANBO;MÊ¯CZYZNA;2;21006872
YADU;MÊ¯CZYZNA;2;21006874
KI WON;MÊ¯CZYZNA;2;21006876
JUNG MIN;MÊ¯CZYZNA;2;21006878
MICHALI;MÊ¯CZYZNA;2;21006880
FRAGISKOS;MÊ¯CZYZNA;2;21006882
SHAKHRUZ;MÊ¯CZYZNA;2;21006884
NALIN;MÊ¯CZYZNA;2;21006886
NESTERENKO;MÊ¯CZYZNA;2;21006888
PHAKHRAT;MÊ¯CZYZNA;2;21006890
ASWINI;MÊ¯CZYZNA;2;21006892
HAILE;MÊ¯CZYZNA;2;21006894
PRASHURAM;MÊ¯CZYZNA;2;21006896
SEUNG WOO;MÊ¯CZYZNA;2;21006898
VÃN T?NH;MÊ¯CZYZNA;2;21006900
ARBAAZ;MÊ¯CZYZNA;2;21006902
JEFREM;MÊ¯CZYZNA;2;21006904
NYIKADZINO;MÊ¯CZYZNA;2;21006906
JEFFER;MÊ¯CZYZNA;2;21006908
SEUNGCHAN;MÊ¯CZYZNA;2;21006910
CHWALIBÓG;MÊ¯CZYZNA;2;21006912
KOLDO;MÊ¯CZYZNA;2;21006914
ORIBJON;MÊ¯CZYZNA;2;21006916
SHAKHSUVAR;MÊ¯CZYZNA;2;21006918
VIATALII;MÊ¯CZYZNA;2;21006920
ZHIYUN;MÊ¯CZYZNA;2;21006922
PRADYOT;MÊ¯CZYZNA;2;21006924
JIPING;MÊ¯CZYZNA;2;21006926
CHANDRASHEKHAR;MÊ¯CZYZNA;2;21006928
RUOCHEN;MÊ¯CZYZNA;2;21006930
SHOKHRUZ;MÊ¯CZYZNA;2;21006932
SWADESH;MÊ¯CZYZNA;2;21006934
SORIBA;MÊ¯CZYZNA;2;21006936
DANIEL-LUCIAN;MÊ¯CZYZNA;2;21006938
H?NG CÔNG;MÊ¯CZYZNA;2;21006940
LUNGILE;MÊ¯CZYZNA;2;21006942
KOCHAN;MÊ¯CZYZNA;2;21006944
TERRI;MÊ¯CZYZNA;2;21006946
HAOHAN;MÊ¯CZYZNA;2;21006948
JA'FAR;MÊ¯CZYZNA;2;21006950
ESHAAN;MÊ¯CZYZNA;2;21006952
XINRONG;MÊ¯CZYZNA;2;21006954
XUEBIN;MÊ¯CZYZNA;2;21006956
GIENADZI;MÊ¯CZYZNA;2;21006958
WARNA;MÊ¯CZYZNA;2;21006960
XUSHENG;MÊ¯CZYZNA;2;21006962
NURABI;MÊ¯CZYZNA;2;21006964
AHNAF;MÊ¯CZYZNA;2;21006966
HUSSNAIN;MÊ¯CZYZNA;2;21006968
JASKIER;MÊ¯CZYZNA;2;21006970
KHASAR;MÊ¯CZYZNA;2;21006972
JAN-KANTY;MÊ¯CZYZNA;2;21006974
KYUMIN;MÊ¯CZYZNA;2;21006976
LUIS ALEJANDRO;MÊ¯CZYZNA;2;21006978
NGOC HIEU;MÊ¯CZYZNA;2;21006980
CONG HOAN;MÊ¯CZYZNA;2;21006982
JIANXIANG;MÊ¯CZYZNA;2;21006984
NEZHDET;MÊ¯CZYZNA;2;21006986
HO?NG BÁCH;MÊ¯CZYZNA;2;21006988
BEKSOLTA;MÊ¯CZYZNA;2;21006990
TIKHOMIR;MÊ¯CZYZNA;2;21006992
HITENDRA;MÊ¯CZYZNA;2;21006994
MOMINUL;MÊ¯CZYZNA;2;21006996
KYRYM;MÊ¯CZYZNA;2;21006998
JAWDAT;MÊ¯CZYZNA;2;21007000
XIULI;MÊ¯CZYZNA;2;21007002
PATIENT;MÊ¯CZYZNA;2;21007004
REªIT;MÊ¯CZYZNA;2;21007006
XUAN KHANG;MÊ¯CZYZNA;2;21007008
DIONIZJUSZ;MÊ¯CZYZNA;2;21007010
SAJEEVAN;MÊ¯CZYZNA;2;21007012
BILEGJARGAL;MÊ¯CZYZNA;2;21007014
STEPHANO;MÊ¯CZYZNA;2;21007016
SAYFULA;MÊ¯CZYZNA;2;21007018
REIKO;MÊ¯CZYZNA;2;21007020
VÃN TH??NG;MÊ¯CZYZNA;2;21007022
NAGINDRA;MÊ¯CZYZNA;2;21007024
VARLEN;MÊ¯CZYZNA;2;21007026
MUSTAFA CAN;MÊ¯CZYZNA;2;21007028
BEREZA;MÊ¯CZYZNA;2;21007030
MARGUS;MÊ¯CZYZNA;2;21007032
ZHELYO;MÊ¯CZYZNA;2;21007034
LODOVICO;MÊ¯CZYZNA;2;21007036
DOMINICO;MÊ¯CZYZNA;2;21007038
EISSA;MÊ¯CZYZNA;2;21007040
ARGIE;MÊ¯CZYZNA;2;21007042
ILKE;MÊ¯CZYZNA;2;21007044
SHAMBEL;MÊ¯CZYZNA;2;21007046
KOKOU;MÊ¯CZYZNA;2;21007048
VASYL-ANDRII;MÊ¯CZYZNA;2;21007050
SHIVENDRA;MÊ¯CZYZNA;2;21007052
MIHAI-BOGDAN;MÊ¯CZYZNA;2;21007054
KRYSTSIAN;MÊ¯CZYZNA;2;21007056
MAHMUT CAN;MÊ¯CZYZNA;2;21007058
AWADH;MÊ¯CZYZNA;2;21007060
GODOFREDO JR.;MÊ¯CZYZNA;2;21007062
SYD;MÊ¯CZYZNA;2;21007064
KHABIBILLO;MÊ¯CZYZNA;2;21007066
DUC LE;MÊ¯CZYZNA;2;21007068
RUTVIK;MÊ¯CZYZNA;2;21007070
KHAETBEK;MÊ¯CZYZNA;2;21007072
SHARJEEL;MÊ¯CZYZNA;2;21007074
KIHUN;MÊ¯CZYZNA;2;21007076
YANAN;MÊ¯CZYZNA;2;21007078
JEJSON;MÊ¯CZYZNA;2;21007080
SHENGWEI;MÊ¯CZYZNA;2;21007082
KOSTO;MÊ¯CZYZNA;2;21007084
AREDIUSZ;MÊ¯CZYZNA;2;21007086
SEIDAMET;MÊ¯CZYZNA;2;21007088
QIANGQIANG;MÊ¯CZYZNA;2;21007090
MONGKOL;MÊ¯CZYZNA;2;21007092
MD MONIRUL;MÊ¯CZYZNA;2;21007094
LIZANDRO;MÊ¯CZYZNA;2;21007096
ATIQ;MÊ¯CZYZNA;2;21007098
JHOR;MÊ¯CZYZNA;2;21007100
FARYS;MÊ¯CZYZNA;2;21007102
SOOHWAN;MÊ¯CZYZNA;2;21007104
SHAJAHAN;MÊ¯CZYZNA;2;21007106
PHANUWAT;MÊ¯CZYZNA;2;21007108
VANYO;MÊ¯CZYZNA;2;21007110
TATSUNORI;MÊ¯CZYZNA;2;21007112
DATAN;MÊ¯CZYZNA;2;21007114
WIKTORJAN;MÊ¯CZYZNA;2;21007116
ARISTILIS;MÊ¯CZYZNA;2;21007118
ZIXU;MÊ¯CZYZNA;2;21007120
KHODOR;MÊ¯CZYZNA;2;21007122
KAKHRAMONJON;MÊ¯CZYZNA;2;21007124
YURII-VOLODYMYR;MÊ¯CZYZNA;2;21007126
ALYAKSANDER;MÊ¯CZYZNA;2;21007128
MUIZ;MÊ¯CZYZNA;2;21007130
MAHESHA;MÊ¯CZYZNA;2;21007132
GUERRINO;MÊ¯CZYZNA;2;21007134
ALHADI;MÊ¯CZYZNA;2;21007136
CHARITOS;MÊ¯CZYZNA;2;21007138
IDZHAZ;MÊ¯CZYZNA;2;21007140
MUKHAMED-ALI;MÊ¯CZYZNA;2;21007142
GUERGUI;MÊ¯CZYZNA;2;21007144
DAUMANTAS;MÊ¯CZYZNA;2;21007146
GONGMING;MÊ¯CZYZNA;2;21007148
FU-HONG;MÊ¯CZYZNA;2;21007150
BOGDAN-IOAN;MÊ¯CZYZNA;2;21007152
AMIROUCHE;MÊ¯CZYZNA;2;21007154
HEMERSON;MÊ¯CZYZNA;2;21007156
PUSPA RAJ;MÊ¯CZYZNA;2;21007158
DANIELO;MÊ¯CZYZNA;2;21007160
DIA;MÊ¯CZYZNA;2;21007162
I?JA;MÊ¯CZYZNA;2;21007164
KWANG MYONG;MÊ¯CZYZNA;2;21007166
YERUCHAM;MÊ¯CZYZNA;2;21007168
WEIREN;MÊ¯CZYZNA;2;21007170
NIC;MÊ¯CZYZNA;2;21007172
FAQIH;MÊ¯CZYZNA;2;21007174
PALVINDER;MÊ¯CZYZNA;2;21007176
KHASANBEK;MÊ¯CZYZNA;2;21007178
ROSALIO;MÊ¯CZYZNA;2;21007180
SAYD-KHUSEYN;MÊ¯CZYZNA;2;21007182
MINH ??T;MÊ¯CZYZNA;2;21007184
VAZIRKHAN;MÊ¯CZYZNA;2;21007186
DOMINIKS;MÊ¯CZYZNA;2;21007188
POOYA;MÊ¯CZYZNA;2;21007190
FORD;MÊ¯CZYZNA;2;21007192
CZAWDAR;MÊ¯CZYZNA;2;21007194
JOZEPH;MÊ¯CZYZNA;2;21007196
DENYZ;MÊ¯CZYZNA;2;21007198
ULAGAT;MÊ¯CZYZNA;2;21007200
MIROSLAVAS;MÊ¯CZYZNA;2;21007202
SUBO;MÊ¯CZYZNA;2;21007204
ADEB;MÊ¯CZYZNA;2;21007206
FRANCYSK;MÊ¯CZYZNA;2;21007208
NORBOY;MÊ¯CZYZNA;2;21007210
OLEKSJI;MÊ¯CZYZNA;2;21007212
ENOC;MÊ¯CZYZNA;2;21007214
MEKHMET;MÊ¯CZYZNA;2;21007216
IRINEU;MÊ¯CZYZNA;2;21007218
BURKAY;MÊ¯CZYZNA;2;21007220
BURTON;MÊ¯CZYZNA;2;21007222
HANS-GERD;MÊ¯CZYZNA;2;21007224
YUSEOK;MÊ¯CZYZNA;2;21007226
MIKIO;MÊ¯CZYZNA;2;21007228
DAC HUNG;MÊ¯CZYZNA;2;21007230
DOVRONBEK;MÊ¯CZYZNA;2;21007232
SEYEDMOHAMMAD;MÊ¯CZYZNA;2;21007234
WLADIK;MÊ¯CZYZNA;2;21007236
GENIS;MÊ¯CZYZNA;2;21007238
LUKAI;MÊ¯CZYZNA;2;21007240
CHANDLER;MÊ¯CZYZNA;2;21007242
NEDYO;MÊ¯CZYZNA;2;21007244
GUSTAWO;MÊ¯CZYZNA;2;21007246
AMONIUSZ;MÊ¯CZYZNA;2;21007248
MANMADHA;MÊ¯CZYZNA;2;21007250
DONGHAN;MÊ¯CZYZNA;2;21007252
MINH NHUT;MÊ¯CZYZNA;2;21007254
RODAM;MÊ¯CZYZNA;2;21007256
AODI;MÊ¯CZYZNA;2;21007258
NEªET;MÊ¯CZYZNA;2;21007260
CHENG-CHUNG;MÊ¯CZYZNA;2;21007262
KHALFALLAH;MÊ¯CZYZNA;2;21007264
YOUNGWOONG;MÊ¯CZYZNA;2;21007266
ANDREI-IOAN;MÊ¯CZYZNA;2;21007268
EDIRIN;MÊ¯CZYZNA;2;21007270
YANLIN;MÊ¯CZYZNA;2;21007272
CONG TUAN;MÊ¯CZYZNA;2;21007274
MACIT;MÊ¯CZYZNA;2;21007276
BAKHA;MÊ¯CZYZNA;2;21007278
MOBIL;MÊ¯CZYZNA;2;21007280
SAIDKHASAN;MÊ¯CZYZNA;2;21007282
XUAN TUYEN;MÊ¯CZYZNA;2;21007284
RUPAM;MÊ¯CZYZNA;2;21007286
JAYACHANDRAN;MÊ¯CZYZNA;2;21007288
NOORUDDIN;MÊ¯CZYZNA;2;21007290
VLAD-CONSTANTIN;MÊ¯CZYZNA;2;21007292
WOLFE;MÊ¯CZYZNA;2;21007294
THÉOTIME;MÊ¯CZYZNA;2;21007296
NAMO;MÊ¯CZYZNA;2;21007298
AZYM;MÊ¯CZYZNA;2;21007300
HAIJIN;MÊ¯CZYZNA;2;21007302
RACHIM;MÊ¯CZYZNA;2;21007304
AZIZZHAN;MÊ¯CZYZNA;2;21007306
NEMATKHON;MÊ¯CZYZNA;2;21007308
DINH VIET;MÊ¯CZYZNA;2;21007310
JUDSON;MÊ¯CZYZNA;2;21007312
VISWESWARA;MÊ¯CZYZNA;2;21007314
SIDDIQUE;MÊ¯CZYZNA;2;21007316
NATÁN;MÊ¯CZYZNA;2;21007318
RONILO;MÊ¯CZYZNA;2;21007320
ARIEF;MÊ¯CZYZNA;2;21007322
HON;MÊ¯CZYZNA;2;21007324
WALIED;MÊ¯CZYZNA;2;21007326
WILLIAM ENRIQUE;MÊ¯CZYZNA;2;21007328
RASHYT;MÊ¯CZYZNA;2;21007330
ALPESI;MÊ¯CZYZNA;2;21007332
JUNSEOP;MÊ¯CZYZNA;2;21007334
JAPHAR;MÊ¯CZYZNA;2;21007336
NGOC DUONG;MÊ¯CZYZNA;2;21007338
SANKETKUMAR;MÊ¯CZYZNA;2;21007340
KORNILIOS;MÊ¯CZYZNA;2;21007342
IVERIKO;MÊ¯CZYZNA;2;21007344
FRÉDÉRICK;MÊ¯CZYZNA;2;21007346
AO;MÊ¯CZYZNA;2;21007348
ELJO;MÊ¯CZYZNA;2;21007350
DMTRO;MÊ¯CZYZNA;2;21007352
ZAKARIAH;MÊ¯CZYZNA;2;21007354
KHANAKHMAD;MÊ¯CZYZNA;2;21007356
TELMEN;MÊ¯CZYZNA;2;21007358
D?LAVER;MÊ¯CZYZNA;2;21007360
KENING;MÊ¯CZYZNA;2;21007362
HANE;MÊ¯CZYZNA;2;21007364
GEMECHIS;MÊ¯CZYZNA;2;21007366
??NH B?NH;MÊ¯CZYZNA;2;21007368
ANH VU;MÊ¯CZYZNA;2;21007370
JISANG;MÊ¯CZYZNA;2;21007372
S? THANH;MÊ¯CZYZNA;2;21007374
VALDEMIR;MÊ¯CZYZNA;2;21007376
BAM BAHADUR;MÊ¯CZYZNA;2;21007378
USMONBEK;MÊ¯CZYZNA;2;21007380
SÁMUEL;MÊ¯CZYZNA;2;21007382
MILIVOJ;MÊ¯CZYZNA;2;21007384
ADELHEID;MÊ¯CZYZNA;2;21007386
SANATAN;MÊ¯CZYZNA;2;21007388
ROMYR;MÊ¯CZYZNA;2;21007390
VAN TOI;MÊ¯CZYZNA;2;21007392
JUNLI;MÊ¯CZYZNA;2;21007394
FLORUS;MÊ¯CZYZNA;2;21007396
WASYLIJ;MÊ¯CZYZNA;2;21007398
NGHIEM;MÊ¯CZYZNA;2;21007400
RAYLAN;MÊ¯CZYZNA;2;21007402
DYZIO;MÊ¯CZYZNA;2;21007404
MUZAMMIL;MÊ¯CZYZNA;2;21007406
SAID-KHUSEYN;MÊ¯CZYZNA;2;21007408
KEIJI;MÊ¯CZYZNA;2;21007410
TULI;MÊ¯CZYZNA;2;21007412
HÜR;MÊ¯CZYZNA;2;21007414
VIORIEL;MÊ¯CZYZNA;2;21007416
BEREL;MÊ¯CZYZNA;2;21007418
APALONI;MÊ¯CZYZNA;2;21007420
ONTARIO;MÊ¯CZYZNA;2;21007422
MILU;MÊ¯CZYZNA;2;21007424
BILYAL;MÊ¯CZYZNA;2;21007426
JAYKE;MÊ¯CZYZNA;2;21007428
I£ARION;MÊ¯CZYZNA;2;21007430
JEONG BIN;MÊ¯CZYZNA;2;21007432
MOTIEJUS;MÊ¯CZYZNA;2;21007434
BERNADIN;MÊ¯CZYZNA;2;21007436
BAOJIN;MÊ¯CZYZNA;2;21007438
JIANWU;MÊ¯CZYZNA;2;21007440
QINGPING;MÊ¯CZYZNA;2;21007442
ADRÍAN;MÊ¯CZYZNA;2;21007444
VIJAYA KUMAR;MÊ¯CZYZNA;2;21007446
SITA;MÊ¯CZYZNA;2;21007448
ANZAR;MÊ¯CZYZNA;2;21007450
LABA;MÊ¯CZYZNA;2;21007452
JUZEFS;MÊ¯CZYZNA;2;21007454
RADKHAN;MÊ¯CZYZNA;2;21007456
HARDEV SINGH;MÊ¯CZYZNA;2;21007458
DARELL;MÊ¯CZYZNA;2;21007460
ILARI;MÊ¯CZYZNA;2;21007462
LAZOS;MÊ¯CZYZNA;2;21007464
HARJEET SINGH;MÊ¯CZYZNA;2;21007466
GAPKAZ;MÊ¯CZYZNA;2;21007468
MARIKS;MÊ¯CZYZNA;2;21007470
DIOKLECJAN;MÊ¯CZYZNA;2;21007472
SAYPUDDIN;MÊ¯CZYZNA;2;21007474
QINJUN;MÊ¯CZYZNA;2;21007476
ANH KIET;MÊ¯CZYZNA;2;21007478
JORGIOS;MÊ¯CZYZNA;2;21007480
ALEXANDRU-GHEORGHE;MÊ¯CZYZNA;2;21007482
TATU;MÊ¯CZYZNA;2;21007484
KOSSAY;MÊ¯CZYZNA;2;21007486
TACK;MÊ¯CZYZNA;2;21007488
KÂMIL;MÊ¯CZYZNA;2;21007490
EDE;MÊ¯CZYZNA;2;21007492
MUKHSIN;MÊ¯CZYZNA;2;21007494
SIEMEN;MÊ¯CZYZNA;2;21007496
HONGLEI;MÊ¯CZYZNA;2;21007498
VIET QUANG;MÊ¯CZYZNA;2;21007500
NAMAT;MÊ¯CZYZNA;2;21007502
SUDIP KUMAR;MÊ¯CZYZNA;2;21007504
ABDUSSAMAD;MÊ¯CZYZNA;2;21007506
YASHNAR;MÊ¯CZYZNA;2;21007508
SANG JIN;MÊ¯CZYZNA;2;21007510
SAMIRKUMAR;MÊ¯CZYZNA;2;21007512
ATABAY;MÊ¯CZYZNA;2;21007514
ARMANDO JOSE;MÊ¯CZYZNA;2;21007516
ERKINBOY;MÊ¯CZYZNA;2;21007518
SHAZADA;MÊ¯CZYZNA;2;21007520
IURY;MÊ¯CZYZNA;2;21007522
TAIRA;MÊ¯CZYZNA;2;21007524
HANSEN;MÊ¯CZYZNA;2;21007526
MARCEAU;MÊ¯CZYZNA;2;21007528
FYLYMON;MÊ¯CZYZNA;2;21007530
IAHOR;MÊ¯CZYZNA;2;21007532
H?I TH?NH;MÊ¯CZYZNA;2;21007534
TELI;MÊ¯CZYZNA;2;21007536
ABDELHAFIDH;MÊ¯CZYZNA;2;21007538
REMINEUSZ;MÊ¯CZYZNA;2;21007540
DEREVIANKO;MÊ¯CZYZNA;2;21007542
CHING;MÊ¯CZYZNA;2;21007544
NAZAR-IVAN;MÊ¯CZYZNA;2;21007546
HANZEL;MÊ¯CZYZNA;2;21007548
YUGUO;MÊ¯CZYZNA;2;21007550
SET;MÊ¯CZYZNA;2;21007552
RADOSAV;MÊ¯CZYZNA;2;21007554
FANDI;MÊ¯CZYZNA;2;21007556
PARASKEWAS;MÊ¯CZYZNA;2;21007558
MUDIN;MÊ¯CZYZNA;2;21007560
AUSTEN;MÊ¯CZYZNA;2;21007562
AVRIL;MÊ¯CZYZNA;2;21007564
ZHENBO;MÊ¯CZYZNA;2;21007566
SHAHIL;MÊ¯CZYZNA;2;21007568
ZONGNAN;MÊ¯CZYZNA;2;21007570
GRACHYA;MÊ¯CZYZNA;2;21007572
XUAN GIANG;MÊ¯CZYZNA;2;21007574
YI?ITCAN;MÊ¯CZYZNA;2;21007576
YURII-OLEKSANDR;MÊ¯CZYZNA;2;21007578
GOVARDHANA;MÊ¯CZYZNA;2;21007580
MANUEL ALFONSO;MÊ¯CZYZNA;2;21007582
DAIRIS;MÊ¯CZYZNA;2;21007584
ADELFO;MÊ¯CZYZNA;2;21007586
ZYS£AW;MÊ¯CZYZNA;2;21007588
JINYAO;MÊ¯CZYZNA;2;21007590
YUNXIANG;MÊ¯CZYZNA;2;21007592
SORIAN;MÊ¯CZYZNA;2;21007594
EZAW;MÊ¯CZYZNA;2;21007596
DURDYMUHAMMET;MÊ¯CZYZNA;2;21007598
HAK CHOL;MÊ¯CZYZNA;2;21007600
GYURSES;MÊ¯CZYZNA;2;21007602
CARLOS JR.;MÊ¯CZYZNA;2;21007604
GEO;MÊ¯CZYZNA;2;21007606
VIGHNESH;MÊ¯CZYZNA;2;21007608
MO'ATH;MÊ¯CZYZNA;2;21007610
MINH ??C;MÊ¯CZYZNA;2;21007612
MEL?KªAH;MÊ¯CZYZNA;2;21007614
NAFTULE;MÊ¯CZYZNA;2;21007616
AKSHAR;MÊ¯CZYZNA;2;21007618
YOO;MÊ¯CZYZNA;2;21007620
TEEJAY;MÊ¯CZYZNA;2;21007622
JUNJUN;MÊ¯CZYZNA;2;21007624
SMILJAN;MÊ¯CZYZNA;2;21007626
TOBECHUKWU;MÊ¯CZYZNA;2;21007628
AMAYAK;MÊ¯CZYZNA;2;21007630
IANISLAV;MÊ¯CZYZNA;2;21007632
JANARDHANA;MÊ¯CZYZNA;2;21007634
KHAMIT;MÊ¯CZYZNA;2;21007636
MIMIS;MÊ¯CZYZNA;2;21007638
MAKSIMOS;MÊ¯CZYZNA;2;21007640
KHAYOTILLO;MÊ¯CZYZNA;2;21007642
ARMA?AN;MÊ¯CZYZNA;2;21007644
AITUAR;MÊ¯CZYZNA;2;21007646
TOSHIRO;MÊ¯CZYZNA;2;21007648
FIRDAVSIY;MÊ¯CZYZNA;2;21007650
DASTONBEK;MÊ¯CZYZNA;2;21007652
IRADUKUNDA;MÊ¯CZYZNA;2;21007654
AOUN;MÊ¯CZYZNA;2;21007656
DILMAN;MÊ¯CZYZNA;2;21007658
STAVR;MÊ¯CZYZNA;2;21007660
KUGATHASAN;MÊ¯CZYZNA;2;21007662
KENNAN;MÊ¯CZYZNA;2;21007664
MD SAMIR;MÊ¯CZYZNA;2;21007666
SOKHIBNAZAR;MÊ¯CZYZNA;2;21007668
JEVGENYIJ;MÊ¯CZYZNA;2;21007670
BAREQ;MÊ¯CZYZNA;2;21007672
ABDUVAKHAB;MÊ¯CZYZNA;2;21007674
EL-ARABI;MÊ¯CZYZNA;2;21007676
MEKURIA;MÊ¯CZYZNA;2;21007678
ALASSANE;MÊ¯CZYZNA;2;21007680
BARSBOLD;MÊ¯CZYZNA;2;21007682
MAXIMILIAN ALEXANDER;MÊ¯CZYZNA;2;21007684
LORENCIO;MÊ¯CZYZNA;2;21007686
UBBO;MÊ¯CZYZNA;2;21007688
XINFENG;MÊ¯CZYZNA;2;21007690
ADNENE;MÊ¯CZYZNA;2;21007692
YASUHITO;MÊ¯CZYZNA;2;21007694
HYUN HO;MÊ¯CZYZNA;2;21007696
BAOHUA;MÊ¯CZYZNA;2;21007698
ARTIAN;MÊ¯CZYZNA;2;21007700
SHAKHRUDI;MÊ¯CZYZNA;2;21007702
HARITH;MÊ¯CZYZNA;2;21007704
THÁI S?N;MÊ¯CZYZNA;2;21007706
THE HA;MÊ¯CZYZNA;2;21007708
JARRAH;MÊ¯CZYZNA;2;21007710
RODYSLAV;MÊ¯CZYZNA;2;21007712
SALAHEDDINE;MÊ¯CZYZNA;2;21007714
VOHID;MÊ¯CZYZNA;2;21007716
RAM KRISHNA;MÊ¯CZYZNA;2;21007718
JOEMEL;MÊ¯CZYZNA;2;21007720
MYKUTA;MÊ¯CZYZNA;2;21007722
SHELTON;MÊ¯CZYZNA;2;21007724
SANG KEUN;MÊ¯CZYZNA;2;21007726
ASABALI;MÊ¯CZYZNA;2;21007728
PARMEET;MÊ¯CZYZNA;2;21007730
DENY;MÊ¯CZYZNA;2;21007732
ARMAIS;MÊ¯CZYZNA;2;21007734
MIGUEL ANTONIO;MÊ¯CZYZNA;2;21007736
NAWAZ;MÊ¯CZYZNA;2;21007738
ELMIZ;MÊ¯CZYZNA;2;21007740
HALEI;MÊ¯CZYZNA;2;21007742
MARICHEL;MÊ¯CZYZNA;2;21007744
SEMJONS;MÊ¯CZYZNA;2;21007746
CHRÉTIEN;MÊ¯CZYZNA;2;21007748
MANVEER;MÊ¯CZYZNA;2;21007750
TENJI;MÊ¯CZYZNA;2;21007752
KALIDASS;MÊ¯CZYZNA;2;21007754
VIVEKANANDA;MÊ¯CZYZNA;2;21007756
BOO;MÊ¯CZYZNA;2;21007758
KUNLE;MÊ¯CZYZNA;2;21007760
ANDREIEV;MÊ¯CZYZNA;2;21007762
INBO;MÊ¯CZYZNA;2;21007764
AZIZKHUJA;MÊ¯CZYZNA;2;21007766
SHEA;MÊ¯CZYZNA;2;21007768
AHVAN;MÊ¯CZYZNA;2;21007770
PALLAB;MÊ¯CZYZNA;2;21007772
MURALIDHARA;MÊ¯CZYZNA;2;21007774
TAEHYUNG;MÊ¯CZYZNA;2;21007776
UTZ;MÊ¯CZYZNA;2;21007778
MOHAMED SALAH;MÊ¯CZYZNA;2;21007780
TERTULIAN;MÊ¯CZYZNA;2;21007782
TOÁN;MÊ¯CZYZNA;2;21007784
ABDULMAJEED;MÊ¯CZYZNA;2;21007786
DAHAM;MÊ¯CZYZNA;2;21007788
RAJASEKARAN;MÊ¯CZYZNA;2;21007790
I KOMANG AGUS;MÊ¯CZYZNA;2;21007792
DAMDINSUREN;MÊ¯CZYZNA;2;21007794
MD MOSHIUR;MÊ¯CZYZNA;2;21007796
MUSLIKIN;MÊ¯CZYZNA;2;21007798
MUHAMMADAMIN;MÊ¯CZYZNA;2;21007800
GUANGGUI;MÊ¯CZYZNA;2;21007802
YASHPAL SINGH;MÊ¯CZYZNA;2;21007804
CHINGIZKHAN;MÊ¯CZYZNA;2;21007806
FARKAS;MÊ¯CZYZNA;2;21007808
ARVI;MÊ¯CZYZNA;2;21007810
MIHAI-CRISTIAN;MÊ¯CZYZNA;2;21007812
ASZER;MÊ¯CZYZNA;2;21007814
ACAYMO;MÊ¯CZYZNA;2;21007816
PARTHGIRI;MÊ¯CZYZNA;2;21007818
GUEVARA;MÊ¯CZYZNA;2;21007820
DEMENTIY;MÊ¯CZYZNA;2;21007822
YEABTSEGA;MÊ¯CZYZNA;2;21007824
CHANDRASEKARAN;MÊ¯CZYZNA;2;21007826
JEAN MARIE;MÊ¯CZYZNA;2;21007828
I PUTU ADI;MÊ¯CZYZNA;2;21007830
SONG NAM;MÊ¯CZYZNA;2;21007832
MIKUL;MÊ¯CZYZNA;2;21007834
YEVDOKIMOV;MÊ¯CZYZNA;2;21007836
SHUKIUR;MÊ¯CZYZNA;2;21007838
ZOYIR;MÊ¯CZYZNA;2;21007840
GEORGIN;MÊ¯CZYZNA;2;21007842
CHOL JONG;MÊ¯CZYZNA;2;21007844
DILJEET;MÊ¯CZYZNA;2;21007846
FANGPING;MÊ¯CZYZNA;2;21007848
ARNEL JR.;MÊ¯CZYZNA;2;21007850
VÃN TO?N;MÊ¯CZYZNA;2;21007852
ATT?LA;MÊ¯CZYZNA;2;21007854
VÃN T?NH;MÊ¯CZYZNA;2;21007856
ENAN;MÊ¯CZYZNA;2;21007858
GEORGUI;MÊ¯CZYZNA;2;21007860
JIAFENG;MÊ¯CZYZNA;2;21007862
VIET THAI;MÊ¯CZYZNA;2;21007864
TUVSHINBAT;MÊ¯CZYZNA;2;21007866
PHILEAS;MÊ¯CZYZNA;2;21007868
VAITSEKH;MÊ¯CZYZNA;2;21007870
HENRIS;MÊ¯CZYZNA;2;21007872
YUSTYM;MÊ¯CZYZNA;2;21007874
KUBANYCH;MÊ¯CZYZNA;2;21007876
NOV;MÊ¯CZYZNA;2;21007878
SULIEIMAN;MÊ¯CZYZNA;2;21007880
FAIZULLA;MÊ¯CZYZNA;2;21007882
MAYIL;MÊ¯CZYZNA;2;21007884
ABDESSATAR;MÊ¯CZYZNA;2;21007886
AHMAD ZIA;MÊ¯CZYZNA;2;21007888
PIT;MÊ¯CZYZNA;2;21007890
FARAAZ;MÊ¯CZYZNA;2;21007892
SERMII;MÊ¯CZYZNA;2;21007894
ABDÜLSAMET;MÊ¯CZYZNA;2;21007896
ULFERT;MÊ¯CZYZNA;2;21007898
ZAYDEN;MÊ¯CZYZNA;2;21007900
RÃZVAN-IONUÞ;MÊ¯CZYZNA;2;21007902
NAIMUL;MÊ¯CZYZNA;2;21007904
SABIH;MÊ¯CZYZNA;2;21007906
STERIO;MÊ¯CZYZNA;2;21007908
NAM CHOL;MÊ¯CZYZNA;2;21007910
OLKEKSANDR;MÊ¯CZYZNA;2;21007912
SHUANGYI;MÊ¯CZYZNA;2;21007914
AVIROOP;MÊ¯CZYZNA;2;21007916
ERHART;MÊ¯CZYZNA;2;21007918
ABDUL-RAHMAN;MÊ¯CZYZNA;2;21007920
JULLIAN;MÊ¯CZYZNA;2;21007922
BEYBULAT;MÊ¯CZYZNA;2;21007924
HOCHEOL;MÊ¯CZYZNA;2;21007926
SHESHNATH;MÊ¯CZYZNA;2;21007928
PHARNAOZ;MÊ¯CZYZNA;2;21007930
JINDONG;MÊ¯CZYZNA;2;21007932
EZEDDINE;MÊ¯CZYZNA;2;21007934
YARASH;MÊ¯CZYZNA;2;21007936
VIRENDRASINH;MÊ¯CZYZNA;2;21007938
ELOAN;MÊ¯CZYZNA;2;21007940
JEAN-LOUP;MÊ¯CZYZNA;2;21007942
ZHONGJUN;MÊ¯CZYZNA;2;21007944
JAN-MORITZ;MÊ¯CZYZNA;2;21007946
KOLADE;MÊ¯CZYZNA;2;21007948
MD NAZRUL ISLAM;MÊ¯CZYZNA;2;21007950
KLEN;MÊ¯CZYZNA;2;21007952
OLIVIA;MÊ¯CZYZNA;2;21007954
OGOCHUKWU;MÊ¯CZYZNA;2;21007956
BIKO;MÊ¯CZYZNA;2;21007958
MOHAMED EL HADI;MÊ¯CZYZNA;2;21007960
TATOS;MÊ¯CZYZNA;2;21007962
?O?N;MÊ¯CZYZNA;2;21007964
BOUBAKR;MÊ¯CZYZNA;2;21007966
SHUCHUN;MÊ¯CZYZNA;2;21007968
ZIGMONT;MÊ¯CZYZNA;2;21007970
TOBIASH;MÊ¯CZYZNA;2;21007972
RIMANTS;MÊ¯CZYZNA;2;21007974
HAIWU;MÊ¯CZYZNA;2;21007976
MINH ??C;MÊ¯CZYZNA;2;21007978
KASTO;MÊ¯CZYZNA;2;21007980
NAVOT;MÊ¯CZYZNA;2;21007982
LILEK;MÊ¯CZYZNA;2;21007984
DZIOWANI;MÊ¯CZYZNA;2;21007986
GERFRYD;MÊ¯CZYZNA;2;21007988
AMATO;MÊ¯CZYZNA;2;21007990
SZMIL;MÊ¯CZYZNA;2;21007992
DHARMENDRASINH;MÊ¯CZYZNA;2;21007994
ACHACJUSZ;MÊ¯CZYZNA;2;21007996
TARASII;MÊ¯CZYZNA;2;21007998
H?NG K?;MÊ¯CZYZNA;2;21008000
KAYRA;MÊ¯CZYZNA;2;21008002
CHANGXING;MÊ¯CZYZNA;2;21008004
STEVENSON;MÊ¯CZYZNA;2;21008006
JO?O GUILHERME;MÊ¯CZYZNA;2;21008008
KASTJAN;MÊ¯CZYZNA;2;21008010
ARTUS;MÊ¯CZYZNA;2;21008012
EUNSUK;MÊ¯CZYZNA;2;21008014
IOZEF;MÊ¯CZYZNA;2;21008016
MITRII;MÊ¯CZYZNA;2;21008018
MHAMED;MÊ¯CZYZNA;2;21008020
ZAMEN;MÊ¯CZYZNA;2;21008022
QUOC VINH;MÊ¯CZYZNA;2;21008024
GOPIKRISHNA;MÊ¯CZYZNA;2;21008026
HARSHVARDHAN;MÊ¯CZYZNA;2;21008028
RASAL;MÊ¯CZYZNA;2;21008030
OVIDIU-GABRIEL;MÊ¯CZYZNA;2;21008032
ALPES;MÊ¯CZYZNA;2;21008034
HONGSEN;MÊ¯CZYZNA;2;21008036
MALATH;MÊ¯CZYZNA;2;21008038
SANG HEE;MÊ¯CZYZNA;2;21008040
EZZEDINE;MÊ¯CZYZNA;2;21008042
ALEXANER;MÊ¯CZYZNA;2;21008044
SHUBO;MÊ¯CZYZNA;2;21008046
SUME;MÊ¯CZYZNA;2;21008048
VOLORYMYR;MÊ¯CZYZNA;2;21008050
STANLY;MÊ¯CZYZNA;2;21008052
JENISH;MÊ¯CZYZNA;2;21008054
SIVARAMAKRISHNAN;MÊ¯CZYZNA;2;21008056
RYOU;MÊ¯CZYZNA;2;21008058
GULAB SINGH;MÊ¯CZYZNA;2;21008060
VIDYUT;MÊ¯CZYZNA;2;21008062
ABDELMONEM;MÊ¯CZYZNA;2;21008064
CHANDRAKANTH;MÊ¯CZYZNA;2;21008066
MODESTO;MÊ¯CZYZNA;2;21008068
MD ABDUR RAHMAN;MÊ¯CZYZNA;2;21008070
OLUWAROTIMI;MÊ¯CZYZNA;2;21008072
WENYONG;MÊ¯CZYZNA;2;21008074
ABDUL-ROHIM;MÊ¯CZYZNA;2;21008076
KHONGOR;MÊ¯CZYZNA;2;21008078
LILLY;MÊ¯CZYZNA;2;21008080
L?U;MÊ¯CZYZNA;2;21008082
CHITRA BAHADUR;MÊ¯CZYZNA;2;21008084
ERGYUN;MÊ¯CZYZNA;2;21008086
EYASU;MÊ¯CZYZNA;2;21008088
CINAR;MÊ¯CZYZNA;2;21008090
JINMO;MÊ¯CZYZNA;2;21008092
WYSZOMIR;MÊ¯CZYZNA;2;21008094
JERRI;MÊ¯CZYZNA;2;21008096
RONGBING;MÊ¯CZYZNA;2;21008098
AKANIMO;MÊ¯CZYZNA;2;21008100
GWENAËL;MÊ¯CZYZNA;2;21008102
IWAN DWI;MÊ¯CZYZNA;2;21008104
GIDO;MÊ¯CZYZNA;2;21008106
BAKHILE;MÊ¯CZYZNA;2;21008108
MBONISI;MÊ¯CZYZNA;2;21008110
RENADIUSZ;MÊ¯CZYZNA;2;21008112
ADYLKHAN;MÊ¯CZYZNA;2;21008114
DREN;MÊ¯CZYZNA;2;21008116
VIRENDER;MÊ¯CZYZNA;2;21008118
MAJAD;MÊ¯CZYZNA;2;21008120
SANGJOON;MÊ¯CZYZNA;2;21008122
PENKO;MÊ¯CZYZNA;2;21008124
RISHIK;MÊ¯CZYZNA;2;21008126
SAMEEH;MÊ¯CZYZNA;2;21008128
BUMBAYAR;MÊ¯CZYZNA;2;21008130
JUDAE;MÊ¯CZYZNA;2;21008132
LONDON;MÊ¯CZYZNA;2;21008134
NAAMAN;MÊ¯CZYZNA;2;21008136
SHUKURBEK;MÊ¯CZYZNA;2;21008138
SHPAT;MÊ¯CZYZNA;2;21008140
KIREZI;MÊ¯CZYZNA;2;21008142
THANKAPPAN;MÊ¯CZYZNA;2;21008144
NERSE;MÊ¯CZYZNA;2;21008146
YILDIZ;MÊ¯CZYZNA;2;21008148
JEAN-SÉBASTIEN;MÊ¯CZYZNA;2;21008150
TAJINDER SINGH;MÊ¯CZYZNA;2;21008152
ZHONGLI;MÊ¯CZYZNA;2;21008154
SHENGLI;MÊ¯CZYZNA;2;21008156
XUEMING;MÊ¯CZYZNA;2;21008158
REILLY;MÊ¯CZYZNA;2;21008160
GALILEO;MÊ¯CZYZNA;2;21008162
TARASENKO;MÊ¯CZYZNA;2;21008164
EELCO;MÊ¯CZYZNA;2;21008166
BOHOSLAV;MÊ¯CZYZNA;2;21008168
YUEMING;MÊ¯CZYZNA;2;21008170
ROLANT;MÊ¯CZYZNA;2;21008172
ARMANULLAH;MÊ¯CZYZNA;2;21008174
SHAMSUDEEN;MÊ¯CZYZNA;2;21008176
MARK EMIL;MÊ¯CZYZNA;2;21008178
HAM?T;MÊ¯CZYZNA;2;21008180
LIANJUN;MÊ¯CZYZNA;2;21008182
THABISO;MÊ¯CZYZNA;2;21008184
ANTONIJO;MÊ¯CZYZNA;2;21008186
IOVA;MÊ¯CZYZNA;2;21008188
JOHAN STEVEN;MÊ¯CZYZNA;2;21008190
VASILE-CRISTIAN;MÊ¯CZYZNA;2;21008192
MARDIN;MÊ¯CZYZNA;2;21008194
ARNESH;MÊ¯CZYZNA;2;21008196
JESUS ANTONIO;MÊ¯CZYZNA;2;21008198
PRANAVKUMAR;MÊ¯CZYZNA;2;21008200
MASAR;MÊ¯CZYZNA;2;21008202
AMINU;MÊ¯CZYZNA;2;21008204
HAJDER;MÊ¯CZYZNA;2;21008206
BAZAR;MÊ¯CZYZNA;2;21008208
AHMED KHAN;MÊ¯CZYZNA;2;21008210
DYMYR;MÊ¯CZYZNA;2;21008212
HUU CHIEN;MÊ¯CZYZNA;2;21008214
CASSIEL;MÊ¯CZYZNA;2;21008216
FUQING;MÊ¯CZYZNA;2;21008218
LIQUAN;MÊ¯CZYZNA;2;21008220
A?MAD;MÊ¯CZYZNA;2;21008222
ALHASAN;MÊ¯CZYZNA;2;21008224
MAIKOL;MÊ¯CZYZNA;2;21008226
GOTTFRID;MÊ¯CZYZNA;2;21008228
EWGIENIJ;MÊ¯CZYZNA;2;21008230
WALY;MÊ¯CZYZNA;2;21008232
ARHYP;MÊ¯CZYZNA;2;21008234
RAFSUN;MÊ¯CZYZNA;2;21008236
ROZUMBAY;MÊ¯CZYZNA;2;21008238
ABDUL-VAKHID;MÊ¯CZYZNA;2;21008240
MD SHAHRIAR;MÊ¯CZYZNA;2;21008242
KHOTAMBEK;MÊ¯CZYZNA;2;21008244
RAASHID;MÊ¯CZYZNA;2;21008246
M?N;MÊ¯CZYZNA;2;21008248
FRIDRIKH;MÊ¯CZYZNA;2;21008250
ERNI;MÊ¯CZYZNA;2;21008252
XUÂN MINH;MÊ¯CZYZNA;2;21008254
SEONGYUL;MÊ¯CZYZNA;2;21008256
TI?N Ð?T;MÊ¯CZYZNA;2;21008258
HANQING;MÊ¯CZYZNA;2;21008260
BHUSHAN;MÊ¯CZYZNA;2;21008262
CHARANJIT SINGH;MÊ¯CZYZNA;2;21008264
ANVIT;MÊ¯CZYZNA;2;21008266
GURJEET SINGH;MÊ¯CZYZNA;2;21008268
JIWON;MÊ¯CZYZNA;2;21008270
MAKHOSI;MÊ¯CZYZNA;2;21008272
EVHENYI;MÊ¯CZYZNA;2;21008274
KANCHAN;MÊ¯CZYZNA;2;21008276
HYOWON;MÊ¯CZYZNA;2;21008278
QUANG DIEN;MÊ¯CZYZNA;2;21008280
KURVONALI;MÊ¯CZYZNA;2;21008282
PEIBING;MÊ¯CZYZNA;2;21008284
LONGFEI;MÊ¯CZYZNA;2;21008286
PARIVESH;MÊ¯CZYZNA;2;21008288
YUSMANI;MÊ¯CZYZNA;2;21008290
VINH HUNG;MÊ¯CZYZNA;2;21008292
MARKIZ;MÊ¯CZYZNA;2;21008294
NARCISSE;MÊ¯CZYZNA;2;21008296
DAEHEE;MÊ¯CZYZNA;2;21008298
CARLITOS;MÊ¯CZYZNA;2;21008300
SHADRACK;MÊ¯CZYZNA;2;21008302
MD MONIR HOSSAIN;MÊ¯CZYZNA;2;21008304
GUIRGUIS;MÊ¯CZYZNA;2;21008306
SOROOSH;MÊ¯CZYZNA;2;21008308
CAOLAN;MÊ¯CZYZNA;2;21008310
RAFAEL DE JESUS;MÊ¯CZYZNA;2;21008312
KELBY;MÊ¯CZYZNA;2;21008314
FREZER;MÊ¯CZYZNA;2;21008316
SULEIMEN;MÊ¯CZYZNA;2;21008318
BARTOLOMEI;MÊ¯CZYZNA;2;21008320
ALFIAN;MÊ¯CZYZNA;2;21008322
CHENGWEI;MÊ¯CZYZNA;2;21008324
HULUSI;MÊ¯CZYZNA;2;21008326
DINH NHAN;MÊ¯CZYZNA;2;21008328
VITALIN;MÊ¯CZYZNA;2;21008330
ANH PH??NG;MÊ¯CZYZNA;2;21008332
MAHARAM;MÊ¯CZYZNA;2;21008334
SERGIIY;MÊ¯CZYZNA;2;21008336
BALOGHLAN;MÊ¯CZYZNA;2;21008338
VÃN NGH?A;MÊ¯CZYZNA;2;21008340
MUKHAMMADIY;MÊ¯CZYZNA;2;21008342
LIJIN;MÊ¯CZYZNA;2;21008344
TH?CH;MÊ¯CZYZNA;2;21008346
MANVIK;MÊ¯CZYZNA;2;21008348
GULAGHA;MÊ¯CZYZNA;2;21008350
OLIEG;MÊ¯CZYZNA;2;21008352
ELADIO JR.;MÊ¯CZYZNA;2;21008354
DAIWIK;MÊ¯CZYZNA;2;21008356
GUNSOO;MÊ¯CZYZNA;2;21008358
KURDO;MÊ¯CZYZNA;2;21008360
AZAL;MÊ¯CZYZNA;2;21008362
SONG HUN;MÊ¯CZYZNA;2;21008364
CHI-CHIH;MÊ¯CZYZNA;2;21008366
HAFIDZ;MÊ¯CZYZNA;2;21008368
ALIHARDASH;MÊ¯CZYZNA;2;21008370
WILLE;MÊ¯CZYZNA;2;21008372
ORMIR;MÊ¯CZYZNA;2;21008374
GRACYAN;MÊ¯CZYZNA;2;21008376
TIEN CHUNG;MÊ¯CZYZNA;2;21008378
RONAS;MÊ¯CZYZNA;2;21008380
KALWIN;MÊ¯CZYZNA;2;21008382
RYDIGER;MÊ¯CZYZNA;2;21008384
GIAN LUCA;MÊ¯CZYZNA;2;21008386
NAOFUMI;MÊ¯CZYZNA;2;21008388
MATHIEV;MÊ¯CZYZNA;2;21008390
XUAN DUC;MÊ¯CZYZNA;2;21008392
ULKHAN;MÊ¯CZYZNA;2;21008394
MYHKAILO;MÊ¯CZYZNA;2;21008396
SEONGUK;MÊ¯CZYZNA;2;21008398
YIMI;MÊ¯CZYZNA;2;21008400
PAUL-EMMANUEL;MÊ¯CZYZNA;2;21008402
PAPU;MÊ¯CZYZNA;2;21008404
ILLÉS;MÊ¯CZYZNA;2;21008406
PIERRE-FRÉDÉRIC;MÊ¯CZYZNA;2;21008408
KINHSLI;MÊ¯CZYZNA;2;21008410
MAKCIM;MÊ¯CZYZNA;2;21008412
SUNGHYUK;MÊ¯CZYZNA;2;21008414
VAN DIEP;MÊ¯CZYZNA;2;21008416
JERMAIN;MÊ¯CZYZNA;2;21008418
METECAN;MÊ¯CZYZNA;2;21008420
CHIGBO;MÊ¯CZYZNA;2;21008422
DJEMAL;MÊ¯CZYZNA;2;21008424
BAOQI;MÊ¯CZYZNA;2;21008426
QUSAIN;MÊ¯CZYZNA;2;21008428
ZILONG;MÊ¯CZYZNA;2;21008430
ABDURAIM;MÊ¯CZYZNA;2;21008432
MARIUS-IULIAN;MÊ¯CZYZNA;2;21008434
TOJIDDIN;MÊ¯CZYZNA;2;21008436
CHANGJIN;MÊ¯CZYZNA;2;21008438
KIAVASH;MÊ¯CZYZNA;2;21008440
JURAKHON;MÊ¯CZYZNA;2;21008442
IVAN DARIO;MÊ¯CZYZNA;2;21008444
PARTHASARATHY;MÊ¯CZYZNA;2;21008446
ALJI;MÊ¯CZYZNA;2;21008448
MATUIY;MÊ¯CZYZNA;2;21008450
SANGHARSH;MÊ¯CZYZNA;2;21008452
SATYAJEET;MÊ¯CZYZNA;2;21008454
YAZMYRAT;MÊ¯CZYZNA;2;21008456
KEINAN;MÊ¯CZYZNA;2;21008458
ZUFARBEK;MÊ¯CZYZNA;2;21008460
SEOKWON;MÊ¯CZYZNA;2;21008462
SUSHAN;MÊ¯CZYZNA;2;21008464
PHAGANI;MÊ¯CZYZNA;2;21008466
ODIS;MÊ¯CZYZNA;2;21008468
FAWWAZ;MÊ¯CZYZNA;2;21008470
BILOLIDIN;MÊ¯CZYZNA;2;21008472
BAKKIYARAJ;MÊ¯CZYZNA;2;21008474
YONAH;MÊ¯CZYZNA;2;21008476
DIOGENES;MÊ¯CZYZNA;2;21008478
HAO-KAI;MÊ¯CZYZNA;2;21008480
BESHIR;MÊ¯CZYZNA;2;21008482
MEES;MÊ¯CZYZNA;2;21008484
KRESTEN;MÊ¯CZYZNA;2;21008486
MASANOBU;MÊ¯CZYZNA;2;21008488
IHOSVANY;MÊ¯CZYZNA;2;21008490
ABDUL LATHEEF;MÊ¯CZYZNA;2;21008492
TRAJCHE;MÊ¯CZYZNA;2;21008494
DIYAKO;MÊ¯CZYZNA;2;21008496
TAPUWA;MÊ¯CZYZNA;2;21008498
VIATLII;MÊ¯CZYZNA;2;21008500
AIVO;MÊ¯CZYZNA;2;21008502
MAKSYMILIAM;MÊ¯CZYZNA;2;21008504
JAIDEEP;MÊ¯CZYZNA;2;21008506
TEMIR;MÊ¯CZYZNA;2;21008508
ARVO;MÊ¯CZYZNA;2;21008510
VOHIDJON;MÊ¯CZYZNA;2;21008512
DOAN ALI;MÊ¯CZYZNA;2;21008514
HAM;MÊ¯CZYZNA;2;21008516
YERAMEI;MÊ¯CZYZNA;2;21008518
DAVISH;MÊ¯CZYZNA;2;21008520
JIANDE;MÊ¯CZYZNA;2;21008522
JERUSALEM;MÊ¯CZYZNA;2;21008524
DZHASUR;MÊ¯CZYZNA;2;21008526
CHUNG-YU;MÊ¯CZYZNA;2;21008528
SUNGRAE;MÊ¯CZYZNA;2;21008530
CHARISIOS;MÊ¯CZYZNA;2;21008532
SELVEDIN;MÊ¯CZYZNA;2;21008534
ALAMA;MÊ¯CZYZNA;2;21008536
SELVARAJAH;MÊ¯CZYZNA;2;21008538
JOS?;MÊ¯CZYZNA;2;21008540
MIRATS;MÊ¯CZYZNA;2;21008542
AMOTZ;MÊ¯CZYZNA;2;21008544
HARJIT SINGH;MÊ¯CZYZNA;2;21008546
MANIT;MÊ¯CZYZNA;2;21008548
DUK;MÊ¯CZYZNA;2;21008550
DAYRON;MÊ¯CZYZNA;2;21008552
GUANGXIN;MÊ¯CZYZNA;2;21008554
YOGESHBHAI;MÊ¯CZYZNA;2;21008556
ARISTEO;MÊ¯CZYZNA;2;21008558
ELNOR;MÊ¯CZYZNA;2;21008560
HARPAL SINGH;MÊ¯CZYZNA;2;21008562
NICU?OR;MÊ¯CZYZNA;2;21008564
MARVEN;MÊ¯CZYZNA;2;21008566
ARIC;MÊ¯CZYZNA;2;21008568
AMATUNI;MÊ¯CZYZNA;2;21008570
ISHOR;MÊ¯CZYZNA;2;21008572
ILCHIN;MÊ¯CZYZNA;2;21008574
ZHENGHONG;MÊ¯CZYZNA;2;21008576
BERDAN;MÊ¯CZYZNA;2;21008578
HARPINDER SINGH;MÊ¯CZYZNA;2;21008580
PEIYI;MÊ¯CZYZNA;2;21008582
MITRAFAN;MÊ¯CZYZNA;2;21008584
MEHTAB SINGH;MÊ¯CZYZNA;2;21008586
HESET;MÊ¯CZYZNA;2;21008588
MIN JAE;MÊ¯CZYZNA;2;21008590
GREGORII;MÊ¯CZYZNA;2;21008592
QUOC DUONG;MÊ¯CZYZNA;2;21008594
DEONIZ;MÊ¯CZYZNA;2;21008596
KHUSNITDIN;MÊ¯CZYZNA;2;21008598
AKBARSHOKH;MÊ¯CZYZNA;2;21008600
ABSHIR;MÊ¯CZYZNA;2;21008602
TUAN NAM;MÊ¯CZYZNA;2;21008604
BRANIBOR;MÊ¯CZYZNA;2;21008606
VASAN;MÊ¯CZYZNA;2;21008608
CHAMBERLIN;MÊ¯CZYZNA;2;21008610
BAHATI;MÊ¯CZYZNA;2;21008612
SEUNGMYEON;MÊ¯CZYZNA;2;21008614
ADENAUER;MÊ¯CZYZNA;2;21008616
RIXON;MÊ¯CZYZNA;2;21008618
SRIKUMAR;MÊ¯CZYZNA;2;21008620
UKU;MÊ¯CZYZNA;2;21008622
ZYHMUND;MÊ¯CZYZNA;2;21008624
YANYI;MÊ¯CZYZNA;2;21008626
GUOXIAN;MÊ¯CZYZNA;2;21008628
SADYR;MÊ¯CZYZNA;2;21008630
PARVIZI;MÊ¯CZYZNA;2;21008632
JIN HWAN;MÊ¯CZYZNA;2;21008634
SERGHEJ;MÊ¯CZYZNA;2;21008636
JONRID;MÊ¯CZYZNA;2;21008638
YULIUS;MÊ¯CZYZNA;2;21008640
ABDUL WAHID;MÊ¯CZYZNA;2;21008642
VITALII-IVAN;MÊ¯CZYZNA;2;21008644
NERVIN;MÊ¯CZYZNA;2;21008646
KHIMRAJ;MÊ¯CZYZNA;2;21008648
PHÚ;MÊ¯CZYZNA;2;21008650
WEIQUN;MÊ¯CZYZNA;2;21008652
SUGAM;MÊ¯CZYZNA;2;21008654
JURIK;MÊ¯CZYZNA;2;21008656
SABAR;MÊ¯CZYZNA;2;21008658
RESTUTY;MÊ¯CZYZNA;2;21008660
JANARDHAN;MÊ¯CZYZNA;2;21008662
MOO;MÊ¯CZYZNA;2;21008664
YONKO;MÊ¯CZYZNA;2;21008666
DZORDAN;MÊ¯CZYZNA;2;21008668
AYREDIN;MÊ¯CZYZNA;2;21008670
JINFU;MÊ¯CZYZNA;2;21008672
SUNGIN;MÊ¯CZYZNA;2;21008674
XUÂN ANH;MÊ¯CZYZNA;2;21008676
UDOKA;MÊ¯CZYZNA;2;21008678
BALAMURALI;MÊ¯CZYZNA;2;21008680
BOTHWELL;MÊ¯CZYZNA;2;21008682
MANSWED;MÊ¯CZYZNA;2;21008684
BALJOT;MÊ¯CZYZNA;2;21008686
SAPAN;MÊ¯CZYZNA;2;21008688
HARTMUD;MÊ¯CZYZNA;2;21008690
UMARZHAN;MÊ¯CZYZNA;2;21008692
MELQUIADES;MÊ¯CZYZNA;2;21008694
BHAVISH;MÊ¯CZYZNA;2;21008696
SELYAYTIN;MÊ¯CZYZNA;2;21008698
ILYIA;MÊ¯CZYZNA;2;21008700
MERRICK;MÊ¯CZYZNA;2;21008702
SURYAN;MÊ¯CZYZNA;2;21008704
HABIBJON;MÊ¯CZYZNA;2;21008706
MIRZAKHAN;MÊ¯CZYZNA;2;21008708
MATIIV;MÊ¯CZYZNA;2;21008710
ZIKIRILLO;MÊ¯CZYZNA;2;21008712
AZAMATBEK;MÊ¯CZYZNA;2;21008714
DARSHIT;MÊ¯CZYZNA;2;21008716
SEVERI;MÊ¯CZYZNA;2;21008718
YANIEL;MÊ¯CZYZNA;2;21008720
YEONJUN;MÊ¯CZYZNA;2;21008722
VAVRIM;MÊ¯CZYZNA;2;21008724
XUANHUA;MÊ¯CZYZNA;2;21008726
AHMAT;MÊ¯CZYZNA;2;21008728
MYHHAILO;MÊ¯CZYZNA;2;21008730
HO?NG V?;MÊ¯CZYZNA;2;21008732
ZULKIFLI;MÊ¯CZYZNA;2;21008734
KEISHI;MÊ¯CZYZNA;2;21008736
GURLAL SINGH;MÊ¯CZYZNA;2;21008738
ALEMDAR;MÊ¯CZYZNA;2;21008740
ARYN;MÊ¯CZYZNA;2;21008742
SURYA PRASAD;MÊ¯CZYZNA;2;21008744
LISHAY;MÊ¯CZYZNA;2;21008746
H?MMET;MÊ¯CZYZNA;2;21008748
SHAMBAT;MÊ¯CZYZNA;2;21008750
ABDULVAKHOB;MÊ¯CZYZNA;2;21008752
RAIEN;MÊ¯CZYZNA;2;21008754
ADAS;MÊ¯CZYZNA;2;21008756
ASTAM;MÊ¯CZYZNA;2;21008758
HUU VINH;MÊ¯CZYZNA;2;21008760
MD IBRAHIM;MÊ¯CZYZNA;2;21008762
ARCHIMEDES;MÊ¯CZYZNA;2;21008764
BRANCO;MÊ¯CZYZNA;2;21008766
MAHABIR;MÊ¯CZYZNA;2;21008768
JAGANNADHAM;MÊ¯CZYZNA;2;21008770
ZUKHRIDIN;MÊ¯CZYZNA;2;21008772
STASIV;MÊ¯CZYZNA;2;21008774
YOLDAª;MÊ¯CZYZNA;2;21008776
TH? VINH;MÊ¯CZYZNA;2;21008778
TUGAN;MÊ¯CZYZNA;2;21008780
MD SAZZAD;MÊ¯CZYZNA;2;21008782
TUMOFIJ;MÊ¯CZYZNA;2;21008784
MATYI;MÊ¯CZYZNA;2;21008786
GYULER;MÊ¯CZYZNA;2;21008788
YVES-ANTOINE;MÊ¯CZYZNA;2;21008790
MYKHOILO;MÊ¯CZYZNA;2;21008792
DEMIÁN;MÊ¯CZYZNA;2;21008794
GIGIH;MÊ¯CZYZNA;2;21008796
FRANTSISHEK;MÊ¯CZYZNA;2;21008798
GIRIKHAN;MÊ¯CZYZNA;2;21008800
JOSÉ MARIA;MÊ¯CZYZNA;2;21008802
FIORENZO;MÊ¯CZYZNA;2;21008804
ULIL;MÊ¯CZYZNA;2;21008806
UTSAB;MÊ¯CZYZNA;2;21008808
DOUWE;MÊ¯CZYZNA;2;21008810
NYSRET;MÊ¯CZYZNA;2;21008812
TÃNASE;MÊ¯CZYZNA;2;21008814
DERWAN;MÊ¯CZYZNA;2;21008816
MARSJUSZ;MÊ¯CZYZNA;2;21008818
MARIANNA;MÊ¯CZYZNA;2;21008820
TANVIN;MÊ¯CZYZNA;2;21008822
JAVOHIRBEK;MÊ¯CZYZNA;2;21008824
HYTHAM;MÊ¯CZYZNA;2;21008826
NG?C TR??NG;MÊ¯CZYZNA;2;21008828
B?NH MINH;MÊ¯CZYZNA;2;21008830
DONGXIANG;MÊ¯CZYZNA;2;21008832
DONGWAN;MÊ¯CZYZNA;2;21008834
ABDOULAZIZ;MÊ¯CZYZNA;2;21008836
SADADDIN;MÊ¯CZYZNA;2;21008838
SAHMAN;MÊ¯CZYZNA;2;21008840
SAMIP;MÊ¯CZYZNA;2;21008842
TRIANDAFILOS;MÊ¯CZYZNA;2;21008844
LITTON;MÊ¯CZYZNA;2;21008846
FUMIHIKO;MÊ¯CZYZNA;2;21008848
VIET HOA;MÊ¯CZYZNA;2;21008850
DANYK;MÊ¯CZYZNA;2;21008852
HACEL?;MÊ¯CZYZNA;2;21008854
DEDEK;MÊ¯CZYZNA;2;21008856
HAMIDOU;MÊ¯CZYZNA;2;21008858
JUNHAN;MÊ¯CZYZNA;2;21008860
TOHID;MÊ¯CZYZNA;2;21008862
JOEVER;MÊ¯CZYZNA;2;21008864
SHOHEI;MÊ¯CZYZNA;2;21008866
MAKHABAT;MÊ¯CZYZNA;2;21008868
BAISALBEK;MÊ¯CZYZNA;2;21008870
TESFAYE;MÊ¯CZYZNA;2;21008872
XIMENG;MÊ¯CZYZNA;2;21008874
ULEMJ;MÊ¯CZYZNA;2;21008876
AMMI;MÊ¯CZYZNA;2;21008878
DAGOBERD;MÊ¯CZYZNA;2;21008880
SAVELYI;MÊ¯CZYZNA;2;21008882
SARATHBABU;MÊ¯CZYZNA;2;21008884
OSCAR ANDRES;MÊ¯CZYZNA;2;21008886
ADIM;MÊ¯CZYZNA;2;21008888
EDRIAN;MÊ¯CZYZNA;2;21008890
MEHMET SIDIK;MÊ¯CZYZNA;2;21008892
ZULFIGAR;MÊ¯CZYZNA;2;21008894
DEMIRHAN;MÊ¯CZYZNA;2;21008896
AARSH;MÊ¯CZYZNA;2;21008898
EDVINS;MÊ¯CZYZNA;2;21008900
JAGADHEESAN;MÊ¯CZYZNA;2;21008902
SHOICHI;MÊ¯CZYZNA;2;21008904
SAIBAL;MÊ¯CZYZNA;2;21008906
MILIEN;MÊ¯CZYZNA;2;21008908
MENELAOS;MÊ¯CZYZNA;2;21008910
ERDENEKHUYAG;MÊ¯CZYZNA;2;21008912
ZYHFRYD;MÊ¯CZYZNA;2;21008914
SARVJEET;MÊ¯CZYZNA;2;21008916
YINGXING;MÊ¯CZYZNA;2;21008918
JAMALUDDIN;MÊ¯CZYZNA;2;21008920
BRYTON;MÊ¯CZYZNA;2;21008922
SHARIFBOY;MÊ¯CZYZNA;2;21008924
ADETAYO;MÊ¯CZYZNA;2;21008926
NOORDIN;MÊ¯CZYZNA;2;21008928
SILARD;MÊ¯CZYZNA;2;21008930
AKINYEMI;MÊ¯CZYZNA;2;21008932
IAMADIN;MÊ¯CZYZNA;2;21008934
ANISH KUMAR;MÊ¯CZYZNA;2;21008936
BRAJENDRA;MÊ¯CZYZNA;2;21008938
AKTER;MÊ¯CZYZNA;2;21008940
DOYOUNG;MÊ¯CZYZNA;2;21008942
KHOZHIAKBAR;MÊ¯CZYZNA;2;21008944
JUNGSOO;MÊ¯CZYZNA;2;21008946
AHMED ALI M;MÊ¯CZYZNA;2;21008948
UYSAL;MÊ¯CZYZNA;2;21008950
TUGCAN;MÊ¯CZYZNA;2;21008952
RAHMET;MÊ¯CZYZNA;2;21008954
MEDETBEK;MÊ¯CZYZNA;2;21008956
YIPU;MÊ¯CZYZNA;2;21008958
SUDARSONO;MÊ¯CZYZNA;2;21008960
SMAL;MÊ¯CZYZNA;2;21008962
BASHIR AHMAD;MÊ¯CZYZNA;2;21008964
SHUCHENG;MÊ¯CZYZNA;2;21008966
RAKHMANALY;MÊ¯CZYZNA;2;21008968
ANTONIO CARLOS;MÊ¯CZYZNA;2;21008970
SEYFETT?N;MÊ¯CZYZNA;2;21008972
ANANDU;MÊ¯CZYZNA;2;21008974
GENCAY;MÊ¯CZYZNA;2;21008976
SULTANALI;MÊ¯CZYZNA;2;21008978
YUXING;MÊ¯CZYZNA;2;21008980
BALI;MÊ¯CZYZNA;2;21008982
SYLAP;MÊ¯CZYZNA;2;21008984
MAKSADBEK;MÊ¯CZYZNA;2;21008986
JOUL;MÊ¯CZYZNA;2;21008988
KYAW;MÊ¯CZYZNA;2;21008990
SEYED MOSTAFA;MÊ¯CZYZNA;2;21008992
RAM EKBAL;MÊ¯CZYZNA;2;21008994
KEVYN;MÊ¯CZYZNA;2;21008996
CHORNYI;MÊ¯CZYZNA;2;21008998
BALJINNYAM;MÊ¯CZYZNA;2;21009000
MYKHALLO;MÊ¯CZYZNA;2;21009002
HASAN BASRI;MÊ¯CZYZNA;2;21009004
RADZHI;MÊ¯CZYZNA;2;21009006
FASIL;MÊ¯CZYZNA;2;21009008
MESHACK;MÊ¯CZYZNA;2;21009010
NIYOZBEK;MÊ¯CZYZNA;2;21009012
SANADI;MÊ¯CZYZNA;2;21009014
YUN HO;MÊ¯CZYZNA;2;21009016
RAWIL;MÊ¯CZYZNA;2;21009018
T?;MÊ¯CZYZNA;2;21009020
TOMAª;MÊ¯CZYZNA;2;21009022
SAZZAD;MÊ¯CZYZNA;2;21009024
DILLAN;MÊ¯CZYZNA;2;21009026
NURBAY;MÊ¯CZYZNA;2;21009028
ALAUDIN;MÊ¯CZYZNA;2;21009030
HAKAR;MÊ¯CZYZNA;2;21009032
GERMANIK;MÊ¯CZYZNA;2;21009034
SHAKHRIDDIN;MÊ¯CZYZNA;2;21009036
ASGHAR;MÊ¯CZYZNA;2;21009038
HARILAOS;MÊ¯CZYZNA;2;21009040
CHUL HO;MÊ¯CZYZNA;2;21009042
RAYDEL;MÊ¯CZYZNA;2;21009044
MINH HUY;MÊ¯CZYZNA;2;21009046
THÁI HO?NG;MÊ¯CZYZNA;2;21009048
REWAT;MÊ¯CZYZNA;2;21009050
CHAOYUAN;MÊ¯CZYZNA;2;21009052
MAUI;MÊ¯CZYZNA;2;21009054
QARAMAN;MÊ¯CZYZNA;2;21009056
PADMANABHAN;MÊ¯CZYZNA;2;21009058
MUNZER;MÊ¯CZYZNA;2;21009060
YAPENG;MÊ¯CZYZNA;2;21009062
ZAKRIA;MÊ¯CZYZNA;2;21009064
HANS-OTTO;MÊ¯CZYZNA;2;21009066
JORGE ALEXANDER;MÊ¯CZYZNA;2;21009068
GIRGIS;MÊ¯CZYZNA;2;21009070
LUCEK;MÊ¯CZYZNA;2;21009072
DOMINIKO;MÊ¯CZYZNA;2;21009074
HÜRRIYET;MÊ¯CZYZNA;2;21009076
APTULA;MÊ¯CZYZNA;2;21009078
JIN WOOK;MÊ¯CZYZNA;2;21009080
DECHKO;MÊ¯CZYZNA;2;21009082
RIMGAUDAS;MÊ¯CZYZNA;2;21009084
KHU;MÊ¯CZYZNA;2;21009086
ONISIM;MÊ¯CZYZNA;2;21009088
ALVIDAS;MÊ¯CZYZNA;2;21009090
ZHAMBYL;MÊ¯CZYZNA;2;21009092
IULIUS;MÊ¯CZYZNA;2;21009094
V?N Ð?T;MÊ¯CZYZNA;2;21009096
HOSEONG;MÊ¯CZYZNA;2;21009098
ARUN PRASATH;MÊ¯CZYZNA;2;21009100
JONGHYUCK;MÊ¯CZYZNA;2;21009102
DINH MINH;MÊ¯CZYZNA;2;21009104
YOSKO;MÊ¯CZYZNA;2;21009106
TADEAS;MÊ¯CZYZNA;2;21009108
ÈESTMÍR;MÊ¯CZYZNA;2;21009110
ARLET;MÊ¯CZYZNA;2;21009112
SUBHADEEP;MÊ¯CZYZNA;2;21009114
ANANI;MÊ¯CZYZNA;2;21009116
MARQUES;MÊ¯CZYZNA;2;21009118
YINAN;MÊ¯CZYZNA;2;21009120
JEREMIA;MÊ¯CZYZNA;2;21009122
ÐÔNG;MÊ¯CZYZNA;2;21009124
SHUNLI;MÊ¯CZYZNA;2;21009126
TAFIL;MÊ¯CZYZNA;2;21009128
NAVROOP;MÊ¯CZYZNA;2;21009130
HERSZEL;MÊ¯CZYZNA;2;21009132
DO YEON;MÊ¯CZYZNA;2;21009134
JIJUN;MÊ¯CZYZNA;2;21009136
TALMAGE;MÊ¯CZYZNA;2;21009138
ZORIGTBAATAR;MÊ¯CZYZNA;2;21009140
ARAB;MÊ¯CZYZNA;2;21009142
DINH HA;MÊ¯CZYZNA;2;21009144
KAY-UWE;MÊ¯CZYZNA;2;21009146
SHERMAN;MÊ¯CZYZNA;2;21009148
AGNEL;MÊ¯CZYZNA;2;21009150
DONGHUA;MÊ¯CZYZNA;2;21009152
GRZGORZ;MÊ¯CZYZNA;2;21009154
ANTONOV;MÊ¯CZYZNA;2;21009156
REMIN;MÊ¯CZYZNA;2;21009158
HAYUL;MÊ¯CZYZNA;2;21009160
H?NG PHONG;MÊ¯CZYZNA;2;21009162
JANU;MÊ¯CZYZNA;2;21009164
SEHYUN;MÊ¯CZYZNA;2;21009166
MOGEL;MÊ¯CZYZNA;2;21009168
NANDHU;MÊ¯CZYZNA;2;21009170
SOLTANMYRAT;MÊ¯CZYZNA;2;21009172
JIAYU;MÊ¯CZYZNA;2;21009174
W£ADYS£AWA;MÊ¯CZYZNA;2;21009176
SHENGJUN;MÊ¯CZYZNA;2;21009178
MORTAZA;MÊ¯CZYZNA;2;21009180
PRINTO;MÊ¯CZYZNA;2;21009182
FAZEL;MÊ¯CZYZNA;2;21009184
RAVIKANTH;MÊ¯CZYZNA;2;21009186
H?U TR?NG;MÊ¯CZYZNA;2;21009188
TANVER;MÊ¯CZYZNA;2;21009190
SUDRAJAT;MÊ¯CZYZNA;2;21009192
DOROS£AW;MÊ¯CZYZNA;2;21009194
SEVERINUS;MÊ¯CZYZNA;2;21009196
IVAN-VLADYSLAV;MÊ¯CZYZNA;2;21009198
JOYANTA;MÊ¯CZYZNA;2;21009200
ABDULJAWAD;MÊ¯CZYZNA;2;21009202
CHAOFU;MÊ¯CZYZNA;2;21009204
SADIR;MÊ¯CZYZNA;2;21009206
SHUHAO;MÊ¯CZYZNA;2;21009208
GYEONGTAE;MÊ¯CZYZNA;2;21009210
KASSYM;MÊ¯CZYZNA;2;21009212
VOLOSHYN;MÊ¯CZYZNA;2;21009214
ALAK;MÊ¯CZYZNA;2;21009216
OM PRASAD;MÊ¯CZYZNA;2;21009218
RADHOUEN;MÊ¯CZYZNA;2;21009220
TURGUN;MÊ¯CZYZNA;2;21009222
MUHAMMAD NADEEM;MÊ¯CZYZNA;2;21009224
YLIAN;MÊ¯CZYZNA;2;21009226
MAURILIO;MÊ¯CZYZNA;2;21009228
ZAENUDDIN;MÊ¯CZYZNA;2;21009230
TYMOTEI;MÊ¯CZYZNA;2;21009232
ALLI;MÊ¯CZYZNA;2;21009234
AVIRAN;MÊ¯CZYZNA;2;21009236
GIBBS;MÊ¯CZYZNA;2;21009238
HRYHORIEV;MÊ¯CZYZNA;2;21009240
HEKMAT;MÊ¯CZYZNA;2;21009242
FRITS;MÊ¯CZYZNA;2;21009244
RUAIRIDH;MÊ¯CZYZNA;2;21009246
SEUNGWAN;MÊ¯CZYZNA;2;21009248
VIET TUAN;MÊ¯CZYZNA;2;21009250
BISWARUP;MÊ¯CZYZNA;2;21009252
ESTEFANO;MÊ¯CZYZNA;2;21009254
ABDESSLAM;MÊ¯CZYZNA;2;21009256
JAKOWOS;MÊ¯CZYZNA;2;21009258
SUKDEB;MÊ¯CZYZNA;2;21009260
STANI;MÊ¯CZYZNA;2;21009262
ZIQI;MÊ¯CZYZNA;2;21009264
AMANZHOL;MÊ¯CZYZNA;2;21009266
GUSEINOV;MÊ¯CZYZNA;2;21009268
CHYNGYZBEK;MÊ¯CZYZNA;2;21009270
KHARUN;MÊ¯CZYZNA;2;21009272
SHADURDY;MÊ¯CZYZNA;2;21009274
RENDY;MÊ¯CZYZNA;2;21009276
ÜSAME;MÊ¯CZYZNA;2;21009278
LOVISH;MÊ¯CZYZNA;2;21009280
WEIZHI;MÊ¯CZYZNA;2;21009282
KOYCHO;MÊ¯CZYZNA;2;21009284
SAPA;MÊ¯CZYZNA;2;21009286
MEKHRODZH;MÊ¯CZYZNA;2;21009288
GHIYAS;MÊ¯CZYZNA;2;21009290
IULON;MÊ¯CZYZNA;2;21009292
BAZIRGAN;MÊ¯CZYZNA;2;21009294
ANSHI;MÊ¯CZYZNA;2;21009296
KAJTO;MÊ¯CZYZNA;2;21009298
FUHUA;MÊ¯CZYZNA;2;21009300
JANNO;MÊ¯CZYZNA;2;21009302
MIREL;MÊ¯CZYZNA;2;21009304
SELEN;MÊ¯CZYZNA;2;21009306
TOA;MÊ¯CZYZNA;2;21009308
CHEN-MING;MÊ¯CZYZNA;2;21009310
PAPPU KUMAR;MÊ¯CZYZNA;2;21009312
MACHEL;MÊ¯CZYZNA;2;21009314
ISAEV;MÊ¯CZYZNA;2;21009316
INOC?NCIO;MÊ¯CZYZNA;2;21009318
JUST;MÊ¯CZYZNA;2;21009320
BERNO;MÊ¯CZYZNA;2;21009322
GIORGIJ;MÊ¯CZYZNA;2;21009324
BARBOROS;MÊ¯CZYZNA;2;21009326
SASSI;MÊ¯CZYZNA;2;21009328
WEI-YING;MÊ¯CZYZNA;2;21009330
SEYEDAMIRREZA;MÊ¯CZYZNA;2;21009332
HAOTIAN;MÊ¯CZYZNA;2;21009334
CHHETRA;MÊ¯CZYZNA;2;21009336
IWAO;MÊ¯CZYZNA;2;21009338
OYBEKJON;MÊ¯CZYZNA;2;21009340
HEMANSHU;MÊ¯CZYZNA;2;21009342
MINH THIEN;MÊ¯CZYZNA;2;21009344
ABHIJEET SINGH;MÊ¯CZYZNA;2;21009346
BOSUN;MÊ¯CZYZNA;2;21009348
ARNOUT;MÊ¯CZYZNA;2;21009350
MEM?ª;MÊ¯CZYZNA;2;21009352
LAMBRO;MÊ¯CZYZNA;2;21009354
ABDUNNUR;MÊ¯CZYZNA;2;21009356
RICHARDOS;MÊ¯CZYZNA;2;21009358
ANH VAN;MÊ¯CZYZNA;2;21009360
ANDREI-GABRIEL;MÊ¯CZYZNA;2;21009362
YOUN?S;MÊ¯CZYZNA;2;21009364
WSZEBÓR;MÊ¯CZYZNA;2;21009366
TAKURA;MÊ¯CZYZNA;2;21009368
BENJAMINAS;MÊ¯CZYZNA;2;21009370
TYM;MÊ¯CZYZNA;2;21009372
HASAN HÜSEYIN;MÊ¯CZYZNA;2;21009374
HARSH KANUBHAI;MÊ¯CZYZNA;2;21009376
MADE DWI;MÊ¯CZYZNA;2;21009378
CASMUDI;MÊ¯CZYZNA;2;21009380
NOELIO;MÊ¯CZYZNA;2;21009382
ILANGO;MÊ¯CZYZNA;2;21009384
ROZHDEN;MÊ¯CZYZNA;2;21009386
KIANU;MÊ¯CZYZNA;2;21009388
ADITAY;MÊ¯CZYZNA;2;21009390
HERZEL;MÊ¯CZYZNA;2;21009392
ISROPIL;MÊ¯CZYZNA;2;21009394
ANDREI-BOGDAN;MÊ¯CZYZNA;2;21009396
TH? HI?U;MÊ¯CZYZNA;2;21009398
YUNCHAN;MÊ¯CZYZNA;2;21009400
DUDU;MÊ¯CZYZNA;2;21009402
SUNDARA RAO;MÊ¯CZYZNA;2;21009404
ALBERTINO;MÊ¯CZYZNA;2;21009406
PO-YUAN;MÊ¯CZYZNA;2;21009408
FOZILBEK;MÊ¯CZYZNA;2;21009410
MATTHEÜS;MÊ¯CZYZNA;2;21009412
OLIVER-;MÊ¯CZYZNA;2;21009414
SHEEJO;MÊ¯CZYZNA;2;21009416
YIXIAO;MÊ¯CZYZNA;2;21009418
NANDITO;MÊ¯CZYZNA;2;21009420
KIM S?N;MÊ¯CZYZNA;2;21009422
HANFENG;MÊ¯CZYZNA;2;21009424
MOHAMMAD AMIN;MÊ¯CZYZNA;2;21009426
MD TANVIR;MÊ¯CZYZNA;2;21009428
JAWHAR;MÊ¯CZYZNA;2;21009430
JOBST;MÊ¯CZYZNA;2;21009432
HOANG BACH;MÊ¯CZYZNA;2;21009434
MIGELL;MÊ¯CZYZNA;2;21009436
WIELOS£AW;MÊ¯CZYZNA;2;21009438
JUMADURDY;MÊ¯CZYZNA;2;21009440
VÃN THI?N;MÊ¯CZYZNA;2;21009442
NAZARIYI;MÊ¯CZYZNA;2;21009444
JAVKHLAN;MÊ¯CZYZNA;2;21009446
GANBAT;MÊ¯CZYZNA;2;21009448
LIKUN;MÊ¯CZYZNA;2;21009450
LAD?SLAV;MÊ¯CZYZNA;2;21009452
RAKO;MÊ¯CZYZNA;2;21009454
GERHART;MÊ¯CZYZNA;2;21009456
BYUNGCHAN;MÊ¯CZYZNA;2;21009458
RIPAN;MÊ¯CZYZNA;2;21009460
SOBIRDZHON;MÊ¯CZYZNA;2;21009462
YOSUP;MÊ¯CZYZNA;2;21009464
DMYTYRO;MÊ¯CZYZNA;2;21009466
MINGUK;MÊ¯CZYZNA;2;21009468
RITSUKI;MÊ¯CZYZNA;2;21009470
GÖKÇE;MÊ¯CZYZNA;2;21009472
ZHIRONG;MÊ¯CZYZNA;2;21009474
JIACHAO;MÊ¯CZYZNA;2;21009476
RAFIH;MÊ¯CZYZNA;2;21009478
NASIF;MÊ¯CZYZNA;2;21009480
TRINAVA;MÊ¯CZYZNA;2;21009482
NETH;MÊ¯CZYZNA;2;21009484
ELKANA;MÊ¯CZYZNA;2;21009486
QIUYUN;MÊ¯CZYZNA;2;21009488
JAMSHIDDIN;MÊ¯CZYZNA;2;21009490
NONE;MÊ¯CZYZNA;2;21009492
ARTEMIS;MÊ¯CZYZNA;2;21009494
LIAON;MÊ¯CZYZNA;2;21009496
HASANUDIN;MÊ¯CZYZNA;2;21009498
NASRUDIN;MÊ¯CZYZNA;2;21009500
OSAMOR;MÊ¯CZYZNA;2;21009502
AFAN;MÊ¯CZYZNA;2;21009504
YI-CHEN;MÊ¯CZYZNA;2;21009506
HOMIN;MÊ¯CZYZNA;2;21009508
TANIOS;MÊ¯CZYZNA;2;21009510
JAMIYANDORJ;MÊ¯CZYZNA;2;21009512
REMEK;MÊ¯CZYZNA;2;21009514
DINH THINH;MÊ¯CZYZNA;2;21009516
ALBINA;MÊ¯CZYZNA;2;21009518
PRIYANKKUMAR;MÊ¯CZYZNA;2;21009520
YOSNIEL;MÊ¯CZYZNA;2;21009522
JESION;MÊ¯CZYZNA;2;21009524
CHARNJIT;MÊ¯CZYZNA;2;21009526
CHANGYOU;MÊ¯CZYZNA;2;21009528
MAMAN;MÊ¯CZYZNA;2;21009530
MEJO;MÊ¯CZYZNA;2;21009532
YUSUFCAN;MÊ¯CZYZNA;2;21009534
GENADIJUS;MÊ¯CZYZNA;2;21009536
EUGÉNIO;MÊ¯CZYZNA;2;21009538
BIGYAN;MÊ¯CZYZNA;2;21009540
FENGKUI;MÊ¯CZYZNA;2;21009542
VÃN ?I?P;MÊ¯CZYZNA;2;21009544
YEONGSEOK;MÊ¯CZYZNA;2;21009546
ELTI;MÊ¯CZYZNA;2;21009548
JIYOON;MÊ¯CZYZNA;2;21009550
MO'MEN;MÊ¯CZYZNA;2;21009552
GABRIELS;MÊ¯CZYZNA;2;21009554
SUHROBJON;MÊ¯CZYZNA;2;21009556
VITOR MANUEL;MÊ¯CZYZNA;2;21009558
ZAINUL;MÊ¯CZYZNA;2;21009560
GREGORIUS;MÊ¯CZYZNA;2;21009562
JOMIL;MÊ¯CZYZNA;2;21009564
KALEV;MÊ¯CZYZNA;2;21009566
ASKE;MÊ¯CZYZNA;2;21009568
BAYRAMMYRAT;MÊ¯CZYZNA;2;21009570
JUAN JR.;MÊ¯CZYZNA;2;21009572
SUNDER;MÊ¯CZYZNA;2;21009574
HARSHWARDHAN;MÊ¯CZYZNA;2;21009576
MARPAT;MÊ¯CZYZNA;2;21009578
ULAR;MÊ¯CZYZNA;2;21009580
SALAHEDDIN;MÊ¯CZYZNA;2;21009582
LINYONG;MÊ¯CZYZNA;2;21009584
KOUADIO;MÊ¯CZYZNA;2;21009586
KERYM;MÊ¯CZYZNA;2;21009588
QUAZI;MÊ¯CZYZNA;2;21009590
JOT SINGH;MÊ¯CZYZNA;2;21009592
TIRUPATHI;MÊ¯CZYZNA;2;21009594
JOPHIN;MÊ¯CZYZNA;2;21009596
AKAM;MÊ¯CZYZNA;2;21009598
SUCIPTO;MÊ¯CZYZNA;2;21009600
HUMBERTO ANTONIO;MÊ¯CZYZNA;2;21009602
SHERIFF;MÊ¯CZYZNA;2;21009604
GULMAMMAD;MÊ¯CZYZNA;2;21009606
QIUYANG;MÊ¯CZYZNA;2;21009608
THIEN NHAN;MÊ¯CZYZNA;2;21009610
SHAMSIDIN;MÊ¯CZYZNA;2;21009612
KWASI;MÊ¯CZYZNA;2;21009614
SUNGTAEK;MÊ¯CZYZNA;2;21009616
SAYFITDIN;MÊ¯CZYZNA;2;21009618
MINH LONG;MÊ¯CZYZNA;2;21009620
ABDUL KHAKIM;MÊ¯CZYZNA;2;21009622
NAZHIBULLO;MÊ¯CZYZNA;2;21009624
VIGNESWARAN;MÊ¯CZYZNA;2;21009626
ECZELINO;MÊ¯CZYZNA;2;21009628
GÖKER;MÊ¯CZYZNA;2;21009630
MENASZE;MÊ¯CZYZNA;2;21009632
BIZHAN;MÊ¯CZYZNA;2;21009634
RESAT;MÊ¯CZYZNA;2;21009636
ROBERA;MÊ¯CZYZNA;2;21009638
BASTRI;MÊ¯CZYZNA;2;21009640
ABDRAKHIM;MÊ¯CZYZNA;2;21009642
ZAKIRJON;MÊ¯CZYZNA;2;21009644
NURAY;MÊ¯CZYZNA;2;21009646
IBROIM;MÊ¯CZYZNA;2;21009648
EWERSON;MÊ¯CZYZNA;2;21009650
ELAM;MÊ¯CZYZNA;2;21009652
ELBIN;MÊ¯CZYZNA;2;21009654
PRAKASA;MÊ¯CZYZNA;2;21009656
BEIBARS;MÊ¯CZYZNA;2;21009658
TRUNG NAM;MÊ¯CZYZNA;2;21009660
JAMI;MÊ¯CZYZNA;2;21009662
JOYDEB;MÊ¯CZYZNA;2;21009664
TACO;MÊ¯CZYZNA;2;21009666
SEUNGYEOL;MÊ¯CZYZNA;2;21009668
MD ATIKUR;MÊ¯CZYZNA;2;21009670
DAVLATYAR;MÊ¯CZYZNA;2;21009672
RAMZEY;MÊ¯CZYZNA;2;21009674
KATJAN;MÊ¯CZYZNA;2;21009676
BHAVAN;MÊ¯CZYZNA;2;21009678
SANJOK;MÊ¯CZYZNA;2;21009680
MIRHAN;MÊ¯CZYZNA;2;21009682
MD ABDULLA AL;MÊ¯CZYZNA;2;21009684
ABDESSATTAR;MÊ¯CZYZNA;2;21009686
SHARPUDI;MÊ¯CZYZNA;2;21009688
SOMESWARA;MÊ¯CZYZNA;2;21009690
HARDII;MÊ¯CZYZNA;2;21009692
ARUP;MÊ¯CZYZNA;2;21009694
KOO;MÊ¯CZYZNA;2;21009696
ISSAMEDDINE;MÊ¯CZYZNA;2;21009698
BABANUR;MÊ¯CZYZNA;2;21009700
MARUTHI;MÊ¯CZYZNA;2;21009702
NISHIKANT;MÊ¯CZYZNA;2;21009704
ITSUKI;MÊ¯CZYZNA;2;21009706
ENKHMANDAKH;MÊ¯CZYZNA;2;21009708
MUKESHKUMAR;MÊ¯CZYZNA;2;21009710
JOSSELIN;MÊ¯CZYZNA;2;21009712
JOURDAN;MÊ¯CZYZNA;2;21009714
MUKHAMMADIYOR;MÊ¯CZYZNA;2;21009716
MOUSTAFA MOHAMED;MÊ¯CZYZNA;2;21009718
MD TUHIN;MÊ¯CZYZNA;2;21009720
NUSRATILLO;MÊ¯CZYZNA;2;21009722
RUBY;MÊ¯CZYZNA;2;21009724
GOCE;MÊ¯CZYZNA;2;21009726
YU-CHEN;MÊ¯CZYZNA;2;21009728
HIACENT;MÊ¯CZYZNA;2;21009730
TARASH;MÊ¯CZYZNA;2;21009732
ORZIMUROD;MÊ¯CZYZNA;2;21009734
NAFI;MÊ¯CZYZNA;2;21009736
GUANBIAO;MÊ¯CZYZNA;2;21009738
HALIF;MÊ¯CZYZNA;2;21009740
SAIDJALOL;MÊ¯CZYZNA;2;21009742
JEHANZEB;MÊ¯CZYZNA;2;21009744
BAO DUY;MÊ¯CZYZNA;2;21009746
GUTIER;MÊ¯CZYZNA;2;21009748
TENZI;MÊ¯CZYZNA;2;21009750
HYUNJAE;MÊ¯CZYZNA;2;21009752
JANSUKH;MÊ¯CZYZNA;2;21009754
HOUSHANG;MÊ¯CZYZNA;2;21009756
JEAN-THOMAS;MÊ¯CZYZNA;2;21009758
ZAHOOR;MÊ¯CZYZNA;2;21009760
SAIR;MÊ¯CZYZNA;2;21009762
ANTAS;MÊ¯CZYZNA;2;21009764
KRISHNA MOHAN;MÊ¯CZYZNA;2;21009766
CONG DAT;MÊ¯CZYZNA;2;21009768
HOANG VINH;MÊ¯CZYZNA;2;21009770
SOSUKE;MÊ¯CZYZNA;2;21009772
XUEHAI;MÊ¯CZYZNA;2;21009774
GENNAGYIJ;MÊ¯CZYZNA;2;21009776
KANGHO;MÊ¯CZYZNA;2;21009778
NWABUEZE;MÊ¯CZYZNA;2;21009780
KHAS-MAGOMED;MÊ¯CZYZNA;2;21009782
PHUAT;MÊ¯CZYZNA;2;21009784
AMINUDIN;MÊ¯CZYZNA;2;21009786
EMANOEL;MÊ¯CZYZNA;2;21009788
VIET HONG;MÊ¯CZYZNA;2;21009790
BOSHENG;MÊ¯CZYZNA;2;21009792
BINO;MÊ¯CZYZNA;2;21009794
ABDULAZIZBEK;MÊ¯CZYZNA;2;21009796
IVAILO;MÊ¯CZYZNA;2;21009798
KALEEM;MÊ¯CZYZNA;2;21009800
NGOC PHUONG;MÊ¯CZYZNA;2;21009802
ABDUL-MEZHID;MÊ¯CZYZNA;2;21009804
YUMO;MÊ¯CZYZNA;2;21009806
SHIVAJI;MÊ¯CZYZNA;2;21009808
FATEH SINGH;MÊ¯CZYZNA;2;21009810
KEFU;MÊ¯CZYZNA;2;21009812
LAU;MÊ¯CZYZNA;2;21009814
VARSHAM;MÊ¯CZYZNA;2;21009816
MUS'AB;MÊ¯CZYZNA;2;21009818
YANZHONG;MÊ¯CZYZNA;2;21009820
SASZO;MÊ¯CZYZNA;2;21009822
MEHMET SAIT;MÊ¯CZYZNA;2;21009824
TJIBBE;MÊ¯CZYZNA;2;21009826
UTE;MÊ¯CZYZNA;2;21009828
TERGEL;MÊ¯CZYZNA;2;21009830
SYBRAND;MÊ¯CZYZNA;2;21009832
MINGYUN;MÊ¯CZYZNA;2;21009834
TADAHIRO;MÊ¯CZYZNA;2;21009836
HOSE;MÊ¯CZYZNA;2;21009838
MARZYS£AW;MÊ¯CZYZNA;2;21009840
SUNG YONG;MÊ¯CZYZNA;2;21009842
ZHONGQING;MÊ¯CZYZNA;2;21009844
JEROD;MÊ¯CZYZNA;2;21009846
SAIMUMIN;MÊ¯CZYZNA;2;21009848
CYRILLUS;MÊ¯CZYZNA;2;21009850
XUÂN BÁCH;MÊ¯CZYZNA;2;21009852
ERTÜRK;MÊ¯CZYZNA;2;21009854
YONGAN;MÊ¯CZYZNA;2;21009856
ISY;MÊ¯CZYZNA;2;21009858
YUAN-CHEN;MÊ¯CZYZNA;2;21009860
LUID¯I;MÊ¯CZYZNA;2;21009862
TEKHRON;MÊ¯CZYZNA;2;21009864
MARVELL;MÊ¯CZYZNA;2;21009866
MANH LINH;MÊ¯CZYZNA;2;21009868
MASTAN;MÊ¯CZYZNA;2;21009870
MISHO;MÊ¯CZYZNA;2;21009872
VASYLIJ;MÊ¯CZYZNA;2;21009874
SHANPING;MÊ¯CZYZNA;2;21009876
AJIT SINGH;MÊ¯CZYZNA;2;21009878
ROVSHANBEK;MÊ¯CZYZNA;2;21009880
ELIM;MÊ¯CZYZNA;2;21009882
AURANG;MÊ¯CZYZNA;2;21009884
JELCO;MÊ¯CZYZNA;2;21009886
FARZAM;MÊ¯CZYZNA;2;21009888
CHULUUNDORJ;MÊ¯CZYZNA;2;21009890
UZAIR AHMED;MÊ¯CZYZNA;2;21009892
NICOLINO;MÊ¯CZYZNA;2;21009894
EDRISSA;MÊ¯CZYZNA;2;21009896
MOHAMMADMAHDI;MÊ¯CZYZNA;2;21009898
SOBIRIN;MÊ¯CZYZNA;2;21009900
ADMILSON;MÊ¯CZYZNA;2;21009902
ARTIOMI;MÊ¯CZYZNA;2;21009904
IVAN-MAKSYM;MÊ¯CZYZNA;2;21009906
SUNG KYU;MÊ¯CZYZNA;2;21009908
TILLMANN;MÊ¯CZYZNA;2;21009910
SEWAR;MÊ¯CZYZNA;2;21009912
DAVRAN;MÊ¯CZYZNA;2;21009914
XISHUN;MÊ¯CZYZNA;2;21009916
ER;MÊ¯CZYZNA;2;21009918
BADRIDDIN;MÊ¯CZYZNA;2;21009920
JINGHUI;MÊ¯CZYZNA;2;21009922
ESKANDER;MÊ¯CZYZNA;2;21009924
KANGSHENG;MÊ¯CZYZNA;2;21009926
HONEY;MÊ¯CZYZNA;2;21009928
AEP;MÊ¯CZYZNA;2;21009930
IYASU;MÊ¯CZYZNA;2;21009932
BRAHIAM;MÊ¯CZYZNA;2;21009934
BA TOAN;MÊ¯CZYZNA;2;21009936
NORBI;MÊ¯CZYZNA;2;21009938
SOMINAIDU;MÊ¯CZYZNA;2;21009940
SHIYANG;MÊ¯CZYZNA;2;21009942
KONDALARAO;MÊ¯CZYZNA;2;21009944
KENZIE;MÊ¯CZYZNA;2;21009946
SOLIEV;MÊ¯CZYZNA;2;21009948
BRONYSLAV;MÊ¯CZYZNA;2;21009950
VLADYMIR;MÊ¯CZYZNA;2;21009952
ALEXANDAR;MÊ¯CZYZNA;2;21009954
ADRIJAN;MÊ¯CZYZNA;2;21009956
SOFJAN;MÊ¯CZYZNA;2;21009958
CHANG SUN;MÊ¯CZYZNA;2;21009960
ANDREI-CRISTIAN;MÊ¯CZYZNA;2;21009962
REDUAN;MÊ¯CZYZNA;2;21009964
TRAYKO;MÊ¯CZYZNA;2;21009966
ORAZDURDY;MÊ¯CZYZNA;2;21009968
DEZSÕ;MÊ¯CZYZNA;2;21009970
THAI PHUONG;MÊ¯CZYZNA;2;21009972
MUDAR;MÊ¯CZYZNA;2;21009974
ADMIN;MÊ¯CZYZNA;2;21009976
DUY T?NG;MÊ¯CZYZNA;2;21009978
JINHA;MÊ¯CZYZNA;2;21009980
IN SIK;MÊ¯CZYZNA;2;21009982
XIANBING;MÊ¯CZYZNA;2;21009984
KRUTIK;MÊ¯CZYZNA;2;21009986
ESEOGHENE;MÊ¯CZYZNA;2;21009988
VI?T HO?NG;MÊ¯CZYZNA;2;21009990
JAEHEE;MÊ¯CZYZNA;2;21009992
BUTKHUZ;MÊ¯CZYZNA;2;21009994
QUANSHENG;MÊ¯CZYZNA;2;21009996
JONGKIL;MÊ¯CZYZNA;2;21009998
AKARSH;MÊ¯CZYZNA;2;21010000
SIERGIEY;MÊ¯CZYZNA;2;21010002
TEA;MÊ¯CZYZNA;2;21010004
AKILA;MÊ¯CZYZNA;2;21010006
FEREYDOON;MÊ¯CZYZNA;2;21010008
STOIAN;MÊ¯CZYZNA;2;21010010
ANTREAS;MÊ¯CZYZNA;2;21010012
DUC QUY;MÊ¯CZYZNA;2;21010014
TRONG TUE;MÊ¯CZYZNA;2;21010016
CAYO;MÊ¯CZYZNA;2;21010018
HYUNHAK;MÊ¯CZYZNA;2;21010020
MAZLLOM;MÊ¯CZYZNA;2;21010022
SERGHIY;MÊ¯CZYZNA;2;21010024
KEERTHI;MÊ¯CZYZNA;2;21010026
ABHIN;MÊ¯CZYZNA;2;21010028
KANSTANCIN;MÊ¯CZYZNA;2;21010030
TRONG HOANG;MÊ¯CZYZNA;2;21010032
AZADKHAN;MÊ¯CZYZNA;2;21010034
ANVARZHON;MÊ¯CZYZNA;2;21010036
JEAN-MAX;MÊ¯CZYZNA;2;21010038
CSIDOR;MÊ¯CZYZNA;2;21010040
MÜNIR;MÊ¯CZYZNA;2;21010042
MD RABBI;MÊ¯CZYZNA;2;21010044
TYMOFIL;MÊ¯CZYZNA;2;21010046
UMAROV;MÊ¯CZYZNA;2;21010048
HANJIE;MÊ¯CZYZNA;2;21010050
BRZETYS£AW;MÊ¯CZYZNA;2;21010052
CARMEN;MÊ¯CZYZNA;2;21010054
ENDY;MÊ¯CZYZNA;2;21010056
LAKHI;MÊ¯CZYZNA;2;21010058
GRUIA;MÊ¯CZYZNA;2;21010060
QIUPING;MÊ¯CZYZNA;2;21010062
KHALDON;MÊ¯CZYZNA;2;21010064
KAMRON;MÊ¯CZYZNA;2;21010066
VLADYSLAV-DAVYD;MÊ¯CZYZNA;2;21010068
NG?C ANH;MÊ¯CZYZNA;2;21010070
JAYARAJ;MÊ¯CZYZNA;2;21010072
SURENTHIRAN;MÊ¯CZYZNA;2;21010074
BIESLAN;MÊ¯CZYZNA;2;21010076
SHENGKAI;MÊ¯CZYZNA;2;21010078
KESRA;MÊ¯CZYZNA;2;21010080
TUMENDEMBEREL;MÊ¯CZYZNA;2;21010082
ELOUAFI;MÊ¯CZYZNA;2;21010084
HEENAM;MÊ¯CZYZNA;2;21010086
SYLWESTR;MÊ¯CZYZNA;2;21010088
TR?N;MÊ¯CZYZNA;2;21010090
HANAFI;MÊ¯CZYZNA;2;21010092
GOPAL BAHADUR;MÊ¯CZYZNA;2;21010094
RUKHMAN;MÊ¯CZYZNA;2;21010096
ILON;MÊ¯CZYZNA;2;21010098
JASHANPREET;MÊ¯CZYZNA;2;21010100
CHHABILAL;MÊ¯CZYZNA;2;21010102
SIYOUNG;MÊ¯CZYZNA;2;21010104
NAIR;MÊ¯CZYZNA;2;21010106
SAYDEMIN;MÊ¯CZYZNA;2;21010108
MINGRUI;MÊ¯CZYZNA;2;21010110
MARK JOSEPH;MÊ¯CZYZNA;2;21010112
XINRUI;MÊ¯CZYZNA;2;21010114
NQOBANI;MÊ¯CZYZNA;2;21010116
SAVCI;MÊ¯CZYZNA;2;21010118
KIRY££;MÊ¯CZYZNA;2;21010120
YUFU;MÊ¯CZYZNA;2;21010122
NIKIPORE;MÊ¯CZYZNA;2;21010124
HUY TUAN;MÊ¯CZYZNA;2;21010126
VELEMYR;MÊ¯CZYZNA;2;21010128
STANISA£W;MÊ¯CZYZNA;2;21010130
WENXUE;MÊ¯CZYZNA;2;21010132
YAR;MÊ¯CZYZNA;2;21010134
SEVKI;MÊ¯CZYZNA;2;21010136
GURBANNAZAR;MÊ¯CZYZNA;2;21010138
SVIIATOSLAV;MÊ¯CZYZNA;2;21010140
SEUNGYOUNG;MÊ¯CZYZNA;2;21010142
VENKATA RAO;MÊ¯CZYZNA;2;21010144
LUBOS;MÊ¯CZYZNA;2;21010146
BEFIN;MÊ¯CZYZNA;2;21010148
BETSALEL;MÊ¯CZYZNA;2;21010150
BABYCH;MÊ¯CZYZNA;2;21010152
CIPTO;MÊ¯CZYZNA;2;21010154
NONG;MÊ¯CZYZNA;2;21010156
ADHIRAN;MÊ¯CZYZNA;2;21010158
SHALABH;MÊ¯CZYZNA;2;21010160
SARUKHAN;MÊ¯CZYZNA;2;21010162
BAL RAM;MÊ¯CZYZNA;2;21010164
VAN TAO;MÊ¯CZYZNA;2;21010166
JI WON;MÊ¯CZYZNA;2;21010168
WIENFRIED;MÊ¯CZYZNA;2;21010170
ABDULSAMAD;MÊ¯CZYZNA;2;21010172
TIWARI;MÊ¯CZYZNA;2;21010174
CHANSU;MÊ¯CZYZNA;2;21010176
MARINOS;MÊ¯CZYZNA;2;21010178
AIHUA;MÊ¯CZYZNA;2;21010180
ULUGHBEK;MÊ¯CZYZNA;2;21010182
KEMALETTIN;MÊ¯CZYZNA;2;21010184
MAGOMEDKHAN;MÊ¯CZYZNA;2;21010186
HURSHIDBEK;MÊ¯CZYZNA;2;21010188
OKTAWIER;MÊ¯CZYZNA;2;21010190
BERTI;MÊ¯CZYZNA;2;21010192
TRISTYN;MÊ¯CZYZNA;2;21010194
SARIG;MÊ¯CZYZNA;2;21010196
LIANGTONG;MÊ¯CZYZNA;2;21010198
ZULPHIKAR;MÊ¯CZYZNA;2;21010200
B?LG?N;MÊ¯CZYZNA;2;21010202
KORKMAZ;MÊ¯CZYZNA;2;21010204
WLADZIMIER;MÊ¯CZYZNA;2;21010206
KANGHUA;MÊ¯CZYZNA;2;21010208
MAJKL;MÊ¯CZYZNA;2;21010210
KECHEN;MÊ¯CZYZNA;2;21010212
YANNECK;MÊ¯CZYZNA;2;21010214
PIERRE-JEAN;MÊ¯CZYZNA;2;21010216
HO NAM;MÊ¯CZYZNA;2;21010218
MICIO;MÊ¯CZYZNA;2;21010220
AKIHIKO;MÊ¯CZYZNA;2;21010222
HAIMIN;MÊ¯CZYZNA;2;21010224
HECTOR FABIO;MÊ¯CZYZNA;2;21010226
IKHWAN;MÊ¯CZYZNA;2;21010228
ZAKARIYAH;MÊ¯CZYZNA;2;21010230
HAISHENG;MÊ¯CZYZNA;2;21010232
ELIYAH;MÊ¯CZYZNA;2;21010234
ABDALLAKH;MÊ¯CZYZNA;2;21010236
SEVAG;MÊ¯CZYZNA;2;21010238
WOOHYEOK;MÊ¯CZYZNA;2;21010240
KORAL;MÊ¯CZYZNA;2;21010242
SEVASTYAN;MÊ¯CZYZNA;2;21010244
MATÉ;MÊ¯CZYZNA;2;21010246
DARLIN;MÊ¯CZYZNA;2;21010248
KADIRJON;MÊ¯CZYZNA;2;21010250
ªADAN;MÊ¯CZYZNA;2;21010252
GURBHEJ;MÊ¯CZYZNA;2;21010254
OMPRAKASH;MÊ¯CZYZNA;2;21010256
MUKHARBEK;MÊ¯CZYZNA;2;21010258
JAN-LUCA;MÊ¯CZYZNA;2;21010260
XIAOCHUN;MÊ¯CZYZNA;2;21010262
R?DOLFS;MÊ¯CZYZNA;2;21010264
MEÈISLAVAS;MÊ¯CZYZNA;2;21010266
CHARAF;MÊ¯CZYZNA;2;21010268
ALLAUDIN;MÊ¯CZYZNA;2;21010270
MEELIS;MÊ¯CZYZNA;2;21010272
CRISTIAN-IONUÞ;MÊ¯CZYZNA;2;21010274
WENZEL;MÊ¯CZYZNA;2;21010276
XINGHENG;MÊ¯CZYZNA;2;21010278
GUNTRAM;MÊ¯CZYZNA;2;21010280
TAESIK;MÊ¯CZYZNA;2;21010282
LINGYUN;MÊ¯CZYZNA;2;21010284
KAMBAR;MÊ¯CZYZNA;2;21010286
BOON;MÊ¯CZYZNA;2;21010288
DEVIZ;MÊ¯CZYZNA;2;21010290
JEKUTIEL;MÊ¯CZYZNA;2;21010292
VÃN GIÁP;MÊ¯CZYZNA;2;21010294
GERTRUD;MÊ¯CZYZNA;2;21010296
VELKO;MÊ¯CZYZNA;2;21010298
NG?C KH??NG;MÊ¯CZYZNA;2;21010300
TOWIA;MÊ¯CZYZNA;2;21010302
VI?T C??NG;MÊ¯CZYZNA;2;21010304
LKHAGVA;MÊ¯CZYZNA;2;21010306
ALEXSANDRU;MÊ¯CZYZNA;2;21010308
AMEDEE;MÊ¯CZYZNA;2;21010310
PILIMON;MÊ¯CZYZNA;2;21010312
SHAIN;MÊ¯CZYZNA;2;21010314
THIN;MÊ¯CZYZNA;2;21010316
MARY;MÊ¯CZYZNA;2;21010318
TAIYANG;MÊ¯CZYZNA;2;21010320
XUAN THAO;MÊ¯CZYZNA;2;21010322
SILVESTAR;MÊ¯CZYZNA;2;21010324
JANEESH;MÊ¯CZYZNA;2;21010326
ROSTYSLAV-ROMAN;MÊ¯CZYZNA;2;21010328
INBEOM;MÊ¯CZYZNA;2;21010330
KYUNG CHUL;MÊ¯CZYZNA;2;21010332
THYMOTY;MÊ¯CZYZNA;2;21010334
SUNEESH;MÊ¯CZYZNA;2;21010336
JAKER;MÊ¯CZYZNA;2;21010338
DÃNU?;MÊ¯CZYZNA;2;21010340
ADRIAN-MARIAN;MÊ¯CZYZNA;2;21010342
MANASSE;MÊ¯CZYZNA;2;21010344
MALFRED;MÊ¯CZYZNA;2;21010346
JIALONG;MÊ¯CZYZNA;2;21010348
PETRONEL;MÊ¯CZYZNA;2;21010350
PO;MÊ¯CZYZNA;2;21010352
LYAM;MÊ¯CZYZNA;2;21010354
HANA;MÊ¯CZYZNA;2;21010356
BA HOANG;MÊ¯CZYZNA;2;21010358
KAILAN;MÊ¯CZYZNA;2;21010360
VIRGILIO JR.;MÊ¯CZYZNA;2;21010362
ALIZAR;MÊ¯CZYZNA;2;21010364
TETSUAKI;MÊ¯CZYZNA;2;21010366
ABDULFETAH;MÊ¯CZYZNA;2;21010368
EGNATE;MÊ¯CZYZNA;2;21010370
ELIZER;MÊ¯CZYZNA;2;21010372
PAARTH;MÊ¯CZYZNA;2;21010374
KHASH-ERDENE;MÊ¯CZYZNA;2;21010376
KULBEER SINGH;MÊ¯CZYZNA;2;21010378
MINGLONG;MÊ¯CZYZNA;2;21010380
LUO;MÊ¯CZYZNA;2;21010382
PERLITO;MÊ¯CZYZNA;2;21010384
SOUNG MAN;MÊ¯CZYZNA;2;21010386
JAGANNADHARAO;MÊ¯CZYZNA;2;21010388
MING-YUAN;MÊ¯CZYZNA;2;21010390
GARAY;MÊ¯CZYZNA;2;21010392
SAD?;MÊ¯CZYZNA;2;21010394
JOASH;MÊ¯CZYZNA;2;21010396
EELKO;MÊ¯CZYZNA;2;21010398
MUNKHDORJ;MÊ¯CZYZNA;2;21010400
HASEEBULLAH;MÊ¯CZYZNA;2;21010402
ROMNEY;MÊ¯CZYZNA;2;21010404
BADRELDIN;MÊ¯CZYZNA;2;21010406
TALHAT;MÊ¯CZYZNA;2;21010408
HARETH;MÊ¯CZYZNA;2;21010410
READ;MÊ¯CZYZNA;2;21010412
SY TRUNG;MÊ¯CZYZNA;2;21010414
GURPAL SINGH;MÊ¯CZYZNA;2;21010416
JANALI;MÊ¯CZYZNA;2;21010418
ANATO£IJ;MÊ¯CZYZNA;2;21010420
JOEP;MÊ¯CZYZNA;2;21010422
RENAULT;MÊ¯CZYZNA;2;21010424
BOM BAHADUR;MÊ¯CZYZNA;2;21010426
MD AMINUL ISLAM;MÊ¯CZYZNA;2;21010428
ZISHAN;MÊ¯CZYZNA;2;21010430
HUU PHUC;MÊ¯CZYZNA;2;21010432
KHAIS;MÊ¯CZYZNA;2;21010434
KOVALCHUK;MÊ¯CZYZNA;2;21010436
FLORO;MÊ¯CZYZNA;2;21010438
HEIDER;MÊ¯CZYZNA;2;21010440
BAHATTIN;MÊ¯CZYZNA;2;21010442
BENTLY;MÊ¯CZYZNA;2;21010444
HASAN ALI;MÊ¯CZYZNA;2;21010446
MD RAYHAN;MÊ¯CZYZNA;2;21010448
DZMIRTY;MÊ¯CZYZNA;2;21010450
FAKI;MÊ¯CZYZNA;2;21010452
JOREL;MÊ¯CZYZNA;2;21010454
CEYLANI;MÊ¯CZYZNA;2;21010456
ALIAXANDR;MÊ¯CZYZNA;2;21010458
STEPHANOS;MÊ¯CZYZNA;2;21010460
VIUSAL;MÊ¯CZYZNA;2;21010462
LUIS DANIEL;MÊ¯CZYZNA;2;21010464
OSCAR DANIEL;MÊ¯CZYZNA;2;21010466
DMYTROV;MÊ¯CZYZNA;2;21010468
SANDEL;MÊ¯CZYZNA;2;21010470
JINQUAN;MÊ¯CZYZNA;2;21010472
CESLOVAS;MÊ¯CZYZNA;2;21010474
JONG NAM;MÊ¯CZYZNA;2;21010476
DEIVI;MÊ¯CZYZNA;2;21010478
SARANTIS;MÊ¯CZYZNA;2;21010480
NGOC KHANH;MÊ¯CZYZNA;2;21010482
LJUPÈO;MÊ¯CZYZNA;2;21010484
BAKHRAMJON;MÊ¯CZYZNA;2;21010486
JULIO JR.;MÊ¯CZYZNA;2;21010488
M?NS;MÊ¯CZYZNA;2;21010490
KUREYSH;MÊ¯CZYZNA;2;21010492
UMESHKUMAR;MÊ¯CZYZNA;2;21010494
KYUNG MIN;MÊ¯CZYZNA;2;21010496
MASAUD;MÊ¯CZYZNA;2;21010498
MERIC;MÊ¯CZYZNA;2;21010500
DHANPATI;MÊ¯CZYZNA;2;21010502
BEIBEI;MÊ¯CZYZNA;2;21010504
TEMIRTAS;MÊ¯CZYZNA;2;21010506
VOSKAN;MÊ¯CZYZNA;2;21010508
STELIO;MÊ¯CZYZNA;2;21010510
JADER;MÊ¯CZYZNA;2;21010512
SWJATOS£AW;MÊ¯CZYZNA;2;21010514
EDGARDS;MÊ¯CZYZNA;2;21010516
DYLLAN;MÊ¯CZYZNA;2;21010518
TÁ;MÊ¯CZYZNA;2;21010520
HYDER;MÊ¯CZYZNA;2;21010522
BRAHIMA;MÊ¯CZYZNA;2;21010524
XIANGYUN;MÊ¯CZYZNA;2;21010526
OSKARI;MÊ¯CZYZNA;2;21010528
THANH LINH;MÊ¯CZYZNA;2;21010530
NAZARIU;MÊ¯CZYZNA;2;21010532
KIKO;MÊ¯CZYZNA;2;21010534
IASIR;MÊ¯CZYZNA;2;21010536
CHIHAB;MÊ¯CZYZNA;2;21010538
ZYKFRYD;MÊ¯CZYZNA;2;21010540
JIANYANG;MÊ¯CZYZNA;2;21010542
DANIAN;MÊ¯CZYZNA;2;21010544
YUKAI;MÊ¯CZYZNA;2;21010546
WILLIBRORDUS;MÊ¯CZYZNA;2;21010548
ARSHAM;MÊ¯CZYZNA;2;21010550
IUSIB;MÊ¯CZYZNA;2;21010552
RANGGA;MÊ¯CZYZNA;2;21010554
RAMIH;MÊ¯CZYZNA;2;21010556
RUFINO;MÊ¯CZYZNA;2;21010558
SETIO;MÊ¯CZYZNA;2;21010560
RENNE;MÊ¯CZYZNA;2;21010562
RÉMON;MÊ¯CZYZNA;2;21010564
EDWIN ALIRIO;MÊ¯CZYZNA;2;21010566
REIAN;MÊ¯CZYZNA;2;21010568
PITAM;MÊ¯CZYZNA;2;21010570
DANSON;MÊ¯CZYZNA;2;21010572
ZILL;MÊ¯CZYZNA;2;21010574
KHUSAIN;MÊ¯CZYZNA;2;21010576
JERRY JR;MÊ¯CZYZNA;2;21010578
AYOKUNLE;MÊ¯CZYZNA;2;21010580
LETO;MÊ¯CZYZNA;2;21010582
BHAWAN;MÊ¯CZYZNA;2;21010584
SHIH-KAI;MÊ¯CZYZNA;2;21010586
ZÜLFÜ;MÊ¯CZYZNA;2;21010588
NAZER;MÊ¯CZYZNA;2;21010590
RAJWINDER SINGH;MÊ¯CZYZNA;2;21010592
YOSHI;MÊ¯CZYZNA;2;21010594
ABDUL HAMID;MÊ¯CZYZNA;2;21010596
THOBIAS;MÊ¯CZYZNA;2;21010598
HAMMAM;MÊ¯CZYZNA;2;21010600
COSMIN-MARIUS;MÊ¯CZYZNA;2;21010602
XUAN NGOC;MÊ¯CZYZNA;2;21010604
LEONS;MÊ¯CZYZNA;2;21010606
CAV?T;MÊ¯CZYZNA;2;21010608
KHUMOYUNBEK;MÊ¯CZYZNA;2;21010610
ALMER;MÊ¯CZYZNA;2;21010612
FELIKSAS;MÊ¯CZYZNA;2;21010614
DEONISIE;MÊ¯CZYZNA;2;21010616
SOTARO;MÊ¯CZYZNA;2;21010618
HONGFU;MÊ¯CZYZNA;2;21010620
TAZUL;MÊ¯CZYZNA;2;21010622
ANAS;MÊ¯CZYZNA;2;21010624
AVELI;MÊ¯CZYZNA;2;21010626
TRENTON;MÊ¯CZYZNA;2;21010628
CHONGLI;MÊ¯CZYZNA;2;21010630
ZOHAN;MÊ¯CZYZNA;2;21010632
?LKERCAN;MÊ¯CZYZNA;2;21010634
GONG;MÊ¯CZYZNA;2;21010636
SE JUN;MÊ¯CZYZNA;2;21010638
WELINGTON;MÊ¯CZYZNA;2;21010640
OREOLUWA;MÊ¯CZYZNA;2;21010642
ARUT;MÊ¯CZYZNA;2;21010644
AKHLIDIN;MÊ¯CZYZNA;2;21010646
LIRIAN;MÊ¯CZYZNA;2;21010648
CUN;MÊ¯CZYZNA;2;21010650
XUEBO;MÊ¯CZYZNA;2;21010652
AD?MUT;MÊ¯CZYZNA;2;21010654
TU?BERK;MÊ¯CZYZNA;2;21010656
SUMANT;MÊ¯CZYZNA;2;21010658
QUANG TH?NH;MÊ¯CZYZNA;2;21010660
CHAMAN LAL;MÊ¯CZYZNA;2;21010662
SARWAN;MÊ¯CZYZNA;2;21010664
DOJIN;MÊ¯CZYZNA;2;21010666
JONGSOO;MÊ¯CZYZNA;2;21010668
GOVARDHAN;MÊ¯CZYZNA;2;21010670
VALDIMER;MÊ¯CZYZNA;2;21010672
MENGISTU;MÊ¯CZYZNA;2;21010674
VAN KHA;MÊ¯CZYZNA;2;21010676
BHAGAVAN;MÊ¯CZYZNA;2;21010678
PRASATH;MÊ¯CZYZNA;2;21010680
JABRAN;MÊ¯CZYZNA;2;21010682
MER?H;MÊ¯CZYZNA;2;21010684
SEUNGOH;MÊ¯CZYZNA;2;21010686
DMYTRO-ANDRII;MÊ¯CZYZNA;2;21010688
XIONGGUANG;MÊ¯CZYZNA;2;21010690
SOYIBJON;MÊ¯CZYZNA;2;21010692
CVIATOSLAV;MÊ¯CZYZNA;2;21010694
MITUSHA;MÊ¯CZYZNA;2;21010696
JOWIE;MÊ¯CZYZNA;2;21010698
MYKHAILO-BOHDAN;MÊ¯CZYZNA;2;21010700
ALJOSCHA;MÊ¯CZYZNA;2;21010702
VYTALII;MÊ¯CZYZNA;2;21010704
AWSAN;MÊ¯CZYZNA;2;21010706
YUXIAO;MÊ¯CZYZNA;2;21010708
KRISTIJONAS;MÊ¯CZYZNA;2;21010710
MERIDJAN;MÊ¯CZYZNA;2;21010712
JAESEONG;MÊ¯CZYZNA;2;21010714
DONGWOOK;MÊ¯CZYZNA;2;21010716
SOVETBEK;MÊ¯CZYZNA;2;21010718
JEIHUN;MÊ¯CZYZNA;2;21010720
TOLIK;MÊ¯CZYZNA;2;21010722
BAOGUI;MÊ¯CZYZNA;2;21010724
JALPESH;MÊ¯CZYZNA;2;21010726
YEN-CHUN;MÊ¯CZYZNA;2;21010728
SCIAPAN;MÊ¯CZYZNA;2;21010730
SAYDMAGOMED;MÊ¯CZYZNA;2;21010732
CHACKO;MÊ¯CZYZNA;2;21010734
ELDOS;MÊ¯CZYZNA;2;21010736
ALUSINE;MÊ¯CZYZNA;2;21010738
ZYON;MÊ¯CZYZNA;2;21010740
JONGSEO;MÊ¯CZYZNA;2;21010742
BIKRAMJEET SINGH;MÊ¯CZYZNA;2;21010744
DAI NGHIA;MÊ¯CZYZNA;2;21010746
ZHOVKHAR;MÊ¯CZYZNA;2;21010748
BONGJUN;MÊ¯CZYZNA;2;21010750
ZENONAS;MÊ¯CZYZNA;2;21010752
M?TAT;MÊ¯CZYZNA;2;21010754
SHAHRUH;MÊ¯CZYZNA;2;21010756
HENDERIKUS;MÊ¯CZYZNA;2;21010758
ABDINASIR;MÊ¯CZYZNA;2;21010760
THANH KHANH;MÊ¯CZYZNA;2;21010762
WEIXIANG;MÊ¯CZYZNA;2;21010764
MINHUA;MÊ¯CZYZNA;2;21010766
MULLOJON;MÊ¯CZYZNA;2;21010768
MYUSRET;MÊ¯CZYZNA;2;21010770
MYER;MÊ¯CZYZNA;2;21010772
BONHEUR;MÊ¯CZYZNA;2;21010774
BELQASSIM;MÊ¯CZYZNA;2;21010776
LOAI;MÊ¯CZYZNA;2;21010778
VOLKHARD;MÊ¯CZYZNA;2;21010780
CHUL WOONG;MÊ¯CZYZNA;2;21010782
MUDIT;MÊ¯CZYZNA;2;21010784
?VALDS;MÊ¯CZYZNA;2;21010786
STILIANOS;MÊ¯CZYZNA;2;21010788
ATHUMAN;MÊ¯CZYZNA;2;21010790
SAMARBEK;MÊ¯CZYZNA;2;21010792
SAILENDRA;MÊ¯CZYZNA;2;21010794
AISTIS;MÊ¯CZYZNA;2;21010796
SELEHATTIN;MÊ¯CZYZNA;2;21010798
SEYFAL;MÊ¯CZYZNA;2;21010800
MD RAZAUL;MÊ¯CZYZNA;2;21010802
MINSEO;MÊ¯CZYZNA;2;21010804
DUC BINH;MÊ¯CZYZNA;2;21010806
GUOYANG;MÊ¯CZYZNA;2;21010808
SRIPATHI;MÊ¯CZYZNA;2;21010810
ZACHARI;MÊ¯CZYZNA;2;21010812
KAIHAN;MÊ¯CZYZNA;2;21010814
BARAT;MÊ¯CZYZNA;2;21010816
SATTOR;MÊ¯CZYZNA;2;21010818
RUIAL;MÊ¯CZYZNA;2;21010820
RATNAKAR;MÊ¯CZYZNA;2;21010822
LAWRANCE;MÊ¯CZYZNA;2;21010824
SAJFULAH;MÊ¯CZYZNA;2;21010826
BRUNELLO;MÊ¯CZYZNA;2;21010828
ALEXANDRIN;MÊ¯CZYZNA;2;21010830
MOHAMMED ZAHIR;MÊ¯CZYZNA;2;21010832
RUBIAN;MÊ¯CZYZNA;2;21010834
RA'AD;MÊ¯CZYZNA;2;21010836
DIARMAID;MÊ¯CZYZNA;2;21010838
AKOPH;MÊ¯CZYZNA;2;21010840
LAKHAN;MÊ¯CZYZNA;2;21010842
CHULOH;MÊ¯CZYZNA;2;21010844
KIYANSH;MÊ¯CZYZNA;2;21010846
XUEJIE;MÊ¯CZYZNA;2;21010848
FAREDIN;MÊ¯CZYZNA;2;21010850
LIBOMYR;MÊ¯CZYZNA;2;21010852
HAOYANG;MÊ¯CZYZNA;2;21010854
DAVLATJON;MÊ¯CZYZNA;2;21010856
NEXHMEDIN;MÊ¯CZYZNA;2;21010858
JAKO;MÊ¯CZYZNA;2;21010860
DALIN;MÊ¯CZYZNA;2;21010862
ERVIST;MÊ¯CZYZNA;2;21010864
JAGTAR;MÊ¯CZYZNA;2;21010866
GOJA;MÊ¯CZYZNA;2;21010868
MOHAMMED ABDUR;MÊ¯CZYZNA;2;21010870
LEONCIO;MÊ¯CZYZNA;2;21010872
BJARKI;MÊ¯CZYZNA;2;21010874
TEJA;MÊ¯CZYZNA;2;21010876
DILRAJ SINGH;MÊ¯CZYZNA;2;21010878
DARIJU;MÊ¯CZYZNA;2;21010880
GERT-INGE;MÊ¯CZYZNA;2;21010882
RAULS;MÊ¯CZYZNA;2;21010884
ERD¯AN;MÊ¯CZYZNA;2;21010886
ROMAN LEON;MÊ¯CZYZNA;2;21010888
SVIATASLAW;MÊ¯CZYZNA;2;21010890
DANGIS;MÊ¯CZYZNA;2;21010892
JORGE ALEXANDRE;MÊ¯CZYZNA;2;21010894
AKHMADKHON;MÊ¯CZYZNA;2;21010896
YOUNGSEOK;MÊ¯CZYZNA;2;21010898
OZDEMIR;MÊ¯CZYZNA;2;21010900
SEONGWOO;MÊ¯CZYZNA;2;21010902
NIZAMKHAN;MÊ¯CZYZNA;2;21010904
RABIL;MÊ¯CZYZNA;2;21010906
MATSVEJ;MÊ¯CZYZNA;2;21010908
JAEKYU;MÊ¯CZYZNA;2;21010910
GASSER;MÊ¯CZYZNA;2;21010912
KARMEL;MÊ¯CZYZNA;2;21010914
KELLEN;MÊ¯CZYZNA;2;21010916
HUY Ð?C;MÊ¯CZYZNA;2;21010918
PERPARIM;MÊ¯CZYZNA;2;21010920
HOANG HIEP;MÊ¯CZYZNA;2;21010922
TACETTIN;MÊ¯CZYZNA;2;21010924
VANIAMIN;MÊ¯CZYZNA;2;21010926
CHI THANH;MÊ¯CZYZNA;2;21010928
VIJITHA;MÊ¯CZYZNA;2;21010930
BORU;MÊ¯CZYZNA;2;21010932
VENTZISLAV;MÊ¯CZYZNA;2;21010934
MANVENDRA;MÊ¯CZYZNA;2;21010936
APPLE;MÊ¯CZYZNA;2;21010938
FAZLUL;MÊ¯CZYZNA;2;21010940
BABI;MÊ¯CZYZNA;2;21010942
YRJÖ;MÊ¯CZYZNA;2;21010944
SICONG;MÊ¯CZYZNA;2;21010946
NAURI;MÊ¯CZYZNA;2;21010948
KRUPESHKUMAR;MÊ¯CZYZNA;2;21010950
DYMITRIJ;MÊ¯CZYZNA;2;21010952
HEIMO;MÊ¯CZYZNA;2;21010954
DYMOS;MÊ¯CZYZNA;2;21010956
DAWOR;MÊ¯CZYZNA;2;21010958
KUTLUHAN;MÊ¯CZYZNA;2;21010960
JONO;MÊ¯CZYZNA;2;21010962
ZHENIA;MÊ¯CZYZNA;2;21010964
ABDULHAFIZ;MÊ¯CZYZNA;2;21010966
ARUNAV;MÊ¯CZYZNA;2;21010968
ABDUL-KARIM;MÊ¯CZYZNA;2;21010970
SA?M;MÊ¯CZYZNA;2;21010972
IVA;MÊ¯CZYZNA;2;21010974
TANBIR;MÊ¯CZYZNA;2;21010976
ABDUL KARIM;MÊ¯CZYZNA;2;21010978
JUNGBIN;MÊ¯CZYZNA;2;21010980
SAMIDDIN;MÊ¯CZYZNA;2;21010982
?MRAN;MÊ¯CZYZNA;2;21010984
SUJITH KUMAR;MÊ¯CZYZNA;2;21010986
TI?N MINH;MÊ¯CZYZNA;2;21010988
MINATO;MÊ¯CZYZNA;2;21010990
QAMRAN;MÊ¯CZYZNA;2;21010992
SIME;MÊ¯CZYZNA;2;21010994
QUANHUA;MÊ¯CZYZNA;2;21010996
RACHUL;MÊ¯CZYZNA;2;21010998
MAKSIIM;MÊ¯CZYZNA;2;21011000
DEN?ZHAN;MÊ¯CZYZNA;2;21011002
LIUJUN;MÊ¯CZYZNA;2;21011004
ISHAAQ;MÊ¯CZYZNA;2;21011006
SERGY;MÊ¯CZYZNA;2;21011008
MODRIS;MÊ¯CZYZNA;2;21011010
ERGÜL;MÊ¯CZYZNA;2;21011012
HEYI;MÊ¯CZYZNA;2;21011014
THAI ANH;MÊ¯CZYZNA;2;21011016
ESMER;MÊ¯CZYZNA;2;21011018
MAIR;MÊ¯CZYZNA;2;21011020
FUCHEN;MÊ¯CZYZNA;2;21011022
HONZA;MÊ¯CZYZNA;2;21011024
GIBRIEL;MÊ¯CZYZNA;2;21011026
DYACHENKO;MÊ¯CZYZNA;2;21011028
KARMELLO;MÊ¯CZYZNA;2;21011030
ALI BURAK;MÊ¯CZYZNA;2;21011032
ABDUL-RAKHMAN;MÊ¯CZYZNA;2;21011034
DORTGULY;MÊ¯CZYZNA;2;21011036
ROZYGELDI;MÊ¯CZYZNA;2;21011038
AKHATKHON;MÊ¯CZYZNA;2;21011040
MOHSAN;MÊ¯CZYZNA;2;21011042
VALENTAS;MÊ¯CZYZNA;2;21011044
AHMED ALI A;MÊ¯CZYZNA;2;21011046
SHIVEN;MÊ¯CZYZNA;2;21011048
MUSAFIR;MÊ¯CZYZNA;2;21011050
AHMET HAKAN;MÊ¯CZYZNA;2;21011052
LE LOI;MÊ¯CZYZNA;2;21011054
AHREN;MÊ¯CZYZNA;2;21011056
HASPAR;MÊ¯CZYZNA;2;21011058
HAIFU;MÊ¯CZYZNA;2;21011060
BAOAN;MÊ¯CZYZNA;2;21011062
ZIMOWID;MÊ¯CZYZNA;2;21011064
MECHISLAV;MÊ¯CZYZNA;2;21011066
JINHYUN;MÊ¯CZYZNA;2;21011068
YALING;MÊ¯CZYZNA;2;21011070
PERFECT;MÊ¯CZYZNA;2;21011072
ENKHZORIG;MÊ¯CZYZNA;2;21011074
MARIAN-CRISTIAN;MÊ¯CZYZNA;2;21011076
JASEN;MÊ¯CZYZNA;2;21011078
TEMPLE;MÊ¯CZYZNA;2;21011080
XUAN NGUYEN;MÊ¯CZYZNA;2;21011082
RAZIBUL;MÊ¯CZYZNA;2;21011084
MANAT;MÊ¯CZYZNA;2;21011086
MARIUS-GHEORGHE;MÊ¯CZYZNA;2;21011088
SHAO;MÊ¯CZYZNA;2;21011090
IEROTHEOS;MÊ¯CZYZNA;2;21011092
TAKEYUKI;MÊ¯CZYZNA;2;21011094
EL HOUCEINE;MÊ¯CZYZNA;2;21011096
THOUFEEK;MÊ¯CZYZNA;2;21011098
HÜSAMETT?N;MÊ¯CZYZNA;2;21011100
SAJIMON;MÊ¯CZYZNA;2;21011102
HIMIS£AW;MÊ¯CZYZNA;2;21011104
CHIZARAM;MÊ¯CZYZNA;2;21011106
KYÖSTI;MÊ¯CZYZNA;2;21011108
SHUMPEI;MÊ¯CZYZNA;2;21011110
ALÍPIO;MÊ¯CZYZNA;2;21011112
SAIDSANJAR;MÊ¯CZYZNA;2;21011114
WIATOSLAW;MÊ¯CZYZNA;2;21011116
XIANGJUN;MÊ¯CZYZNA;2;21011118
SERGIEI;MÊ¯CZYZNA;2;21011120
JAMLET;MÊ¯CZYZNA;2;21011122
ZHASSUR;MÊ¯CZYZNA;2;21011124
THANH AN;MÊ¯CZYZNA;2;21011126
AYUK;MÊ¯CZYZNA;2;21011128
KAYS;MÊ¯CZYZNA;2;21011130
TATHAGATA;MÊ¯CZYZNA;2;21011132
NGAKAN;MÊ¯CZYZNA;2;21011134
MYKHALYO;MÊ¯CZYZNA;2;21011136
DANIJI£;MÊ¯CZYZNA;2;21011138
SHARJIL;MÊ¯CZYZNA;2;21011140
LALLAN;MÊ¯CZYZNA;2;21011142
YEVHRAF;MÊ¯CZYZNA;2;21011144
SA'AD;MÊ¯CZYZNA;2;21011146
ISUS;MÊ¯CZYZNA;2;21011148
TAMAN;MÊ¯CZYZNA;2;21011150
ARCADY;MÊ¯CZYZNA;2;21011152
MIRMI£;MÊ¯CZYZNA;2;21011154
UTKRISHTA;MÊ¯CZYZNA;2;21011156
MARC ANTHONY;MÊ¯CZYZNA;2;21011158
WIACZESLAV;MÊ¯CZYZNA;2;21011160
DIBYENDU;MÊ¯CZYZNA;2;21011162
MARIMUTHU;MÊ¯CZYZNA;2;21011164
AVDIY;MÊ¯CZYZNA;2;21011166
VERGILIU;MÊ¯CZYZNA;2;21011168
KENTON;MÊ¯CZYZNA;2;21011170
ASKHAD;MÊ¯CZYZNA;2;21011172
APHTANDIL;MÊ¯CZYZNA;2;21011174
NABIN PRASAD;MÊ¯CZYZNA;2;21011176
MASIH;MÊ¯CZYZNA;2;21011178
NYAMSUREN;MÊ¯CZYZNA;2;21011180
ANUR;MÊ¯CZYZNA;2;21011182
ALIªAN;MÊ¯CZYZNA;2;21011184
PRAKASH SINGH;MÊ¯CZYZNA;2;21011186
SANGCHUL;MÊ¯CZYZNA;2;21011188
MONTASAR;MÊ¯CZYZNA;2;21011190
ILDOO;MÊ¯CZYZNA;2;21011192
EILIF;MÊ¯CZYZNA;2;21011194
OLIMOV;MÊ¯CZYZNA;2;21011196
MINHUI;MÊ¯CZYZNA;2;21011198
MORANI;MÊ¯CZYZNA;2;21011200
DINH THE;MÊ¯CZYZNA;2;21011202
SHUMING;MÊ¯CZYZNA;2;21011204
JAQUE;MÊ¯CZYZNA;2;21011206
PEDRO-LUIS;MÊ¯CZYZNA;2;21011208
KONRADAS;MÊ¯CZYZNA;2;21011210
KOMITAS;MÊ¯CZYZNA;2;21011212
SHUQIANG;MÊ¯CZYZNA;2;21011214
REWARD;MÊ¯CZYZNA;2;21011216
VENKATARAMANA;MÊ¯CZYZNA;2;21011218
HOSEIN;MÊ¯CZYZNA;2;21011220
GUILIN;MÊ¯CZYZNA;2;21011222
H?NG QUÂN;MÊ¯CZYZNA;2;21011224
GARRISON;MÊ¯CZYZNA;2;21011226
SOO JONG;MÊ¯CZYZNA;2;21011228
VLADISZLAV;MÊ¯CZYZNA;2;21011230
SIEMIR;MÊ¯CZYZNA;2;21011232
TOSHI;MÊ¯CZYZNA;2;21011234
THINNAKORN;MÊ¯CZYZNA;2;21011236
JAACOB;MÊ¯CZYZNA;2;21011238
SHENGHAI;MÊ¯CZYZNA;2;21011240
VAN MUOI;MÊ¯CZYZNA;2;21011242
WIDMUND;MÊ¯CZYZNA;2;21011244
HARMINDER SINGH;MÊ¯CZYZNA;2;21011246
ARTYUSH;MÊ¯CZYZNA;2;21011248
SARKHAD;MÊ¯CZYZNA;2;21011250
GJIN;MÊ¯CZYZNA;2;21011252
VALODYA;MÊ¯CZYZNA;2;21011254
COLLEN;MÊ¯CZYZNA;2;21011256
GABRIEL-DANIEL;MÊ¯CZYZNA;2;21011258
VELE;MÊ¯CZYZNA;2;21011260
MUKHAMADALI;MÊ¯CZYZNA;2;21011262
NURKANAT;MÊ¯CZYZNA;2;21011264
CAO NGUYEN;MÊ¯CZYZNA;2;21011266
SHENGHUA;MÊ¯CZYZNA;2;21011268
JUROS£AW;MÊ¯CZYZNA;2;21011270
TERBISH;MÊ¯CZYZNA;2;21011272
LINA;MÊ¯CZYZNA;2;21011274
NAVAS;MÊ¯CZYZNA;2;21011276
HAOWEI;MÊ¯CZYZNA;2;21011278
MINKO;MÊ¯CZYZNA;2;21011280
HEROLD;MÊ¯CZYZNA;2;21011282
SAIMONAS;MÊ¯CZYZNA;2;21011284
UKRI;MÊ¯CZYZNA;2;21011286
UDDHAV;MÊ¯CZYZNA;2;21011288
GORM;MÊ¯CZYZNA;2;21011290
ZHUOYI;MÊ¯CZYZNA;2;21011292
SAIKIRAN;MÊ¯CZYZNA;2;21011294
HUALONG;MÊ¯CZYZNA;2;21011296
WON KYUNG;MÊ¯CZYZNA;2;21011298
ANTÓNIO JOSÉ;MÊ¯CZYZNA;2;21011300
YEVGENI;MÊ¯CZYZNA;2;21011302
AMIRHAN;MÊ¯CZYZNA;2;21011304
SHENGPING;MÊ¯CZYZNA;2;21011306
MARGAD;MÊ¯CZYZNA;2;21011308
LEOPOLDS;MÊ¯CZYZNA;2;21011310
PRANISH;MÊ¯CZYZNA;2;21011312
HÜSE?N;MÊ¯CZYZNA;2;21011314
SIERGIJ;MÊ¯CZYZNA;2;21011316
MURODKHON;MÊ¯CZYZNA;2;21011318
KABYLZHAN;MÊ¯CZYZNA;2;21011320
ILDEPHONSE;MÊ¯CZYZNA;2;21011322
KHADKA;MÊ¯CZYZNA;2;21011324
DEBANJAN;MÊ¯CZYZNA;2;21011326
CASSIO;MÊ¯CZYZNA;2;21011328
TAPANI;MÊ¯CZYZNA;2;21011330
UZIEL;MÊ¯CZYZNA;2;21011332
KATSUYOSHI;MÊ¯CZYZNA;2;21011334
TU?BERK;MÊ¯CZYZNA;2;21011336
KHAMMAD;MÊ¯CZYZNA;2;21011338
OIMAHMAD;MÊ¯CZYZNA;2;21011340
THANH CHUNG;MÊ¯CZYZNA;2;21011342
JET;MÊ¯CZYZNA;2;21011344
ADAME;MÊ¯CZYZNA;2;21011346
SHEVCHENKO;MÊ¯CZYZNA;2;21011348
SHICHUN;MÊ¯CZYZNA;2;21011350
BAKHADIR;MÊ¯CZYZNA;2;21011352
VOLODYNYR;MÊ¯CZYZNA;2;21011354
ZORBEG;MÊ¯CZYZNA;2;21011356
TOMOKAZU;MÊ¯CZYZNA;2;21011358
MANATO;MÊ¯CZYZNA;2;21011360
SUHENDI;MÊ¯CZYZNA;2;21011362
ELTURAN;MÊ¯CZYZNA;2;21011364
BOHDAN-VOLODYMYR;MÊ¯CZYZNA;2;21011366
ACHMET;MÊ¯CZYZNA;2;21011368
AHMET BURAK;MÊ¯CZYZNA;2;21011370
VLLAZNIM;MÊ¯CZYZNA;2;21011372
NIMESHKUMAR;MÊ¯CZYZNA;2;21011374
GABRIEAL;MÊ¯CZYZNA;2;21011376
VAHIK;MÊ¯CZYZNA;2;21011378
NAZEER;MÊ¯CZYZNA;2;21011380
RUOYU;MÊ¯CZYZNA;2;21011382
HONGZHENG;MÊ¯CZYZNA;2;21011384
JIGARBHAI;MÊ¯CZYZNA;2;21011386
IAKYM;MÊ¯CZYZNA;2;21011388
TOUSEEF;MÊ¯CZYZNA;2;21011390
YITIAN;MÊ¯CZYZNA;2;21011392
UBA;MÊ¯CZYZNA;2;21011394
DAESEOK;MÊ¯CZYZNA;2;21011396
HOANG SON;MÊ¯CZYZNA;2;21011398
MD SALIM;MÊ¯CZYZNA;2;21011400
KIEREN;MÊ¯CZYZNA;2;21011402
BUSANI;MÊ¯CZYZNA;2;21011404
SAIDANVAR;MÊ¯CZYZNA;2;21011406
SUMAIR;MÊ¯CZYZNA;2;21011408
SADANANDAN;MÊ¯CZYZNA;2;21011410
SHAMSHAD;MÊ¯CZYZNA;2;21011412
GAVRILA;MÊ¯CZYZNA;2;21011414
SALTUK;MÊ¯CZYZNA;2;21011416
ALBANDA;MÊ¯CZYZNA;2;21011418
YEVHNII;MÊ¯CZYZNA;2;21011420
YOCHAY;MÊ¯CZYZNA;2;21011422
JABED;MÊ¯CZYZNA;2;21011424
QING YU;MÊ¯CZYZNA;2;21011426
THIRUMOORTHY;MÊ¯CZYZNA;2;21011428
JIANYING;MÊ¯CZYZNA;2;21011430
LINXI;MÊ¯CZYZNA;2;21011432
NOKUTENDA;MÊ¯CZYZNA;2;21011434
OBVIOUS;MÊ¯CZYZNA;2;21011436
SHOTARO;MÊ¯CZYZNA;2;21011438
YAROSLAV-VASYL;MÊ¯CZYZNA;2;21011440
HARUTIUN;MÊ¯CZYZNA;2;21011442
KRYJO;MÊ¯CZYZNA;2;21011444
HAB?P;MÊ¯CZYZNA;2;21011446
LEKHARAJ;MÊ¯CZYZNA;2;21011448
JAMA;MÊ¯CZYZNA;2;21011450
RENTSENDORJ;MÊ¯CZYZNA;2;21011452
SOTYRYS;MÊ¯CZYZNA;2;21011454
MOBEEN;MÊ¯CZYZNA;2;21011456
CHAORAN;MÊ¯CZYZNA;2;21011458
THAI HUNG;MÊ¯CZYZNA;2;21011460
LAKSZMAN;MÊ¯CZYZNA;2;21011462
H?U S?N;MÊ¯CZYZNA;2;21011464
LENARDO;MÊ¯CZYZNA;2;21011466
JANKEL;MÊ¯CZYZNA;2;21011468
XUAN LONG;MÊ¯CZYZNA;2;21011470
BETZALEL;MÊ¯CZYZNA;2;21011472
GOKULKUMAR;MÊ¯CZYZNA;2;21011474
HEWA;MÊ¯CZYZNA;2;21011476
FAYYAD;MÊ¯CZYZNA;2;21011478
CECYLIUSZ;MÊ¯CZYZNA;2;21011480
CAL;MÊ¯CZYZNA;2;21011482
MOULI;MÊ¯CZYZNA;2;21011484
ALEXANDRU-MIHAI;MÊ¯CZYZNA;2;21011486
RAINCHOLD;MÊ¯CZYZNA;2;21011488
HAOHUA;MÊ¯CZYZNA;2;21011490
TEMILOLA;MÊ¯CZYZNA;2;21011492
RAJANIKANTH;MÊ¯CZYZNA;2;21011494
CHIZOBA;MÊ¯CZYZNA;2;21011496
MUNACHIMSO;MÊ¯CZYZNA;2;21011498
GLADSON;MÊ¯CZYZNA;2;21011500
SEVAR;MÊ¯CZYZNA;2;21011502
YECHESKEL;MÊ¯CZYZNA;2;21011504
ARDESHIR;MÊ¯CZYZNA;2;21011506
RADZHA;MÊ¯CZYZNA;2;21011508
PADAM BAHADUR;MÊ¯CZYZNA;2;21011510
PRIYAN;MÊ¯CZYZNA;2;21011512
ZEHUI;MÊ¯CZYZNA;2;21011514
TUE;MÊ¯CZYZNA;2;21011516
SHUHONG;MÊ¯CZYZNA;2;21011518
SUMIN;MÊ¯CZYZNA;2;21011520
NETTA;MÊ¯CZYZNA;2;21011522
ZUOYUAN;MÊ¯CZYZNA;2;21011524
JO?O PAULO;MÊ¯CZYZNA;2;21011526
MUHAMMAD KHALID;MÊ¯CZYZNA;2;21011528
ESENBEK;MÊ¯CZYZNA;2;21011530
EUSTAZY;MÊ¯CZYZNA;2;21011532
ANASTASSIOS;MÊ¯CZYZNA;2;21011534
STEVICA;MÊ¯CZYZNA;2;21011536
RYSTO;MÊ¯CZYZNA;2;21011538
SADEQ;MÊ¯CZYZNA;2;21011540
AN TUAN;MÊ¯CZYZNA;2;21011542
GODEFROY;MÊ¯CZYZNA;2;21011544
HUISHENG;MÊ¯CZYZNA;2;21011546
ODISSEI;MÊ¯CZYZNA;2;21011548
HUSEYNALI;MÊ¯CZYZNA;2;21011550
EUGIENI;MÊ¯CZYZNA;2;21011552
MELCHIADES;MÊ¯CZYZNA;2;21011554
SIMPLICIO;MÊ¯CZYZNA;2;21011556
DENYS-MYKOLA;MÊ¯CZYZNA;2;21011558
HEMANT KUMAR;MÊ¯CZYZNA;2;21011560
SPYRYDON;MÊ¯CZYZNA;2;21011562
VITÃLIJS;MÊ¯CZYZNA;2;21011564
DAGO;MÊ¯CZYZNA;2;21011566
ABDULBASET;MÊ¯CZYZNA;2;21011568
RENALDY;MÊ¯CZYZNA;2;21011570
SENDER;MÊ¯CZYZNA;2;21011572
GIANRICO;MÊ¯CZYZNA;2;21011574
KISHVARD;MÊ¯CZYZNA;2;21011576
MUNISJON;MÊ¯CZYZNA;2;21011578
ZAKARIAS;MÊ¯CZYZNA;2;21011580
NGOC THU;MÊ¯CZYZNA;2;21011582
MIROLIM;MÊ¯CZYZNA;2;21011584
SASANKA;MÊ¯CZYZNA;2;21011586
JUNQIANG;MÊ¯CZYZNA;2;21011588
SAHIDUL;MÊ¯CZYZNA;2;21011590
PAULES;MÊ¯CZYZNA;2;21011592
TR?NG QUÝ;MÊ¯CZYZNA;2;21011594
ABDELMONEIM;MÊ¯CZYZNA;2;21011596
HONGLI;MÊ¯CZYZNA;2;21011598
KERRAR;MÊ¯CZYZNA;2;21011600
DAQUAN;MÊ¯CZYZNA;2;21011602
ALEEM;MÊ¯CZYZNA;2;21011604
UGONNA;MÊ¯CZYZNA;2;21011606
MI£OMIR;MÊ¯CZYZNA;2;21011608
EVTIM;MÊ¯CZYZNA;2;21011610
GIJIN;MÊ¯CZYZNA;2;21011612
MD MAHMUDUL;MÊ¯CZYZNA;2;21011614
JARRYD;MÊ¯CZYZNA;2;21011616
ARTEMA;MÊ¯CZYZNA;2;21011618
VAN TRU;MÊ¯CZYZNA;2;21011620
KASH;MÊ¯CZYZNA;2;21011622
VILLADS;MÊ¯CZYZNA;2;21011624
JITENDRAKUMAR;MÊ¯CZYZNA;2;21011626
KYUSIK;MÊ¯CZYZNA;2;21011628
HOVHANES;MÊ¯CZYZNA;2;21011630
QYVIND;MÊ¯CZYZNA;2;21011632
SREENIVASAN;MÊ¯CZYZNA;2;21011634
ELMKHAN;MÊ¯CZYZNA;2;21011636
NOBERT;MÊ¯CZYZNA;2;21011638
GULYAM;MÊ¯CZYZNA;2;21011640
KOZIM;MÊ¯CZYZNA;2;21011642
XUAN HAO;MÊ¯CZYZNA;2;21011644
JIAHONG;MÊ¯CZYZNA;2;21011646
PIERRE-HENRY;MÊ¯CZYZNA;2;21011648
MILJENKO;MÊ¯CZYZNA;2;21011650
JARE;MÊ¯CZYZNA;2;21011652
MYINT;MÊ¯CZYZNA;2;21011654
LJUBISA;MÊ¯CZYZNA;2;21011656
YU-YANG;MÊ¯CZYZNA;2;21011658
LIL BAHADUR;MÊ¯CZYZNA;2;21011660
XIAOGUO;MÊ¯CZYZNA;2;21011662
FREDERIEK;MÊ¯CZYZNA;2;21011664
ALASAN;MÊ¯CZYZNA;2;21011666
JINGZHE;MÊ¯CZYZNA;2;21011668
ZARZAND;MÊ¯CZYZNA;2;21011670
ELIZEU;MÊ¯CZYZNA;2;21011672
SHUANGQING;MÊ¯CZYZNA;2;21011674
CONSTANTIN-CRISTI;MÊ¯CZYZNA;2;21011676
KLEMENTYN;MÊ¯CZYZNA;2;21011678
ORCHAN;MÊ¯CZYZNA;2;21011680
SANGKYU;MÊ¯CZYZNA;2;21011682
STASIO;MÊ¯CZYZNA;2;21011684
ABDOLAZIZ;MÊ¯CZYZNA;2;21011686
CHAOHUA;MÊ¯CZYZNA;2;21011688
ALTANSUKH;MÊ¯CZYZNA;2;21011690
FILIBERTO;MÊ¯CZYZNA;2;21011692
SHANTA;MÊ¯CZYZNA;2;21011694
VOJCIECH;MÊ¯CZYZNA;2;21011696
MAHENDHAR;MÊ¯CZYZNA;2;21011698
JOVO;MÊ¯CZYZNA;2;21011700
FAR?S;MÊ¯CZYZNA;2;21011702
NKOSIPHILE;MÊ¯CZYZNA;2;21011704
ABEDIN;MÊ¯CZYZNA;2;21011706
RODGERS;MÊ¯CZYZNA;2;21011708
SANG SIK;MÊ¯CZYZNA;2;21011710
ISRAR;MÊ¯CZYZNA;2;21011712
D¯ELIL;MÊ¯CZYZNA;2;21011714
LORAND;MÊ¯CZYZNA;2;21011716
KILANI;MÊ¯CZYZNA;2;21011718
SÂM;MÊ¯CZYZNA;2;21011720
AZDINE;MÊ¯CZYZNA;2;21011722
LISOVYI;MÊ¯CZYZNA;2;21011724
GOFIRJON;MÊ¯CZYZNA;2;21011726
ZINON;MÊ¯CZYZNA;2;21011728
LIANGBO;MÊ¯CZYZNA;2;21011730
NESTAR;MÊ¯CZYZNA;2;21011732
SHIMI;MÊ¯CZYZNA;2;21011734
FLORIN-MIRCEA;MÊ¯CZYZNA;2;21011736
MYKHAILO-MAKSYM;MÊ¯CZYZNA;2;21011738
ONYOO;MÊ¯CZYZNA;2;21011740
GIA PHUC;MÊ¯CZYZNA;2;21011742
AKSIENTII;MÊ¯CZYZNA;2;21011744
PIOTER;MÊ¯CZYZNA;2;21011746
TU?N V?;MÊ¯CZYZNA;2;21011748
RAPAELI;MÊ¯CZYZNA;2;21011750
SOULEYMAN;MÊ¯CZYZNA;2;21011752
KUNWAR;MÊ¯CZYZNA;2;21011754
JEDRZEJ;MÊ¯CZYZNA;2;21011756
ZYSKIND;MÊ¯CZYZNA;2;21011758
HIREK;MÊ¯CZYZNA;2;21011760
ARTEMIDIUSZ;MÊ¯CZYZNA;2;21011762
FAIZIDDIN;MÊ¯CZYZNA;2;21011764
BIRZHAN;MÊ¯CZYZNA;2;21011766
PEIDONG;MÊ¯CZYZNA;2;21011768
RESHAN;MÊ¯CZYZNA;2;21011770
AAPO;MÊ¯CZYZNA;2;21011772
TAISEI;MÊ¯CZYZNA;2;21011774
IKRAMZHAN;MÊ¯CZYZNA;2;21011776
FURQAT;MÊ¯CZYZNA;2;21011778
INGAR;MÊ¯CZYZNA;2;21011780
WEILONG;MÊ¯CZYZNA;2;21011782
BENVENUTO;MÊ¯CZYZNA;2;21011784
SONGJUN;MÊ¯CZYZNA;2;21011786
MOVLAM;MÊ¯CZYZNA;2;21011788
KUMARESH;MÊ¯CZYZNA;2;21011790
ARTHYR;MÊ¯CZYZNA;2;21011792
IBN;MÊ¯CZYZNA;2;21011794
RAJNIKANT;MÊ¯CZYZNA;2;21011796
EMELIANE;MÊ¯CZYZNA;2;21011798
AROUNA;MÊ¯CZYZNA;2;21011800
PRASHOB;MÊ¯CZYZNA;2;21011802
WENCHANG;MÊ¯CZYZNA;2;21011804
LAVRYK;MÊ¯CZYZNA;2;21011806
AKNAZAR;MÊ¯CZYZNA;2;21011808
DRAGNI;MÊ¯CZYZNA;2;21011810
MIN KYU;MÊ¯CZYZNA;2;21011812
GARRIT;MÊ¯CZYZNA;2;21011814
ANARI;MÊ¯CZYZNA;2;21011816
VICTORIN;MÊ¯CZYZNA;2;21011818
KAMYAR;MÊ¯CZYZNA;2;21011820
KABEER;MÊ¯CZYZNA;2;21011822
ZHILEI;MÊ¯CZYZNA;2;21011824
SUKHCHAIN SINGH;MÊ¯CZYZNA;2;21011826
KAIJUN;MÊ¯CZYZNA;2;21011828
BORIL;MÊ¯CZYZNA;2;21011830
DODY;MÊ¯CZYZNA;2;21011832
ZUURBEK;MÊ¯CZYZNA;2;21011834
AZLAAN;MÊ¯CZYZNA;2;21011836
VAEL;MÊ¯CZYZNA;2;21011838
ANCIL;MÊ¯CZYZNA;2;21011840
RACHMAT;MÊ¯CZYZNA;2;21011842
BHEKINKOSI;MÊ¯CZYZNA;2;21011844
TRISNO;MÊ¯CZYZNA;2;21011846
HUSEYNAGHA;MÊ¯CZYZNA;2;21011848
NAM PH??NG;MÊ¯CZYZNA;2;21011850
VYACHASLAU;MÊ¯CZYZNA;2;21011852
AKHTAN;MÊ¯CZYZNA;2;21011854
CHOBAN;MÊ¯CZYZNA;2;21011856
SHYAMKUMAR;MÊ¯CZYZNA;2;21011858
BINNAT;MÊ¯CZYZNA;2;21011860
VEKIL;MÊ¯CZYZNA;2;21011862
YAZEN;MÊ¯CZYZNA;2;21011864
PARHAT;MÊ¯CZYZNA;2;21011866
ZAHARIE;MÊ¯CZYZNA;2;21011868
DINH TRUC;MÊ¯CZYZNA;2;21011870
ILY;MÊ¯CZYZNA;2;21011872
ABDELSALAM;MÊ¯CZYZNA;2;21011874
MUSEYIB;MÊ¯CZYZNA;2;21011876
SHFIK;MÊ¯CZYZNA;2;21011878
FUSHENG;MÊ¯CZYZNA;2;21011880
JALAJ;MÊ¯CZYZNA;2;21011882
MEXMED;MÊ¯CZYZNA;2;21011884
LELIO;MÊ¯CZYZNA;2;21011886
GAUDENTY;MÊ¯CZYZNA;2;21011888
SHAKHI;MÊ¯CZYZNA;2;21011890
WANGYANG;MÊ¯CZYZNA;2;21011892
KEJIA;MÊ¯CZYZNA;2;21011894
CHAIB;MÊ¯CZYZNA;2;21011896
YESSET;MÊ¯CZYZNA;2;21011898
SERDZHO;MÊ¯CZYZNA;2;21011900
ACHINTYA;MÊ¯CZYZNA;2;21011902
QINQIN;MÊ¯CZYZNA;2;21011904
ABDYLLA;MÊ¯CZYZNA;2;21011906
ADAY;MÊ¯CZYZNA;2;21011908
DIONIGI;MÊ¯CZYZNA;2;21011910
ARCADIO;MÊ¯CZYZNA;2;21011912
NADJIB;MÊ¯CZYZNA;2;21011914
BAMBANG EKO;MÊ¯CZYZNA;2;21011916
PHATHISANI;MÊ¯CZYZNA;2;21011918
KYPRIIAN;MÊ¯CZYZNA;2;21011920
V?N HI?U;MÊ¯CZYZNA;2;21011922
GUMAR;MÊ¯CZYZNA;2;21011924
BARTUS;MÊ¯CZYZNA;2;21011926
JUNAEDI;MÊ¯CZYZNA;2;21011928
DAVAADORJ;MÊ¯CZYZNA;2;21011930
KYUNGTAEK;MÊ¯CZYZNA;2;21011932
SEONGRAE;MÊ¯CZYZNA;2;21011934
YORCK;MÊ¯CZYZNA;2;21011936
TIDHAR;MÊ¯CZYZNA;2;21011938
RONISH;MÊ¯CZYZNA;2;21011940
BEKBOLAT;MÊ¯CZYZNA;2;21011942
HAYAT;MÊ¯CZYZNA;2;21011944
ABDULKHAY;MÊ¯CZYZNA;2;21011946
INDRANEEL;MÊ¯CZYZNA;2;21011948
NAGHI;MÊ¯CZYZNA;2;21011950
GUOXIANG;MÊ¯CZYZNA;2;21011952
TONGWEI;MÊ¯CZYZNA;2;21011954
ILHOON;MÊ¯CZYZNA;2;21011956
YOQUBJON;MÊ¯CZYZNA;2;21011958
SIHWAN;MÊ¯CZYZNA;2;21011960
TAN THANH;MÊ¯CZYZNA;2;21011962
YOSHIMASA;MÊ¯CZYZNA;2;21011964
HAJO;MÊ¯CZYZNA;2;21011966
THIEN HOANG;MÊ¯CZYZNA;2;21011968
HOUSSINE;MÊ¯CZYZNA;2;21011970
YOJI;MÊ¯CZYZNA;2;21011972
THE LONG;MÊ¯CZYZNA;2;21011974
ALEKZANDER;MÊ¯CZYZNA;2;21011976
RAVEESH;MÊ¯CZYZNA;2;21011978
MAKAI;MÊ¯CZYZNA;2;21011980
BAOGUO;MÊ¯CZYZNA;2;21011982
CHÍ C??NG;MÊ¯CZYZNA;2;21011984
YONGHEE;MÊ¯CZYZNA;2;21011986
PASA;MÊ¯CZYZNA;2;21011988
YANLING;MÊ¯CZYZNA;2;21011990
YANHUI;MÊ¯CZYZNA;2;21011992
MUKHA;MÊ¯CZYZNA;2;21011994
QINGSONG;MÊ¯CZYZNA;2;21011996
LEYAN;MÊ¯CZYZNA;2;21011998
HAISHUO;MÊ¯CZYZNA;2;21012000
THINESH;MÊ¯CZYZNA;2;21012002
JICHEN;MÊ¯CZYZNA;2;21012004
RÃZVAN-MARIAN;MÊ¯CZYZNA;2;21012006
ZHAKHANGIR;MÊ¯CZYZNA;2;21012008
GERSZ;MÊ¯CZYZNA;2;21012010
ROMUALDS;MÊ¯CZYZNA;2;21012012
DENIZ KAAN;MÊ¯CZYZNA;2;21012014
IAACOV;MÊ¯CZYZNA;2;21012016
ABDUSAMAT;MÊ¯CZYZNA;2;21012018
NG?C KHÔI;MÊ¯CZYZNA;2;21012020
ZAK?R;MÊ¯CZYZNA;2;21012022
TRUNG HO?NH;MÊ¯CZYZNA;2;21012024
MAXEN;MÊ¯CZYZNA;2;21012026
GURDIP;MÊ¯CZYZNA;2;21012028
NORIAKI;MÊ¯CZYZNA;2;21012030
PERYKLES;MÊ¯CZYZNA;2;21012032
NGOC BINH;MÊ¯CZYZNA;2;21012034
ÖZDAL;MÊ¯CZYZNA;2;21012036
WINNY;MÊ¯CZYZNA;2;21012038
Y?N;MÊ¯CZYZNA;2;21012040
KHABIR;MÊ¯CZYZNA;2;21012042
NHU SON;MÊ¯CZYZNA;2;21012044
RAMANJANEYULU;MÊ¯CZYZNA;2;21012046
GIHWAN;MÊ¯CZYZNA;2;21012048
DÜNDAR;MÊ¯CZYZNA;2;21012050
£AWR;MÊ¯CZYZNA;2;21012052
JAEYEONG;MÊ¯CZYZNA;2;21012054
LADIK;MÊ¯CZYZNA;2;21012056
ANEESH KUMAR;MÊ¯CZYZNA;2;21012058
TIAM;MÊ¯CZYZNA;2;21012060
DUY THANG;MÊ¯CZYZNA;2;21012062
SHUBHANKAR;MÊ¯CZYZNA;2;21012064
MIRJALAL;MÊ¯CZYZNA;2;21012066
DIOGO JOSÉ;MÊ¯CZYZNA;2;21012068
CARLOS ESTEBAN;MÊ¯CZYZNA;2;21012070
XINLIANG;MÊ¯CZYZNA;2;21012072
MD ASHIKUR;MÊ¯CZYZNA;2;21012074
OLSON;MÊ¯CZYZNA;2;21012076
??C;MÊ¯CZYZNA;2;21012078
DIOSDADO;MÊ¯CZYZNA;2;21012080
FLORINDO;MÊ¯CZYZNA;2;21012082
XUÂN L?C;MÊ¯CZYZNA;2;21012084
YAEL;MÊ¯CZYZNA;2;21012086
HONGYONG;MÊ¯CZYZNA;2;21012088
YLIAS;MÊ¯CZYZNA;2;21012090
RAJABMUROD;MÊ¯CZYZNA;2;21012092
S?DAR;MÊ¯CZYZNA;2;21012094
GEORGICÃ;MÊ¯CZYZNA;2;21012096
TAEYUL;MÊ¯CZYZNA;2;21012098
ABDUMAKHMUD;MÊ¯CZYZNA;2;21012100
WASSILI;MÊ¯CZYZNA;2;21012102
RAª?T;MÊ¯CZYZNA;2;21012104
GUILHELM;MÊ¯CZYZNA;2;21012106
YAQOUB;MÊ¯CZYZNA;2;21012108
ALONGKORN;MÊ¯CZYZNA;2;21012110
JOOWON;MÊ¯CZYZNA;2;21012112
FINIAN;MÊ¯CZYZNA;2;21012114
TOVMAS;MÊ¯CZYZNA;2;21012116
ARTENIE;MÊ¯CZYZNA;2;21012118
YAGHIA;MÊ¯CZYZNA;2;21012120
INAYAT;MÊ¯CZYZNA;2;21012122
SHANHU;MÊ¯CZYZNA;2;21012124
HAILELUEL;MÊ¯CZYZNA;2;21012126
ZIAUL HOQUE;MÊ¯CZYZNA;2;21012128
MOHAMMAD OMAR FARUK;MÊ¯CZYZNA;2;21012130
IANOS;MÊ¯CZYZNA;2;21012132
DANG NAM;MÊ¯CZYZNA;2;21012134
NEGMAT;MÊ¯CZYZNA;2;21012136
WILLIAM JOHN;MÊ¯CZYZNA;2;21012138
VILMAS;MÊ¯CZYZNA;2;21012140
LEDJAN;MÊ¯CZYZNA;2;21012142
CATALINO;MÊ¯CZYZNA;2;21012144
MAHAWIR;MÊ¯CZYZNA;2;21012146
ELRAD;MÊ¯CZYZNA;2;21012148
NÉLSON;MÊ¯CZYZNA;2;21012150
AMIYA;MÊ¯CZYZNA;2;21012152
SHIKHALI;MÊ¯CZYZNA;2;21012154
PARESHKUMAR;MÊ¯CZYZNA;2;21012156
HUY ANH;MÊ¯CZYZNA;2;21012158
AMIR KHOSSEIN;MÊ¯CZYZNA;2;21012160
ISWANTO;MÊ¯CZYZNA;2;21012162
ZEKARIYAS;MÊ¯CZYZNA;2;21012164
CRISTIAN RICARDO;MÊ¯CZYZNA;2;21012166
DAMIRBEK;MÊ¯CZYZNA;2;21012168
QUANG HA;MÊ¯CZYZNA;2;21012170
VÃN KH?I;MÊ¯CZYZNA;2;21012172
ASIB;MÊ¯CZYZNA;2;21012174
ERVÍN;MÊ¯CZYZNA;2;21012176
MASAMUNE;MÊ¯CZYZNA;2;21012178
VIDAN;MÊ¯CZYZNA;2;21012180
POLIKARPE;MÊ¯CZYZNA;2;21012182
KEBBA;MÊ¯CZYZNA;2;21012184
A'KOS;MÊ¯CZYZNA;2;21012186
SAD?K;MÊ¯CZYZNA;2;21012188
BHEEMA;MÊ¯CZYZNA;2;21012190
THEODOSIOS;MÊ¯CZYZNA;2;21012192
WEICHUN;MÊ¯CZYZNA;2;21012194
ELIN;MÊ¯CZYZNA;2;21012196
YUWU;MÊ¯CZYZNA;2;21012198
NISHITH;MÊ¯CZYZNA;2;21012200
OMONIGHO;MÊ¯CZYZNA;2;21012202
HIROMASA;MÊ¯CZYZNA;2;21012204
MANESH;MÊ¯CZYZNA;2;21012206
MENDBAYAR;MÊ¯CZYZNA;2;21012208
JOAHIM;MÊ¯CZYZNA;2;21012210
ATIEH;MÊ¯CZYZNA;2;21012212
ÜVEYS;MÊ¯CZYZNA;2;21012214
SEYED ALIREZA;MÊ¯CZYZNA;2;21012216
RYKHARD;MÊ¯CZYZNA;2;21012218
YANAL;MÊ¯CZYZNA;2;21012220
NEER;MÊ¯CZYZNA;2;21012222
ROWLAND;MÊ¯CZYZNA;2;21012224
MANH PHONG;MÊ¯CZYZNA;2;21012226
AARIV;MÊ¯CZYZNA;2;21012228
NIKOLCHE;MÊ¯CZYZNA;2;21012230
TARAS-MYKOLA;MÊ¯CZYZNA;2;21012232
HUAHONG;MÊ¯CZYZNA;2;21012234
SAKU;MÊ¯CZYZNA;2;21012236
SELIMKHAN;MÊ¯CZYZNA;2;21012238
VILODYMYR;MÊ¯CZYZNA;2;21012240
LIAQAT;MÊ¯CZYZNA;2;21012242
HOMNATH;MÊ¯CZYZNA;2;21012244
TANJIL;MÊ¯CZYZNA;2;21012246
AIMANE;MÊ¯CZYZNA;2;21012248
DAEHYUN;MÊ¯CZYZNA;2;21012250
IBRAHIMKHALIL;MÊ¯CZYZNA;2;21012252
SUGATO;MÊ¯CZYZNA;2;21012254
MEIIR;MÊ¯CZYZNA;2;21012256
SHRIKANTH;MÊ¯CZYZNA;2;21012258
ZIZHENG;MÊ¯CZYZNA;2;21012260
GERAD;MÊ¯CZYZNA;2;21012262
BARAKA;MÊ¯CZYZNA;2;21012264
SAIDMUKHAMMAD;MÊ¯CZYZNA;2;21012266
OVEZMYRAT;MÊ¯CZYZNA;2;21012268
MUSHVIK;MÊ¯CZYZNA;2;21012270
KOREDE;MÊ¯CZYZNA;2;21012272
MD AMINUL;MÊ¯CZYZNA;2;21012274
OSMANOV;MÊ¯CZYZNA;2;21012276
NARZULLA;MÊ¯CZYZNA;2;21012278
BERTOLON;MÊ¯CZYZNA;2;21012280
SANWAR MAL;MÊ¯CZYZNA;2;21012282
SAIDEMI;MÊ¯CZYZNA;2;21012284
ATEM;MÊ¯CZYZNA;2;21012286
SUNGYOUL;MÊ¯CZYZNA;2;21012288
GURULI;MÊ¯CZYZNA;2;21012290
NURMAMMAD;MÊ¯CZYZNA;2;21012292
KHRISTOFOR;MÊ¯CZYZNA;2;21012294
SUNGYUN;MÊ¯CZYZNA;2;21012296
YONGSIK;MÊ¯CZYZNA;2;21012298
DENNIZ;MÊ¯CZYZNA;2;21012300
DARRIN;MÊ¯CZYZNA;2;21012302
ABDELJABAR;MÊ¯CZYZNA;2;21012304
RESIT;MÊ¯CZYZNA;2;21012306
CANAN;MÊ¯CZYZNA;2;21012308
JINGHUA;MÊ¯CZYZNA;2;21012310
JASYN;MÊ¯CZYZNA;2;21012312
ARKIN;MÊ¯CZYZNA;2;21012314
OLESIA;MÊ¯CZYZNA;2;21012316
JOÉL;MÊ¯CZYZNA;2;21012318
ZHUMAGALI;MÊ¯CZYZNA;2;21012320
THE BINH;MÊ¯CZYZNA;2;21012322
DROGOWIT;MÊ¯CZYZNA;2;21012324
ALGIMONT;MÊ¯CZYZNA;2;21012326
CHAUDHARY;MÊ¯CZYZNA;2;21012328
KEPA;MÊ¯CZYZNA;2;21012330
BAZZ;MÊ¯CZYZNA;2;21012332
PEPI;MÊ¯CZYZNA;2;21012334
ARTHURO;MÊ¯CZYZNA;2;21012336
VAN KHOI;MÊ¯CZYZNA;2;21012338
MOIDEEN;MÊ¯CZYZNA;2;21012340
SOHIL;MÊ¯CZYZNA;2;21012342
MASAHISA;MÊ¯CZYZNA;2;21012344
OTHON;MÊ¯CZYZNA;2;21012346
HENDRICK;MÊ¯CZYZNA;2;21012348
ZHALIL;MÊ¯CZYZNA;2;21012350
YONGKANG;MÊ¯CZYZNA;2;21012352
BRAHAM;MÊ¯CZYZNA;2;21012354
KATSUHIRO;MÊ¯CZYZNA;2;21012356
AMARSAIKHAN;MÊ¯CZYZNA;2;21012358
CIESZKO;MÊ¯CZYZNA;2;21012360
SYED MAZHAR ABBAS;MÊ¯CZYZNA;2;21012362
SHLOMO ZALMAN;MÊ¯CZYZNA;2;21012364
MD ZIAUL;MÊ¯CZYZNA;2;21012366
ASTER;MÊ¯CZYZNA;2;21012368
ARSH;MÊ¯CZYZNA;2;21012370
SOSTHENE;MÊ¯CZYZNA;2;21012372
JUNGKEE;MÊ¯CZYZNA;2;21012374
SURENI;MÊ¯CZYZNA;2;21012376
DAUR;MÊ¯CZYZNA;2;21012378
MUKHAMMADAYUB;MÊ¯CZYZNA;2;21012380
BAKHTISHOD;MÊ¯CZYZNA;2;21012382
ASHAN;MÊ¯CZYZNA;2;21012384
BHARGAVA;MÊ¯CZYZNA;2;21012386
YOUNGCHEOL;MÊ¯CZYZNA;2;21012388
NÉO;MÊ¯CZYZNA;2;21012390
SHAGIN;MÊ¯CZYZNA;2;21012392
AGUILAR;MÊ¯CZYZNA;2;21012394
OLEXSANDR;MÊ¯CZYZNA;2;21012396
BEHRUZJON;MÊ¯CZYZNA;2;21012398
JITENDER SINGH;MÊ¯CZYZNA;2;21012400
TARANJEET SINGH;MÊ¯CZYZNA;2;21012402
LINARDS;MÊ¯CZYZNA;2;21012404
PRASHANTKUMAR;MÊ¯CZYZNA;2;21012406
JIANXIONG;MÊ¯CZYZNA;2;21012408
REINCHARD;MÊ¯CZYZNA;2;21012410
ACHOUR;MÊ¯CZYZNA;2;21012412
AIBOLAT;MÊ¯CZYZNA;2;21012414
TYMIAN;MÊ¯CZYZNA;2;21012416
PRASANNAN;MÊ¯CZYZNA;2;21012418
OSMO;MÊ¯CZYZNA;2;21012420
HOPE;MÊ¯CZYZNA;2;21012422
NYKANOR;MÊ¯CZYZNA;2;21012424
LYUDVIH;MÊ¯CZYZNA;2;21012426
HOYEOL;MÊ¯CZYZNA;2;21012428
AMRAOUI;MÊ¯CZYZNA;2;21012430
XUAN LY;MÊ¯CZYZNA;2;21012432
PIRNAZAR;MÊ¯CZYZNA;2;21012434
NIKIMA;MÊ¯CZYZNA;2;21012436
CONSTANTIN-GABRIEL;MÊ¯CZYZNA;2;21012438
TAEHYEOK;MÊ¯CZYZNA;2;21012440
SANTABIR;MÊ¯CZYZNA;2;21012442
MOHOMMED;MÊ¯CZYZNA;2;21012444
MUHAMMAD-ALI;MÊ¯CZYZNA;2;21012446
SYVERYN;MÊ¯CZYZNA;2;21012448
KITAE;MÊ¯CZYZNA;2;21012450
TAUQEER;MÊ¯CZYZNA;2;21012452
SHODIDZHON;MÊ¯CZYZNA;2;21012454
ALEKBER;MÊ¯CZYZNA;2;21012456
MAHAVEER;MÊ¯CZYZNA;2;21012458
HARMANDEEP;MÊ¯CZYZNA;2;21012460
SYEAD;MÊ¯CZYZNA;2;21012462
GAFURR;MÊ¯CZYZNA;2;21012464
SAINBILEG;MÊ¯CZYZNA;2;21012466
DUDA;MÊ¯CZYZNA;2;21012468
AAHAN;MÊ¯CZYZNA;2;21012470
ROSHAN KUMAR;MÊ¯CZYZNA;2;21012472
SHARBEL;MÊ¯CZYZNA;2;21012474
ALJON;MÊ¯CZYZNA;2;21012476
SEVASTIANOS;MÊ¯CZYZNA;2;21012478
KHUMID;MÊ¯CZYZNA;2;21012480
SHAOQIN;MÊ¯CZYZNA;2;21012482
JAN-STEFAN;MÊ¯CZYZNA;2;21012484
GIRAY;MÊ¯CZYZNA;2;21012486
HOUMAN;MÊ¯CZYZNA;2;21012488
PARAMON;MÊ¯CZYZNA;2;21012490
TUDOR-ANDREI;MÊ¯CZYZNA;2;21012492
JOPPE;MÊ¯CZYZNA;2;21012494
KYRAN;MÊ¯CZYZNA;2;21012496
ABDUROZIK;MÊ¯CZYZNA;2;21012498
THE TUAN;MÊ¯CZYZNA;2;21012500
ADANU;MÊ¯CZYZNA;2;21012502
ZHONGLIANG;MÊ¯CZYZNA;2;21012504
IHOR-ANDRII;MÊ¯CZYZNA;2;21012506
MAGIZHAN;MÊ¯CZYZNA;2;21012508
BAJRAMALI;MÊ¯CZYZNA;2;21012510
ZAINUDIN;MÊ¯CZYZNA;2;21012512
ZHAOFENG;MÊ¯CZYZNA;2;21012514
VENTSI;MÊ¯CZYZNA;2;21012516
ALEIXO;MÊ¯CZYZNA;2;21012518
SODBAYAR;MÊ¯CZYZNA;2;21012520
SHUHUA;MÊ¯CZYZNA;2;21012522
BURGHARDT;MÊ¯CZYZNA;2;21012524
ARGYRIS;MÊ¯CZYZNA;2;21012526
MINJE;MÊ¯CZYZNA;2;21012528
FABRYCJUSZ;MÊ¯CZYZNA;2;21012530
RIARD;MÊ¯CZYZNA;2;21012532
AIUR;MÊ¯CZYZNA;2;21012534
HANDSOME;MÊ¯CZYZNA;2;21012536
GAGARIN;MÊ¯CZYZNA;2;21012538
OISÍN;MÊ¯CZYZNA;2;21012540
BAK?;MÊ¯CZYZNA;2;21012542
MATEOS;MÊ¯CZYZNA;2;21012544
OLIMP;MÊ¯CZYZNA;2;21012546
NATTAN;MÊ¯CZYZNA;2;21012548
ZUBEIR;MÊ¯CZYZNA;2;21012550
VELIAN;MÊ¯CZYZNA;2;21012552
ORESTS;MÊ¯CZYZNA;2;21012554
QINGHUI;MÊ¯CZYZNA;2;21012556
VIJAI;MÊ¯CZYZNA;2;21012558
MILASH;MÊ¯CZYZNA;2;21012560
RAFIQUE;MÊ¯CZYZNA;2;21012562
LEONIS;MÊ¯CZYZNA;2;21012564
SHENGCHAO;MÊ¯CZYZNA;2;21012566
RAJKAMAL;MÊ¯CZYZNA;2;21012568
DUY TH?NH;MÊ¯CZYZNA;2;21012570
SAKHAB;MÊ¯CZYZNA;2;21012572
HOAI ANH;MÊ¯CZYZNA;2;21012574
FINETO;MÊ¯CZYZNA;2;21012576
LEYZER;MÊ¯CZYZNA;2;21012578
MARIAN-ALEXANDRU;MÊ¯CZYZNA;2;21012580
XHULJAN;MÊ¯CZYZNA;2;21012582
ALAKSEI;MÊ¯CZYZNA;2;21012584
FENGHAO;MÊ¯CZYZNA;2;21012586
KRISHNACHAITANYA;MÊ¯CZYZNA;2;21012588
KIBRIA;MÊ¯CZYZNA;2;21012590
SAYD-EMI;MÊ¯CZYZNA;2;21012592
YARASLAV;MÊ¯CZYZNA;2;21012594
SHIVIN;MÊ¯CZYZNA;2;21012596
MARIAN-DANIEL;MÊ¯CZYZNA;2;21012598
DONGCHUN;MÊ¯CZYZNA;2;21012600
YEWGEN;MÊ¯CZYZNA;2;21012602
AYTU?;MÊ¯CZYZNA;2;21012604
RICHARD PAUL;MÊ¯CZYZNA;2;21012606
SAGAT;MÊ¯CZYZNA;2;21012608
NANDLAL;MÊ¯CZYZNA;2;21012610
YAGSHYMYRAT;MÊ¯CZYZNA;2;21012612
MADHAVARAO;MÊ¯CZYZNA;2;21012614
JORABEK;MÊ¯CZYZNA;2;21012616
VÃN THU;MÊ¯CZYZNA;2;21012618
FLORIN-DANIEL;MÊ¯CZYZNA;2;21012620
ZHENGIS;MÊ¯CZYZNA;2;21012622
MARSELLO;MÊ¯CZYZNA;2;21012624
KAIDI;MÊ¯CZYZNA;2;21012626
SHARANI;MÊ¯CZYZNA;2;21012628
OHJEONG;MÊ¯CZYZNA;2;21012630
SJIRK;MÊ¯CZYZNA;2;21012632
DINH KHOA;MÊ¯CZYZNA;2;21012634
HOANG LAM;MÊ¯CZYZNA;2;21012636
CHUNLI;MÊ¯CZYZNA;2;21012638
ZYGFRIED;MÊ¯CZYZNA;2;21012640
NGU;MÊ¯CZYZNA;2;21012642
POCHOS;MÊ¯CZYZNA;2;21012644
NAIMJON;MÊ¯CZYZNA;2;21012646
MUAYAD YOUSSOF A;MÊ¯CZYZNA;2;21012648
DEJIAN;MÊ¯CZYZNA;2;21012650
RAHAV;MÊ¯CZYZNA;2;21012652
YUZHE;MÊ¯CZYZNA;2;21012654
NKEM;MÊ¯CZYZNA;2;21012656
FARUQUE;MÊ¯CZYZNA;2;21012658
KAIR;MÊ¯CZYZNA;2;21012660
ARSENIJE;MÊ¯CZYZNA;2;21012662
PRASEED;MÊ¯CZYZNA;2;21012664
WENHAI;MÊ¯CZYZNA;2;21012666
M M;MÊ¯CZYZNA;2;21012668
HEORII;MÊ¯CZYZNA;2;21012670
DALAI;MÊ¯CZYZNA;2;21012672
RUMEL;MÊ¯CZYZNA;2;21012674
MALLESHAM;MÊ¯CZYZNA;2;21012676
ARNIEL;MÊ¯CZYZNA;2;21012678
MOUMEN;MÊ¯CZYZNA;2;21012680
MUNKOZHARGAL;MÊ¯CZYZNA;2;21012682
CHANCE;MÊ¯CZYZNA;2;21012684
AWAB;MÊ¯CZYZNA;2;21012686
TUMUL;MÊ¯CZYZNA;2;21012688
BIJAY KUMAR;MÊ¯CZYZNA;2;21012690
MAKIO;MÊ¯CZYZNA;2;21012692
STOJANCE;MÊ¯CZYZNA;2;21012694
KISAN;MÊ¯CZYZNA;2;21012696
XUEYI;MÊ¯CZYZNA;2;21012698
YUEHENG;MÊ¯CZYZNA;2;21012700
BLESSON;MÊ¯CZYZNA;2;21012702
KOUSIK;MÊ¯CZYZNA;2;21012704
LUC MARC;MÊ¯CZYZNA;2;21012706
HÜSAMETTIN;MÊ¯CZYZNA;2;21012708
PRATHAMESH;MÊ¯CZYZNA;2;21012710
SUKIRNO;MÊ¯CZYZNA;2;21012712
SAMUAL;MÊ¯CZYZNA;2;21012714
RISHARD;MÊ¯CZYZNA;2;21012716
MATVY;MÊ¯CZYZNA;2;21012718
TULUS;MÊ¯CZYZNA;2;21012720
SHORASH;MÊ¯CZYZNA;2;21012722
GUANNAN;MÊ¯CZYZNA;2;21012724
GURLAL;MÊ¯CZYZNA;2;21012726
SY HUNG;MÊ¯CZYZNA;2;21012728
VEROLJUB;MÊ¯CZYZNA;2;21012730
£EONID;MÊ¯CZYZNA;2;21012732
HAB?L;MÊ¯CZYZNA;2;21012734
SERBAY;MÊ¯CZYZNA;2;21012736
IMIS£AW;MÊ¯CZYZNA;2;21012738
MIKHEY;MÊ¯CZYZNA;2;21012740
JANUSH;MÊ¯CZYZNA;2;21012742
RAMZ;MÊ¯CZYZNA;2;21012744
AMETKHAN;MÊ¯CZYZNA;2;21012746
AYYAPPA;MÊ¯CZYZNA;2;21012748
BONIFACIO;MÊ¯CZYZNA;2;21012750
DHYAN;MÊ¯CZYZNA;2;21012752
MYOUNG;MÊ¯CZYZNA;2;21012754
NOOKA RAJU;MÊ¯CZYZNA;2;21012756
BEL;MÊ¯CZYZNA;2;21012758
REGGIS;MÊ¯CZYZNA;2;21012760
GWAN;MÊ¯CZYZNA;2;21012762
JOJUA;MÊ¯CZYZNA;2;21012764
DAVID JR.;MÊ¯CZYZNA;2;21012766
KILLION;MÊ¯CZYZNA;2;21012768
AMMON;MÊ¯CZYZNA;2;21012770
OZAR;MÊ¯CZYZNA;2;21012772
GRYGORY;MÊ¯CZYZNA;2;21012774
I-HSUAN;MÊ¯CZYZNA;2;21012776
DZHANEL;MÊ¯CZYZNA;2;21012778
SILWIO;MÊ¯CZYZNA;2;21012780
ZIYONG;MÊ¯CZYZNA;2;21012782
SAIF ALI;MÊ¯CZYZNA;2;21012784
AYAR;MÊ¯CZYZNA;2;21012786
NARCYZY;MÊ¯CZYZNA;2;21012788
VASUDEVA RAO;MÊ¯CZYZNA;2;21012790
KOSISOCHUKWU;MÊ¯CZYZNA;2;21012792
VARDEVAN;MÊ¯CZYZNA;2;21012794
HIMANK;MÊ¯CZYZNA;2;21012796
RUSTAMALI;MÊ¯CZYZNA;2;21012798
EDGARUS;MÊ¯CZYZNA;2;21012800
W£ADEK;MÊ¯CZYZNA;2;21012802
XIWEI;MÊ¯CZYZNA;2;21012804
QUANG PHUONG;MÊ¯CZYZNA;2;21012806
RUPENDRA;MÊ¯CZYZNA;2;21012808
DINÇER;MÊ¯CZYZNA;2;21012810
BLAS ENRIQUE;MÊ¯CZYZNA;2;21012812
MEHMET MUSTAFA;MÊ¯CZYZNA;2;21012814
KULVIR;MÊ¯CZYZNA;2;21012816
LEONTYN;MÊ¯CZYZNA;2;21012818
CHAO-CHUN;MÊ¯CZYZNA;2;21012820
BEªIR;MÊ¯CZYZNA;2;21012822
EMILJO;MÊ¯CZYZNA;2;21012824
VIJAYPAL;MÊ¯CZYZNA;2;21012826
KHIM BAHADUR;MÊ¯CZYZNA;2;21012828
TAMMARO;MÊ¯CZYZNA;2;21012830
LUCA-SEBASTIAN;MÊ¯CZYZNA;2;21012832
JLYA;MÊ¯CZYZNA;2;21012834
TH?Y;MÊ¯CZYZNA;2;21012836
SURUSH;MÊ¯CZYZNA;2;21012838
VEYIS;MÊ¯CZYZNA;2;21012840
VILAYAT;MÊ¯CZYZNA;2;21012842
TIEMOKO;MÊ¯CZYZNA;2;21012844
HAIYUN;MÊ¯CZYZNA;2;21012846
RENON;MÊ¯CZYZNA;2;21012848
DAIR;MÊ¯CZYZNA;2;21012850
TARIG;MÊ¯CZYZNA;2;21012852
BERIKZHAN;MÊ¯CZYZNA;2;21012854
MARYUSH;MÊ¯CZYZNA;2;21012856
D¯AMAJ;MÊ¯CZYZNA;2;21012858
RAMAIL;MÊ¯CZYZNA;2;21012860
HUU DUC;MÊ¯CZYZNA;2;21012862
NAOHISA;MÊ¯CZYZNA;2;21012864
KORNELIS;MÊ¯CZYZNA;2;21012866
WIATOMIR;MÊ¯CZYZNA;2;21012868
HAMOUD;MÊ¯CZYZNA;2;21012870
JEN;MÊ¯CZYZNA;2;21012872
UZOCHUKWU;MÊ¯CZYZNA;2;21012874
CHUMAK;MÊ¯CZYZNA;2;21012876
KADI;MÊ¯CZYZNA;2;21012878
ZHIZHONG;MÊ¯CZYZNA;2;21012880
TILLMAN;MÊ¯CZYZNA;2;21012882
BADRUDDI;MÊ¯CZYZNA;2;21012884
PUKAR;MÊ¯CZYZNA;2;21012886
FENIKS;MÊ¯CZYZNA;2;21012888
GERVAIS;MÊ¯CZYZNA;2;21012890
NGOC NHAT;MÊ¯CZYZNA;2;21012892
SEPPE;MÊ¯CZYZNA;2;21012894
JUNHAI;MÊ¯CZYZNA;2;21012896
IREMIASZ;MÊ¯CZYZNA;2;21012898
YAMATO;MÊ¯CZYZNA;2;21012900
BIANKO;MÊ¯CZYZNA;2;21012902
SHINWOO;MÊ¯CZYZNA;2;21012904
GÖKSU;MÊ¯CZYZNA;2;21012906
CHARFEDDINE;MÊ¯CZYZNA;2;21012908
ZONG;MÊ¯CZYZNA;2;21012910
SUKHBIR;MÊ¯CZYZNA;2;21012912
JAPAR;MÊ¯CZYZNA;2;21012914
ZOHRAP;MÊ¯CZYZNA;2;21012916
OLRKSANDR;MÊ¯CZYZNA;2;21012918
ROME;MÊ¯CZYZNA;2;21012920
CLAUDIU-PETRU;MÊ¯CZYZNA;2;21012922
HYEONSIK;MÊ¯CZYZNA;2;21012924
CHEOL WAN;MÊ¯CZYZNA;2;21012926
ATRUR;MÊ¯CZYZNA;2;21012928
ANTONE;MÊ¯CZYZNA;2;21012930
TR?NG QUÂN;MÊ¯CZYZNA;2;21012932
ZIQING;MÊ¯CZYZNA;2;21012934
DHRUVIL;MÊ¯CZYZNA;2;21012936
DEMETRIS;MÊ¯CZYZNA;2;21012938
TOD;MÊ¯CZYZNA;2;21012940
NAIMI;MÊ¯CZYZNA;2;21012942
FAJWUSZ;MÊ¯CZYZNA;2;21012944
CUTHBERT;MÊ¯CZYZNA;2;21012946
HETEM;MÊ¯CZYZNA;2;21012948
CHHABI;MÊ¯CZYZNA;2;21012950
??NH ??C;MÊ¯CZYZNA;2;21012952
LIES;MÊ¯CZYZNA;2;21012954
LILIA;MÊ¯CZYZNA;2;21012956
OLEKSANDOR;MÊ¯CZYZNA;2;21012958
ATAMERT;MÊ¯CZYZNA;2;21012960
IOAN-CIPRIAN;MÊ¯CZYZNA;2;21012962
KORAI;MÊ¯CZYZNA;2;21012964
VIOREL-MARIAN;MÊ¯CZYZNA;2;21012966
LUIS MANUEL;MÊ¯CZYZNA;2;21012968
KEYU;MÊ¯CZYZNA;2;21012970
DUYGU;MÊ¯CZYZNA;2;21012972
JIYOUNG;MÊ¯CZYZNA;2;21012974
LOKENDRA;MÊ¯CZYZNA;2;21012976
ANJUM;MÊ¯CZYZNA;2;21012978
IUSTINE;MÊ¯CZYZNA;2;21012980
PIETERJAN;MÊ¯CZYZNA;2;21012982
SANTANA;MÊ¯CZYZNA;2;21012984
SAO;MÊ¯CZYZNA;2;21012986
JHAR;MÊ¯CZYZNA;2;21012988
KADDOUR;MÊ¯CZYZNA;2;21012990
PETRISOR;MÊ¯CZYZNA;2;21012992
ADGAR;MÊ¯CZYZNA;2;21012994
PROMOD;MÊ¯CZYZNA;2;21012996
QUOC MINH;MÊ¯CZYZNA;2;21012998
MONU;MÊ¯CZYZNA;2;21013000
DUC CONG;MÊ¯CZYZNA;2;21013002
MIDJAN;MÊ¯CZYZNA;2;21013004
MINOS;MÊ¯CZYZNA;2;21013006
DOSSYM;MÊ¯CZYZNA;2;21013008
MEIDAN;MÊ¯CZYZNA;2;21013010
BIJI;MÊ¯CZYZNA;2;21013012
VIACHESLAN;MÊ¯CZYZNA;2;21013014
BIKAS;MÊ¯CZYZNA;2;21013016
HAG;MÊ¯CZYZNA;2;21013018
TOMIWA;MÊ¯CZYZNA;2;21013020
NASIBULLO;MÊ¯CZYZNA;2;21013022
GULIYEV;MÊ¯CZYZNA;2;21013024
AVRAZ;MÊ¯CZYZNA;2;21013026
SATHYANARAYANAN;MÊ¯CZYZNA;2;21013028
SANANI;MÊ¯CZYZNA;2;21013030
QIZHENG;MÊ¯CZYZNA;2;21013032
SARAH;MÊ¯CZYZNA;2;21013034
ASIF KHAN;MÊ¯CZYZNA;2;21013036
JALOLDIN;MÊ¯CZYZNA;2;21013038
L?SZL?;MÊ¯CZYZNA;2;21013040
TAE YOUNG;MÊ¯CZYZNA;2;21013042
DURAK;MÊ¯CZYZNA;2;21013044
KEROB;MÊ¯CZYZNA;2;21013046
SEYID;MÊ¯CZYZNA;2;21013048
CONG THANG;MÊ¯CZYZNA;2;21013050
AIEDIN;MÊ¯CZYZNA;2;21013052
MANJIL;MÊ¯CZYZNA;2;21013054
JIEJIE;MÊ¯CZYZNA;2;21013056
HYEONGIL;MÊ¯CZYZNA;2;21013058
TYNCHTYK;MÊ¯CZYZNA;2;21013060
ORAY;MÊ¯CZYZNA;2;21013062
SERGIU-ANDREI;MÊ¯CZYZNA;2;21013064
ZIEMIOMYS£;MÊ¯CZYZNA;2;21013066
FLOBENS;MÊ¯CZYZNA;2;21013068
XIANGJIE;MÊ¯CZYZNA;2;21013070
FRÉDERIC;MÊ¯CZYZNA;2;21013072
GAETAN;MÊ¯CZYZNA;2;21013074
JEVGE?IJS;MÊ¯CZYZNA;2;21013076
VLADIC;MÊ¯CZYZNA;2;21013078
TRYFON;MÊ¯CZYZNA;2;21013080
BOULBABA;MÊ¯CZYZNA;2;21013082
OLEKSIL;MÊ¯CZYZNA;2;21013084
CONCETTO;MÊ¯CZYZNA;2;21013086
DOHYEON;MÊ¯CZYZNA;2;21013088
BEGJAN;MÊ¯CZYZNA;2;21013090
ANTTON;MÊ¯CZYZNA;2;21013092
MCHITAR;MÊ¯CZYZNA;2;21013094
LAYACHI;MÊ¯CZYZNA;2;21013096
NHA;MÊ¯CZYZNA;2;21013098
VINCENC;MÊ¯CZYZNA;2;21013100
GIORGIE;MÊ¯CZYZNA;2;21013102
MOHAMED EL BACHIR;MÊ¯CZYZNA;2;21013104
MARCUZ;MÊ¯CZYZNA;2;21013106
AARNO;MÊ¯CZYZNA;2;21013108
TSEZARII;MÊ¯CZYZNA;2;21013110
VISHWAJIT;MÊ¯CZYZNA;2;21013112
VIRAG;MÊ¯CZYZNA;2;21013114
SHAKHRIAR;MÊ¯CZYZNA;2;21013116
ISMAJL;MÊ¯CZYZNA;2;21013118
HAOLIANG;MÊ¯CZYZNA;2;21013120
MARTTI;MÊ¯CZYZNA;2;21013122
NGOC QUANG;MÊ¯CZYZNA;2;21013124
SORINO;MÊ¯CZYZNA;2;21013126
CORBEN;MÊ¯CZYZNA;2;21013128
MOSHAHID;MÊ¯CZYZNA;2;21013130
ATREY;MÊ¯CZYZNA;2;21013132
HEBERT;MÊ¯CZYZNA;2;21013134
MD ALAN;MÊ¯CZYZNA;2;21013136
SANTYNO;MÊ¯CZYZNA;2;21013138
ARUL KUMAR;MÊ¯CZYZNA;2;21013140
ATILANO;MÊ¯CZYZNA;2;21013142
JAYAMURUGAN;MÊ¯CZYZNA;2;21013144
EROFEI;MÊ¯CZYZNA;2;21013146
YOUNG CHEOL;MÊ¯CZYZNA;2;21013148
TAIHUA;MÊ¯CZYZNA;2;21013150
TIEN TRUNG;MÊ¯CZYZNA;2;21013152
HURSHIDJON;MÊ¯CZYZNA;2;21013154
HIDEHIKO;MÊ¯CZYZNA;2;21013156
RANAJIT;MÊ¯CZYZNA;2;21013158
VLADISZLÁV;MÊ¯CZYZNA;2;21013160
DAVRANBEK;MÊ¯CZYZNA;2;21013162
GAURAHARI;MÊ¯CZYZNA;2;21013164
LANSHENG;MÊ¯CZYZNA;2;21013166
HOJAMYRAT;MÊ¯CZYZNA;2;21013168
SHEDRACK;MÊ¯CZYZNA;2;21013170
??C B?NH;MÊ¯CZYZNA;2;21013172
CHAINARONG;MÊ¯CZYZNA;2;21013174
SARBAN;MÊ¯CZYZNA;2;21013176
EWIN;MÊ¯CZYZNA;2;21013178
LEKO;MÊ¯CZYZNA;2;21013180
TARIKU;MÊ¯CZYZNA;2;21013182
OHTAI;MÊ¯CZYZNA;2;21013184
MAHABOOB;MÊ¯CZYZNA;2;21013186
OMAROV;MÊ¯CZYZNA;2;21013188
MUNTASER;MÊ¯CZYZNA;2;21013190
JONGHAK;MÊ¯CZYZNA;2;21013192
SHENGQIANG;MÊ¯CZYZNA;2;21013194
ULA?;MÊ¯CZYZNA;2;21013196
MARYL;MÊ¯CZYZNA;2;21013198
M'BAREK;MÊ¯CZYZNA;2;21013200
KHEDER;MÊ¯CZYZNA;2;21013202
SUNDET;MÊ¯CZYZNA;2;21013204
KULVIR SINGH;MÊ¯CZYZNA;2;21013206
RUSHEN;MÊ¯CZYZNA;2;21013208
DUNIAMIN;MÊ¯CZYZNA;2;21013210
SABAHADDIN;MÊ¯CZYZNA;2;21013212
SALAHATTIN;MÊ¯CZYZNA;2;21013214
GOURAB;MÊ¯CZYZNA;2;21013216
REMIDIUSZ;MÊ¯CZYZNA;2;21013218
SMUL;MÊ¯CZYZNA;2;21013220
Ð?I;MÊ¯CZYZNA;2;21013222
EL AMINE;MÊ¯CZYZNA;2;21013224
MAEN;MÊ¯CZYZNA;2;21013226
SLAVOMIRAS;MÊ¯CZYZNA;2;21013228
SAYD-KHASAN;MÊ¯CZYZNA;2;21013230
HELGI;MÊ¯CZYZNA;2;21013232
RANA PRATAP;MÊ¯CZYZNA;2;21013234
SOHIBJON;MÊ¯CZYZNA;2;21013236
MEISAM;MÊ¯CZYZNA;2;21013238
RUBAYET;MÊ¯CZYZNA;2;21013240
BEKBOL;MÊ¯CZYZNA;2;21013242
GJEVDET;MÊ¯CZYZNA;2;21013244
ZAKERY;MÊ¯CZYZNA;2;21013246
KARANVEER;MÊ¯CZYZNA;2;21013248
JASEEL;MÊ¯CZYZNA;2;21013250
HAILEYESUS;MÊ¯CZYZNA;2;21013252
MD JASIM;MÊ¯CZYZNA;2;21013254
SHAPRAN;MÊ¯CZYZNA;2;21013256
SATBIR SINGH;MÊ¯CZYZNA;2;21013258
CAMILO ALEJANDRO;MÊ¯CZYZNA;2;21013260
HASHYM;MÊ¯CZYZNA;2;21013262
CAZMIR;MÊ¯CZYZNA;2;21013264
LILIIAN;MÊ¯CZYZNA;2;21013266
HARTONO;MÊ¯CZYZNA;2;21013268
JOYNUL;MÊ¯CZYZNA;2;21013270
MUFADDAL;MÊ¯CZYZNA;2;21013272
PEARSE;MÊ¯CZYZNA;2;21013274
SHU-HUNG;MÊ¯CZYZNA;2;21013276
KRISHNA RAO;MÊ¯CZYZNA;2;21013278
JUMADI;MÊ¯CZYZNA;2;21013280
MUSE;MÊ¯CZYZNA;2;21013282
DALMAR;MÊ¯CZYZNA;2;21013284
KUBAN;MÊ¯CZYZNA;2;21013286
ARTURO JR.;MÊ¯CZYZNA;2;21013288
DAVLATALI;MÊ¯CZYZNA;2;21013290
DAYYAN;MÊ¯CZYZNA;2;21013292
ELISEIY;MÊ¯CZYZNA;2;21013294
ZAN;MÊ¯CZYZNA;2;21013296
RUSLI;MÊ¯CZYZNA;2;21013298
ANXHELO;MÊ¯CZYZNA;2;21013300
NARESHKUMAR;MÊ¯CZYZNA;2;21013302
JITENDAR;MÊ¯CZYZNA;2;21013304
MAKARIOS;MÊ¯CZYZNA;2;21013306
RUPESH KUMAR;MÊ¯CZYZNA;2;21013308
KORBEN;MÊ¯CZYZNA;2;21013310
BAKHIT;MÊ¯CZYZNA;2;21013312
BYEONGSU;MÊ¯CZYZNA;2;21013314
MACIN;MÊ¯CZYZNA;2;21013316
ABDULRAKHMAN;MÊ¯CZYZNA;2;21013318
DUY KHOA;MÊ¯CZYZNA;2;21013320
GYUMIN;MÊ¯CZYZNA;2;21013322
PARTEN;MÊ¯CZYZNA;2;21013324
THAMEUR;MÊ¯CZYZNA;2;21013326
KURIAN;MÊ¯CZYZNA;2;21013328
BABAMURAD;MÊ¯CZYZNA;2;21013330
OLUSHOLA;MÊ¯CZYZNA;2;21013332
FAEZ;MÊ¯CZYZNA;2;21013334
AATU;MÊ¯CZYZNA;2;21013336
MINWEI;MÊ¯CZYZNA;2;21013338
ARVIDAS;MÊ¯CZYZNA;2;21013340
KALIMULLAH;MÊ¯CZYZNA;2;21013342
OSUKE;MÊ¯CZYZNA;2;21013344
JASIEL;MÊ¯CZYZNA;2;21013346
SARDER;MÊ¯CZYZNA;2;21013348
NOLEN;MÊ¯CZYZNA;2;21013350
ARTIKBAY;MÊ¯CZYZNA;2;21013352
ERDO?AN;MÊ¯CZYZNA;2;21013354
HYUNKI;MÊ¯CZYZNA;2;21013356
CHUN-YEN;MÊ¯CZYZNA;2;21013358
AHIL;MÊ¯CZYZNA;2;21013360
LÉANDRE;MÊ¯CZYZNA;2;21013362
MD FAZLUR;MÊ¯CZYZNA;2;21013364
ZOKIRDZHON;MÊ¯CZYZNA;2;21013366
CHRISTOFF;MÊ¯CZYZNA;2;21013368
SVETYSLAV;MÊ¯CZYZNA;2;21013370
ROSEL;MÊ¯CZYZNA;2;21013372
SARBAST;MÊ¯CZYZNA;2;21013374
SHAMSHIR;MÊ¯CZYZNA;2;21013376
MURAT CAN;MÊ¯CZYZNA;2;21013378
CHI-CHUN;MÊ¯CZYZNA;2;21013380
RIGHTEOUSNESS;MÊ¯CZYZNA;2;21013382
YULCHI;MÊ¯CZYZNA;2;21013384
VEYSAL;MÊ¯CZYZNA;2;21013386
BALU;MÊ¯CZYZNA;2;21013388
LUIS ALFREDO;MÊ¯CZYZNA;2;21013390
SENMAO;MÊ¯CZYZNA;2;21013392
QIANZHI;MÊ¯CZYZNA;2;21013394
TOBJASZ;MÊ¯CZYZNA;2;21013396
EVANDER;MÊ¯CZYZNA;2;21013398
ABDULVAHAP;MÊ¯CZYZNA;2;21013400
JASDEEP SINGH;MÊ¯CZYZNA;2;21013402
MATFIY;MÊ¯CZYZNA;2;21013404
VITALIANO;MÊ¯CZYZNA;2;21013406
KYIALBEK;MÊ¯CZYZNA;2;21013408
AVGUST;MÊ¯CZYZNA;2;21013410
DAVID ALEXANDER;MÊ¯CZYZNA;2;21013412
HULYK;MÊ¯CZYZNA;2;21013414
DEIVERSON;MÊ¯CZYZNA;2;21013416
M?RTIN;MÊ¯CZYZNA;2;21013418
KADEDI;MÊ¯CZYZNA;2;21013420
SONGFENG;MÊ¯CZYZNA;2;21013422
GEORGE-CRISTIAN;MÊ¯CZYZNA;2;21013424
MARCELO JR.;MÊ¯CZYZNA;2;21013426
APICHAT;MÊ¯CZYZNA;2;21013428
CHAHIN;MÊ¯CZYZNA;2;21013430
WOJNAR;MÊ¯CZYZNA;2;21013432
SHAIFUL;MÊ¯CZYZNA;2;21013434
SEMIUEL;MÊ¯CZYZNA;2;21013436
JAEKEUN;MÊ¯CZYZNA;2;21013438
YITZCHOK;MÊ¯CZYZNA;2;21013440
ANAR-ERDENE;MÊ¯CZYZNA;2;21013442
BABIKER;MÊ¯CZYZNA;2;21013444
HOANG TUNG;MÊ¯CZYZNA;2;21013446
THANH TAM;MÊ¯CZYZNA;2;21013448
SHIRMAMMAD;MÊ¯CZYZNA;2;21013450
URAS;MÊ¯CZYZNA;2;21013452
SHOKAT;MÊ¯CZYZNA;2;21013454
ECKHARDT;MÊ¯CZYZNA;2;21013456
??NH C??NG;MÊ¯CZYZNA;2;21013458
DHRUBA RAJ;MÊ¯CZYZNA;2;21013460
SACHIT;MÊ¯CZYZNA;2;21013462
IRYK;MÊ¯CZYZNA;2;21013464
MUJAHED;MÊ¯CZYZNA;2;21013466
NAZLI;MÊ¯CZYZNA;2;21013468
BOSHIDAR;MÊ¯CZYZNA;2;21013470
SAIDMALIK;MÊ¯CZYZNA;2;21013472
SE YOUNG;MÊ¯CZYZNA;2;21013474
RANSOM;MÊ¯CZYZNA;2;21013476
MINH QUÝ;MÊ¯CZYZNA;2;21013478
HARUNUR;MÊ¯CZYZNA;2;21013480
XUAN QUYNH;MÊ¯CZYZNA;2;21013482
QINGHAI;MÊ¯CZYZNA;2;21013484
ALIAKSEY;MÊ¯CZYZNA;2;21013486
SAYFULLO;MÊ¯CZYZNA;2;21013488
MANOLE;MÊ¯CZYZNA;2;21013490
TOMOMASA;MÊ¯CZYZNA;2;21013492
NORITOSHI;MÊ¯CZYZNA;2;21013494
HWANJONG;MÊ¯CZYZNA;2;21013496
FARVIZ;MÊ¯CZYZNA;2;21013498
SHUHRATBEK;MÊ¯CZYZNA;2;21013500
RAMARAJU;MÊ¯CZYZNA;2;21013502
FRANCISZAK;MÊ¯CZYZNA;2;21013504
SILVESTRE;MÊ¯CZYZNA;2;21013506
NURPU;MÊ¯CZYZNA;2;21013508
KANAGARAJ;MÊ¯CZYZNA;2;21013510
NDUE;MÊ¯CZYZNA;2;21013512
TUYCHI;MÊ¯CZYZNA;2;21013514
ILDO;MÊ¯CZYZNA;2;21013516
KORNELIJUS;MÊ¯CZYZNA;2;21013518
RAGURAM;MÊ¯CZYZNA;2;21013520
HAILEGEBRIEL;MÊ¯CZYZNA;2;21013522
ROKHAN;MÊ¯CZYZNA;2;21013524
SLADE;MÊ¯CZYZNA;2;21013526
ROHADI;MÊ¯CZYZNA;2;21013528
TAWATCHAI;MÊ¯CZYZNA;2;21013530
IZUNNA;MÊ¯CZYZNA;2;21013532
WENZHI;MÊ¯CZYZNA;2;21013534
OH;MÊ¯CZYZNA;2;21013536
DANJIL;MÊ¯CZYZNA;2;21013538
ALIMIRZA;MÊ¯CZYZNA;2;21013540
MUHAMMAD TALHA;MÊ¯CZYZNA;2;21013542
XUAN HIEU;MÊ¯CZYZNA;2;21013544
BORI;MÊ¯CZYZNA;2;21013546
SUTHAN;MÊ¯CZYZNA;2;21013548
RONGHUA;MÊ¯CZYZNA;2;21013550
JETT;MÊ¯CZYZNA;2;21013552
RAEON;MÊ¯CZYZNA;2;21013554
KÖSE;MÊ¯CZYZNA;2;21013556
JOSÉ FRANCISCO;MÊ¯CZYZNA;2;21013558
SOUMYAJIT;MÊ¯CZYZNA;2;21013560
FELIPPE;MÊ¯CZYZNA;2;21013562
KRIMO;MÊ¯CZYZNA;2;21013564
MEI;MÊ¯CZYZNA;2;21013566
STSEFAN;MÊ¯CZYZNA;2;21013568
RYUSUKE;MÊ¯CZYZNA;2;21013570
MUHANAD;MÊ¯CZYZNA;2;21013572
MALK;MÊ¯CZYZNA;2;21013574
ANJO;MÊ¯CZYZNA;2;21013576
JIT BAHADUR;MÊ¯CZYZNA;2;21013578
TR?NG T?N;MÊ¯CZYZNA;2;21013580
FESTO;MÊ¯CZYZNA;2;21013582
RAKHUL;MÊ¯CZYZNA;2;21013584
ARUN RAJ;MÊ¯CZYZNA;2;21013586
BAZIL;MÊ¯CZYZNA;2;21013588
MOHANARAO;MÊ¯CZYZNA;2;21013590
NAJAB;MÊ¯CZYZNA;2;21013592
UDAYAKUMAR;MÊ¯CZYZNA;2;21013594
ABDUJALIL;MÊ¯CZYZNA;2;21013596
JAVOKHIRJON;MÊ¯CZYZNA;2;21013598
TAYY?P;MÊ¯CZYZNA;2;21013600
BISHU;MÊ¯CZYZNA;2;21013602
HOANG TU;MÊ¯CZYZNA;2;21013604
AMARENDRA;MÊ¯CZYZNA;2;21013606
SHAHZADA;MÊ¯CZYZNA;2;21013608
ERTON;MÊ¯CZYZNA;2;21013610
MINH CHÂU;MÊ¯CZYZNA;2;21013612
HO JUN;MÊ¯CZYZNA;2;21013614
EDWELL;MÊ¯CZYZNA;2;21013616
DURO;MÊ¯CZYZNA;2;21013618
KHUSHVAKHT;MÊ¯CZYZNA;2;21013620
JECHIEL;MÊ¯CZYZNA;2;21013622
VINH QUANG;MÊ¯CZYZNA;2;21013624
MUKOLAI;MÊ¯CZYZNA;2;21013626
NOVA;MÊ¯CZYZNA;2;21013628
BOBURZHON;MÊ¯CZYZNA;2;21013630
MEHMET EM?N;MÊ¯CZYZNA;2;21013632
BISHWANATH;MÊ¯CZYZNA;2;21013634
OUSSEYNOU;MÊ¯CZYZNA;2;21013636
FOX;MÊ¯CZYZNA;2;21013638
NIRMIT;MÊ¯CZYZNA;2;21013640
OGAN;MÊ¯CZYZNA;2;21013642
HJALMAR;MÊ¯CZYZNA;2;21013644
BABATUNJI;MÊ¯CZYZNA;2;21013646
SEMO;MÊ¯CZYZNA;2;21013648
DOVLETMURAT;MÊ¯CZYZNA;2;21013650
DIONISIUS;MÊ¯CZYZNA;2;21013652
YUECAI;MÊ¯CZYZNA;2;21013654
RIGELS;MÊ¯CZYZNA;2;21013656
ZBYEK;MÊ¯CZYZNA;2;21013658
LAUR;MÊ¯CZYZNA;2;21013660
DAHUA;MÊ¯CZYZNA;2;21013662
MAIKO;MÊ¯CZYZNA;2;21013664
NIVAAN;MÊ¯CZYZNA;2;21013666
DEMETRIUS;MÊ¯CZYZNA;2;21013668
HAMDO;MÊ¯CZYZNA;2;21013670
DIMITRIUSZ;MÊ¯CZYZNA;2;21013672
DMYRO;MÊ¯CZYZNA;2;21013674
VINODHKUMAR;MÊ¯CZYZNA;2;21013676
SORIF;MÊ¯CZYZNA;2;21013678
HELAN;MÊ¯CZYZNA;2;21013680
IDORENYIN;MÊ¯CZYZNA;2;21013682
DONG JUN;MÊ¯CZYZNA;2;21013684
DZHUNAID;MÊ¯CZYZNA;2;21013686
NADAN;MÊ¯CZYZNA;2;21013688
SAINT;MÊ¯CZYZNA;2;21013690
MOHAMED YASSINE;MÊ¯CZYZNA;2;21013692
YONGIL;MÊ¯CZYZNA;2;21013694
ARYAAN;MÊ¯CZYZNA;2;21013696
MITRALAL;MÊ¯CZYZNA;2;21013698
DUY TUAN;MÊ¯CZYZNA;2;21013700
RUBINO;MÊ¯CZYZNA;2;21013702
RENATOLD;MÊ¯CZYZNA;2;21013704
TRUONG AN;MÊ¯CZYZNA;2;21013706
SANTIEGO;MÊ¯CZYZNA;2;21013708
FENGYU;MÊ¯CZYZNA;2;21013710
DHIRENKUMAR;MÊ¯CZYZNA;2;21013712
CAREY;MÊ¯CZYZNA;2;21013714
SUBODH;MÊ¯CZYZNA;2;21013716
SUWAT;MÊ¯CZYZNA;2;21013718
MANH QUAN;MÊ¯CZYZNA;2;21013720
ZLATIBOR;MÊ¯CZYZNA;2;21013722
TASNEEM;MÊ¯CZYZNA;2;21013724
MENOUAR;MÊ¯CZYZNA;2;21013726
VARTKEZ;MÊ¯CZYZNA;2;21013728
YUNTONG;MÊ¯CZYZNA;2;21013730
DAEGEUN;MÊ¯CZYZNA;2;21013732
YEWEI;MÊ¯CZYZNA;2;21013734
ASTITVA;MÊ¯CZYZNA;2;21013736
YONG SOK;MÊ¯CZYZNA;2;21013738
AWIT;MÊ¯CZYZNA;2;21013740
QUANG THAI;MÊ¯CZYZNA;2;21013742
SUWIT;MÊ¯CZYZNA;2;21013744
KOLJA;MÊ¯CZYZNA;2;21013746
ALEXANDRU-DAN;MÊ¯CZYZNA;2;21013748
HAI LAM;MÊ¯CZYZNA;2;21013750
VITALII-OLEKSANDR;MÊ¯CZYZNA;2;21013752
PANYA;MÊ¯CZYZNA;2;21013754
ROHENDI;MÊ¯CZYZNA;2;21013756
MODAR;MÊ¯CZYZNA;2;21013758
RAMASAMY;MÊ¯CZYZNA;2;21013760
ADONAI;MÊ¯CZYZNA;2;21013762
UMUT CAN;MÊ¯CZYZNA;2;21013764
TR??NG S?N;MÊ¯CZYZNA;2;21013766
AN PHU;MÊ¯CZYZNA;2;21013768
SUEN;MÊ¯CZYZNA;2;21013770
WEI-LUN;MÊ¯CZYZNA;2;21013772
MAKONNEN;MÊ¯CZYZNA;2;21013774
XHEMAJL;MÊ¯CZYZNA;2;21013776
WIKTORIUSZ;MÊ¯CZYZNA;2;21013778
PRAVIND;MÊ¯CZYZNA;2;21013780
MUAMAR;MÊ¯CZYZNA;2;21013782
ABDERREZZAQ;MÊ¯CZYZNA;2;21013784
ALO?S;MÊ¯CZYZNA;2;21013786
SHYRKHAN;MÊ¯CZYZNA;2;21013788
ENDRA;MÊ¯CZYZNA;2;21013790
TOMOR;MÊ¯CZYZNA;2;21013792
BENIAMINI;MÊ¯CZYZNA;2;21013794
RAJHOLD;MÊ¯CZYZNA;2;21013796
YONGYU;MÊ¯CZYZNA;2;21013798
ABDULGHANI;MÊ¯CZYZNA;2;21013800
AYYAZ;MÊ¯CZYZNA;2;21013802
YIZHAN;MÊ¯CZYZNA;2;21013804
NAM JIN;MÊ¯CZYZNA;2;21013806
NATTAPOL;MÊ¯CZYZNA;2;21013808
REYNOLD;MÊ¯CZYZNA;2;21013810
AIHAN;MÊ¯CZYZNA;2;21013812
RUZI;MÊ¯CZYZNA;2;21013814
GIULOGLAN;MÊ¯CZYZNA;2;21013816
TERENTIJS;MÊ¯CZYZNA;2;21013818
RATNO;MÊ¯CZYZNA;2;21013820
RUBEN JR;MÊ¯CZYZNA;2;21013822
AL?ªAN;MÊ¯CZYZNA;2;21013824
ABED EL RAHMAN;MÊ¯CZYZNA;2;21013826
DUC AN;MÊ¯CZYZNA;2;21013828
SAIDJAKHON;MÊ¯CZYZNA;2;21013830
ELDZHAN;MÊ¯CZYZNA;2;21013832
DAVLATKHUJA;MÊ¯CZYZNA;2;21013834
KHOLMATJON;MÊ¯CZYZNA;2;21013836
HAMROZ;MÊ¯CZYZNA;2;21013838
ANAND KUMAR;MÊ¯CZYZNA;2;21013840
LEQSO;MÊ¯CZYZNA;2;21013842
BEHRAM;MÊ¯CZYZNA;2;21013844
PHUÖNG;MÊ¯CZYZNA;2;21013846
MISBAH;MÊ¯CZYZNA;2;21013848
LIPU;MÊ¯CZYZNA;2;21013850
TARA MAN;MÊ¯CZYZNA;2;21013852
NG?C VINH;MÊ¯CZYZNA;2;21013854
MOHAMMAD SOHAG;MÊ¯CZYZNA;2;21013856
FREDIE;MÊ¯CZYZNA;2;21013858
SAMBHU;MÊ¯CZYZNA;2;21013860
RAMZIDDIN;MÊ¯CZYZNA;2;21013862
NAZARII-MYKHAILO;MÊ¯CZYZNA;2;21013864
PEEP;MÊ¯CZYZNA;2;21013866
YNON;MÊ¯CZYZNA;2;21013868
WENENTY;MÊ¯CZYZNA;2;21013870
KEVIN ANDRES;MÊ¯CZYZNA;2;21013872
UGOCHUKWU JUDE;MÊ¯CZYZNA;2;21013874
FEH?M;MÊ¯CZYZNA;2;21013876
OLIVERIS;MÊ¯CZYZNA;2;21013878
QUANG KHANH;MÊ¯CZYZNA;2;21013880
W£AD;MÊ¯CZYZNA;2;21013882
TANEL;MÊ¯CZYZNA;2;21013884
SERAG;MÊ¯CZYZNA;2;21013886
VI?T S?N;MÊ¯CZYZNA;2;21013888
KINGSHUK;MÊ¯CZYZNA;2;21013890
HONG CHUONG;MÊ¯CZYZNA;2;21013892
KAIKAI;MÊ¯CZYZNA;2;21013894
BOUCHTA;MÊ¯CZYZNA;2;21013896
THUYET;MÊ¯CZYZNA;2;21013898
TIRAN;MÊ¯CZYZNA;2;21013900
MANH HIEU;MÊ¯CZYZNA;2;21013902
IAVOR;MÊ¯CZYZNA;2;21013904
HARALAMPOS;MÊ¯CZYZNA;2;21013906
DIACHENKO;MÊ¯CZYZNA;2;21013908
LASO;MÊ¯CZYZNA;2;21013910
AARNAV;MÊ¯CZYZNA;2;21013912
SIGWARD;MÊ¯CZYZNA;2;21013914
NICHIFOR;MÊ¯CZYZNA;2;21013916
ATHEER;MÊ¯CZYZNA;2;21013918
HECTOR JAVIER;MÊ¯CZYZNA;2;21013920
GIA PHONG;MÊ¯CZYZNA;2;21013922
DELOWAR;MÊ¯CZYZNA;2;21013924
SARHADDIN;MÊ¯CZYZNA;2;21013926
SHANKAR LAL;MÊ¯CZYZNA;2;21013928
MIZUKI;MÊ¯CZYZNA;2;21013930
JAROMYR;MÊ¯CZYZNA;2;21013932
JALAPATHI;MÊ¯CZYZNA;2;21013934
ROHI;MÊ¯CZYZNA;2;21013936
OLUWAFERANMI;MÊ¯CZYZNA;2;21013938
MRIDUL;MÊ¯CZYZNA;2;21013940
GIOSU?;MÊ¯CZYZNA;2;21013942
LUKAN;MÊ¯CZYZNA;2;21013944
MOAD;MÊ¯CZYZNA;2;21013946
ALDEUSZ;MÊ¯CZYZNA;2;21013948
RAKHIMDZHON;MÊ¯CZYZNA;2;21013950
JEVGENIY;MÊ¯CZYZNA;2;21013952
PAAVO;MÊ¯CZYZNA;2;21013954
TERTIUS;MÊ¯CZYZNA;2;21013956
QUOC THANG;MÊ¯CZYZNA;2;21013958
TRAC;MÊ¯CZYZNA;2;21013960
KEUNYOUNG;MÊ¯CZYZNA;2;21013962
OMAID;MÊ¯CZYZNA;2;21013964
CHEON;MÊ¯CZYZNA;2;21013966
AHAT;MÊ¯CZYZNA;2;21013968
FAROMUZ;MÊ¯CZYZNA;2;21013970
REWATI;MÊ¯CZYZNA;2;21013972
BEQIR;MÊ¯CZYZNA;2;21013974
KYRIAN;MÊ¯CZYZNA;2;21013976
MORY;MÊ¯CZYZNA;2;21013978
NGOC LAM;MÊ¯CZYZNA;2;21013980
ZAJAN;MÊ¯CZYZNA;2;21013982
SIGISMUND;MÊ¯CZYZNA;2;21013984
KIN;MÊ¯CZYZNA;2;21013986
WENSHI;MÊ¯CZYZNA;2;21013988
KELTON;MÊ¯CZYZNA;2;21013990
SUSITH;MÊ¯CZYZNA;2;21013992
LUTFU;MÊ¯CZYZNA;2;21013994
SOK;MÊ¯CZYZNA;2;21013996
KATSUYUKI;MÊ¯CZYZNA;2;21013998
ABDULKADYR;MÊ¯CZYZNA;2;21014000
YÛKSEL;MÊ¯CZYZNA;2;21014002
TRONG HOA;MÊ¯CZYZNA;2;21014004
RENARDO;MÊ¯CZYZNA;2;21014006
TIEFENG;MÊ¯CZYZNA;2;21014008
TR?NG C??NG;MÊ¯CZYZNA;2;21014010
KHANH TRINH;MÊ¯CZYZNA;2;21014012
JABRAIL;MÊ¯CZYZNA;2;21014014
DEEPAK SINGH;MÊ¯CZYZNA;2;21014016
SIRANJEEVI;MÊ¯CZYZNA;2;21014018
EROLL;MÊ¯CZYZNA;2;21014020
KHIKMATULLO;MÊ¯CZYZNA;2;21014022
HAN SUNG;MÊ¯CZYZNA;2;21014024
RABAR;MÊ¯CZYZNA;2;21014026
TATSIANA;MÊ¯CZYZNA;2;21014028
MARAK;MÊ¯CZYZNA;2;21014030
CÃTÃLIN-MIHAI;MÊ¯CZYZNA;2;21014032
STANISLAV-OLEKSANDR;MÊ¯CZYZNA;2;21014034
DARVAN;MÊ¯CZYZNA;2;21014036
TATSURO;MÊ¯CZYZNA;2;21014038
ZIANON;MÊ¯CZYZNA;2;21014040
NIKANT;MÊ¯CZYZNA;2;21014042
KERSTIN;MÊ¯CZYZNA;2;21014044
RAMHARI;MÊ¯CZYZNA;2;21014046
HENZEL;MÊ¯CZYZNA;2;21014048
DIVYANG;MÊ¯CZYZNA;2;21014050
BAKHTYAR;MÊ¯CZYZNA;2;21014052
YONGQING;MÊ¯CZYZNA;2;21014054
FIRDOSI;MÊ¯CZYZNA;2;21014056
VAGINAK;MÊ¯CZYZNA;2;21014058
KANGHYEON;MÊ¯CZYZNA;2;21014060
ELYSEE;MÊ¯CZYZNA;2;21014062
NÃM;MÊ¯CZYZNA;2;21014064
PRIMOSZ;MÊ¯CZYZNA;2;21014066
YI-SHENG;MÊ¯CZYZNA;2;21014068
CHEN-WEI;MÊ¯CZYZNA;2;21014070
TIEN HIEP;MÊ¯CZYZNA;2;21014072
DEEPAKKUMAR;MÊ¯CZYZNA;2;21014074
RAJAI;MÊ¯CZYZNA;2;21014076
ILAJ;MÊ¯CZYZNA;2;21014078
LAKHWINDER SINGH;MÊ¯CZYZNA;2;21014080
HAYRULLA;MÊ¯CZYZNA;2;21014082
JEAN-GUY;MÊ¯CZYZNA;2;21014084
OSKARAS;MÊ¯CZYZNA;2;21014086
TAEYEONG;MÊ¯CZYZNA;2;21014088
SAYFULLOH;MÊ¯CZYZNA;2;21014090
YUEKAI;MÊ¯CZYZNA;2;21014092
JAAKOB;MÊ¯CZYZNA;2;21014094
VÃN L?P;MÊ¯CZYZNA;2;21014096
SUNGTAE;MÊ¯CZYZNA;2;21014098
VIHEN;MÊ¯CZYZNA;2;21014100
ROLIE;MÊ¯CZYZNA;2;21014102
AKIWA;MÊ¯CZYZNA;2;21014104
BEJAMIN;MÊ¯CZYZNA;2;21014106
KALAICHELVAN;MÊ¯CZYZNA;2;21014108
OLUWAPELUMI;MÊ¯CZYZNA;2;21014110
HUNAN;MÊ¯CZYZNA;2;21014112
HAROLDAS;MÊ¯CZYZNA;2;21014114
TRYM;MÊ¯CZYZNA;2;21014116
SAMART;MÊ¯CZYZNA;2;21014118
PROSPERO;MÊ¯CZYZNA;2;21014120
XIAOKANG;MÊ¯CZYZNA;2;21014122
DNYANESHWAR;MÊ¯CZYZNA;2;21014124
MINH QUYEN;MÊ¯CZYZNA;2;21014126
HO?NG DUY;MÊ¯CZYZNA;2;21014128
XUÂN QUANG;MÊ¯CZYZNA;2;21014130
KERSTEN;MÊ¯CZYZNA;2;21014132
KIM ANH;MÊ¯CZYZNA;2;21014134
DMITRYJ;MÊ¯CZYZNA;2;21014136
PANOS;MÊ¯CZYZNA;2;21014138
VELI-PEKKA;MÊ¯CZYZNA;2;21014140
PATRICIO JR.;MÊ¯CZYZNA;2;21014142
THINAKARAN;MÊ¯CZYZNA;2;21014144
KA CHUN;MÊ¯CZYZNA;2;21014146
Ð?NH TU?N;MÊ¯CZYZNA;2;21014148
DJAVANSHIR;MÊ¯CZYZNA;2;21014150
BRYNJAR;MÊ¯CZYZNA;2;21014152
ZANGAR;MÊ¯CZYZNA;2;21014154
MILANKO;MÊ¯CZYZNA;2;21014156
ANATAOLII;MÊ¯CZYZNA;2;21014158
ZINAIDA;MÊ¯CZYZNA;2;21014160
SANTOLO;MÊ¯CZYZNA;2;21014162
MÛCAHIT;MÊ¯CZYZNA;2;21014164
ALCIDE;MÊ¯CZYZNA;2;21014166
KYUNGHWAN;MÊ¯CZYZNA;2;21014168
THOMAS R;MÊ¯CZYZNA;2;21014170
ASHOKBHAI;MÊ¯CZYZNA;2;21014172
KOSHY;MÊ¯CZYZNA;2;21014174
JOHN M;MÊ¯CZYZNA;2;21014176
ADEMIDE;MÊ¯CZYZNA;2;21014178
HOMAYUN;MÊ¯CZYZNA;2;21014180
MAROM;MÊ¯CZYZNA;2;21014182
BISHESH;MÊ¯CZYZNA;2;21014184
JIAHE;MÊ¯CZYZNA;2;21014186
REN?RS;MÊ¯CZYZNA;2;21014188
ISMATULLO;MÊ¯CZYZNA;2;21014190
FORTUNATO JR.;MÊ¯CZYZNA;2;21014192
TEFAN;MÊ¯CZYZNA;2;21014194
ATIPH;MÊ¯CZYZNA;2;21014196
BARJAM;MÊ¯CZYZNA;2;21014198
JACOP;MÊ¯CZYZNA;2;21014200
EASHAN;MÊ¯CZYZNA;2;21014202
NEZ?R;MÊ¯CZYZNA;2;21014204
DINH NAM;MÊ¯CZYZNA;2;21014206
YUNSEO;MÊ¯CZYZNA;2;21014208
£UKAS;MÊ¯CZYZNA;2;21014210
DOVHAN;MÊ¯CZYZNA;2;21014212
DUY THAN;MÊ¯CZYZNA;2;21014214
MARK-ANTONII;MÊ¯CZYZNA;2;21014216
SOSHI;MÊ¯CZYZNA;2;21014218
CHI LINH;MÊ¯CZYZNA;2;21014220
BESIAN;MÊ¯CZYZNA;2;21014222
GIULAKHMED;MÊ¯CZYZNA;2;21014224
FERRIS;MÊ¯CZYZNA;2;21014226
GÛRHAN;MÊ¯CZYZNA;2;21014228
VSESLAV;MÊ¯CZYZNA;2;21014230
DHINESH;MÊ¯CZYZNA;2;21014232
TACHMYRAT;MÊ¯CZYZNA;2;21014234
VALLABH;MÊ¯CZYZNA;2;21014236
BALBEER SINGH;MÊ¯CZYZNA;2;21014238
B?O KHANG;MÊ¯CZYZNA;2;21014240
SYLVEK;MÊ¯CZYZNA;2;21014242
JEAN-EMMANUEL;MÊ¯CZYZNA;2;21014244
ZYGURT;MÊ¯CZYZNA;2;21014246
ABAN;MÊ¯CZYZNA;2;21014248
ERKKA;MÊ¯CZYZNA;2;21014250
JAGATH;MÊ¯CZYZNA;2;21014252
ARDIÇ;MÊ¯CZYZNA;2;21014254
HEINAR;MÊ¯CZYZNA;2;21014256
SARATHI;MÊ¯CZYZNA;2;21014258
MUFUTAU;MÊ¯CZYZNA;2;21014260
SHAMURAT;MÊ¯CZYZNA;2;21014262
DIONISE;MÊ¯CZYZNA;2;21014264
MIHAI-RÃZVAN;MÊ¯CZYZNA;2;21014266
TRUSHAR;MÊ¯CZYZNA;2;21014268
ISMA?L;MÊ¯CZYZNA;2;21014270
IUSUPH;MÊ¯CZYZNA;2;21014272
AGNI;MÊ¯CZYZNA;2;21014274
IFET;MÊ¯CZYZNA;2;21014276
LUÍS FELIPE;MÊ¯CZYZNA;2;21014278
ALEMAYEHU;MÊ¯CZYZNA;2;21014280
KARPA;MÊ¯CZYZNA;2;21014282
JALLAL;MÊ¯CZYZNA;2;21014284
FRITHJOF;MÊ¯CZYZNA;2;21014286
DONG WOO;MÊ¯CZYZNA;2;21014288
TAYMAZ;MÊ¯CZYZNA;2;21014290
ABDULHAMEED;MÊ¯CZYZNA;2;21014292
BIRA;MÊ¯CZYZNA;2;21014294
SATWANT;MÊ¯CZYZNA;2;21014296
SHADRECK;MÊ¯CZYZNA;2;21014298
CHANDIRASEKAR;MÊ¯CZYZNA;2;21014300
ARAVINTHKUMAR;MÊ¯CZYZNA;2;21014302
APHLATUN;MÊ¯CZYZNA;2;21014304
NUKARAJU;MÊ¯CZYZNA;2;21014306
YOULIANG;MÊ¯CZYZNA;2;21014308
WILMAN;MÊ¯CZYZNA;2;21014310
RAME;MÊ¯CZYZNA;2;21014312
XHAFERR;MÊ¯CZYZNA;2;21014314
NAQIBULLAH;MÊ¯CZYZNA;2;21014316
BENERITO;MÊ¯CZYZNA;2;21014318
DINH HAI;MÊ¯CZYZNA;2;21014320
AKHYAD;MÊ¯CZYZNA;2;21014322
MINH THAO;MÊ¯CZYZNA;2;21014324
NOLASCO;MÊ¯CZYZNA;2;21014326
TOMIK;MÊ¯CZYZNA;2;21014328
CÔME;MÊ¯CZYZNA;2;21014330
DIJAR;MÊ¯CZYZNA;2;21014332
SAMEDIN;MÊ¯CZYZNA;2;21014334
ÆAZIM;MÊ¯CZYZNA;2;21014336
GURNOOR SINGH;MÊ¯CZYZNA;2;21014338
MIHAI-SORIN;MÊ¯CZYZNA;2;21014340
JO?O;MÊ¯CZYZNA;2;21014342
CHENGYAN;MÊ¯CZYZNA;2;21014344
AMRIK SINGH;MÊ¯CZYZNA;2;21014346
HANS-HENNING;MÊ¯CZYZNA;2;21014348
OG?UZ;MÊ¯CZYZNA;2;21014350
GORDHAN;MÊ¯CZYZNA;2;21014352
KHASBULAT;MÊ¯CZYZNA;2;21014354
KH?C HI?N;MÊ¯CZYZNA;2;21014356
WEIRONG;MÊ¯CZYZNA;2;21014358
RAHULBHAI;MÊ¯CZYZNA;2;21014360
TR?NG H?I;MÊ¯CZYZNA;2;21014362
HARISHANKAR;MÊ¯CZYZNA;2;21014364
JOZI;MÊ¯CZYZNA;2;21014366
USON;MÊ¯CZYZNA;2;21014368
BERLIN;MÊ¯CZYZNA;2;21014370
FARVIN;MÊ¯CZYZNA;2;21014372
VI;MÊ¯CZYZNA;2;21014374
??C THU?N;MÊ¯CZYZNA;2;21014376
CONSTANTINUS;MÊ¯CZYZNA;2;21014378
JULIJUS;MÊ¯CZYZNA;2;21014380
VANÈO;MÊ¯CZYZNA;2;21014382
DAN-ALEXANDRU;MÊ¯CZYZNA;2;21014384
ROGERIUSZ;MÊ¯CZYZNA;2;21014386
ANSOR;MÊ¯CZYZNA;2;21014388
RAIGON;MÊ¯CZYZNA;2;21014390
TADASHI;MÊ¯CZYZNA;2;21014392
AKIFUMI;MÊ¯CZYZNA;2;21014394
RIZGAR;MÊ¯CZYZNA;2;21014396
SOMEN;MÊ¯CZYZNA;2;21014398
ILGONIS;MÊ¯CZYZNA;2;21014400
ELIDON;MÊ¯CZYZNA;2;21014402
CELALETT?N;MÊ¯CZYZNA;2;21014404
CHENCHEN;MÊ¯CZYZNA;2;21014406
ERMIE;MÊ¯CZYZNA;2;21014408
INTARS;MÊ¯CZYZNA;2;21014410
KOMAR;MÊ¯CZYZNA;2;21014412
RABBY;MÊ¯CZYZNA;2;21014414
BARDHI;MÊ¯CZYZNA;2;21014416
POLO;MÊ¯CZYZNA;2;21014418
ADEJARE;MÊ¯CZYZNA;2;21014420
MAAMOUN;MÊ¯CZYZNA;2;21014422
V?N D?NG;MÊ¯CZYZNA;2;21014424
ARHISHTY;MÊ¯CZYZNA;2;21014426
DIVAN;MÊ¯CZYZNA;2;21014428
ARRAS;MÊ¯CZYZNA;2;21014430
VJACSESZLÁV;MÊ¯CZYZNA;2;21014432
VIDYASAGAR;MÊ¯CZYZNA;2;21014434
TIDIANE;MÊ¯CZYZNA;2;21014436
MUKESH SINGH;MÊ¯CZYZNA;2;21014438
HUU VUONG;MÊ¯CZYZNA;2;21014440
VARUN KUMAR;MÊ¯CZYZNA;2;21014442
ELROY;MÊ¯CZYZNA;2;21014444
HARSHAN;MÊ¯CZYZNA;2;21014446
DOVLETGELDY;MÊ¯CZYZNA;2;21014448
GUZMÁN;MÊ¯CZYZNA;2;21014450
EYNULLA;MÊ¯CZYZNA;2;21014452
ASHIT;MÊ¯CZYZNA;2;21014454
ISAÍAS;MÊ¯CZYZNA;2;21014456
NAMIN;MÊ¯CZYZNA;2;21014458
CHAN HEE;MÊ¯CZYZNA;2;21014460
SERTAN;MÊ¯CZYZNA;2;21014462
STÌPHANE;MÊ¯CZYZNA;2;21014464
SAMRAND;MÊ¯CZYZNA;2;21014466
LÂN;MÊ¯CZYZNA;2;21014468
MD MAZHARUL;MÊ¯CZYZNA;2;21014470
HONGJOO;MÊ¯CZYZNA;2;21014472
JUGRAJ SINGH;MÊ¯CZYZNA;2;21014474
PEDRO JOSE;MÊ¯CZYZNA;2;21014476
MIRZOBAKHROM;MÊ¯CZYZNA;2;21014478
STAFAN;MÊ¯CZYZNA;2;21014480
SHAKHOB;MÊ¯CZYZNA;2;21014482
NAM H?I;MÊ¯CZYZNA;2;21014484
ISKA;MÊ¯CZYZNA;2;21014486
MIHAI-NICOLAE;MÊ¯CZYZNA;2;21014488
SABARINATH;MÊ¯CZYZNA;2;21014490
DILLESWARARAO;MÊ¯CZYZNA;2;21014492
BHAKTA BAHADUR;MÊ¯CZYZNA;2;21014494
WANDILE;MÊ¯CZYZNA;2;21014496
HERMENEGILD;MÊ¯CZYZNA;2;21014498
NARONG;MÊ¯CZYZNA;2;21014500
DIOMEDES;MÊ¯CZYZNA;2;21014502
CHARIN;MÊ¯CZYZNA;2;21014504
MYKALO;MÊ¯CZYZNA;2;21014506
MOVLDY;MÊ¯CZYZNA;2;21014508
RIEMER;MÊ¯CZYZNA;2;21014510
NUHU;MÊ¯CZYZNA;2;21014512
RAJENDRAN;MÊ¯CZYZNA;2;21014514
THANH QUAN;MÊ¯CZYZNA;2;21014516
BAYALI;MÊ¯CZYZNA;2;21014518
URMAS;MÊ¯CZYZNA;2;21014520
MYKHAILO-YAROSLAV;MÊ¯CZYZNA;2;21014522
BALABEK;MÊ¯CZYZNA;2;21014524
MUSTAFË;MÊ¯CZYZNA;2;21014526
YASHWANT;MÊ¯CZYZNA;2;21014528
DUC TIEP;MÊ¯CZYZNA;2;21014530
KORAB;MÊ¯CZYZNA;2;21014532
TYMOTII;MÊ¯CZYZNA;2;21014534
NOLIE;MÊ¯CZYZNA;2;21014536
KAI-OLAF;MÊ¯CZYZNA;2;21014538
ONUR CAN;MÊ¯CZYZNA;2;21014540
GUTU;MÊ¯CZYZNA;2;21014542
SENAY;MÊ¯CZYZNA;2;21014544
DZHAMOL;MÊ¯CZYZNA;2;21014546
IRAN;MÊ¯CZYZNA;2;21014548
TANUSH;MÊ¯CZYZNA;2;21014550
GEORGE-VALENTIN;MÊ¯CZYZNA;2;21014552
BELMIN;MÊ¯CZYZNA;2;21014554
GOGOKHIA;MÊ¯CZYZNA;2;21014556
YÛCEL;MÊ¯CZYZNA;2;21014558
GEE;MÊ¯CZYZNA;2;21014560
MASAOUD;MÊ¯CZYZNA;2;21014562
VALYO;MÊ¯CZYZNA;2;21014564
JURATBEK;MÊ¯CZYZNA;2;21014566
TURACH;MÊ¯CZYZNA;2;21014568
OJ?RS;MÊ¯CZYZNA;2;21014570
AMRIT PAL SINGH;MÊ¯CZYZNA;2;21014572
SUNG BOK;MÊ¯CZYZNA;2;21014574
VALLIAPPAN;MÊ¯CZYZNA;2;21014576
MUSASHI;MÊ¯CZYZNA;2;21014578
ERKAM;MÊ¯CZYZNA;2;21014580
JAMPA;MÊ¯CZYZNA;2;21014582
EMRAKH;MÊ¯CZYZNA;2;21014584
HUSSEN;MÊ¯CZYZNA;2;21014586
MAMUT;MÊ¯CZYZNA;2;21014588
JHERICO;MÊ¯CZYZNA;2;21014590
IRWANSYAH;MÊ¯CZYZNA;2;21014592
EDEK;MÊ¯CZYZNA;2;21014594
ANANDKUMAR;MÊ¯CZYZNA;2;21014596
S? H?I;MÊ¯CZYZNA;2;21014598
MD BELAYET;MÊ¯CZYZNA;2;21014600
FAZLE;MÊ¯CZYZNA;2;21014602
RAMANI;MÊ¯CZYZNA;2;21014604
BOTUR;MÊ¯CZYZNA;2;21014606
ABDULMATIN;MÊ¯CZYZNA;2;21014608
SEUNGHOON;MÊ¯CZYZNA;2;21014610
SANDEI;MÊ¯CZYZNA;2;21014612
MOEMEN;MÊ¯CZYZNA;2;21014614
RUSIF;MÊ¯CZYZNA;2;21014616
AMERAN;MÊ¯CZYZNA;2;21014618
W£ODZIMERZ;MÊ¯CZYZNA;2;21014620
LAVERN;MÊ¯CZYZNA;2;21014622
VIACIESLAV;MÊ¯CZYZNA;2;21014624
GODO;MÊ¯CZYZNA;2;21014626
KH?C;MÊ¯CZYZNA;2;21014628
RAKHMATILLA;MÊ¯CZYZNA;2;21014630
BERKIN;MÊ¯CZYZNA;2;21014632
TEMURMALIK;MÊ¯CZYZNA;2;21014634
MUHAMADJON;MÊ¯CZYZNA;2;21014636
SADAF;MÊ¯CZYZNA;2;21014638
ORYSLAV;MÊ¯CZYZNA;2;21014640
NOBATGELDI;MÊ¯CZYZNA;2;21014642
CONDRAD;MÊ¯CZYZNA;2;21014644
QUINTON;MÊ¯CZYZNA;2;21014646
BENJUN;MÊ¯CZYZNA;2;21014648
DOMARD;MÊ¯CZYZNA;2;21014650
CHIH-WEI;MÊ¯CZYZNA;2;21014652
JO?O FILIPE;MÊ¯CZYZNA;2;21014654
REGIN;MÊ¯CZYZNA;2;21014656
T?NH;MÊ¯CZYZNA;2;21014658
MUSHNI;MÊ¯CZYZNA;2;21014660
DZYMI;MÊ¯CZYZNA;2;21014662
YITONG;MÊ¯CZYZNA;2;21014664
MOHAMMAD ALA;MÊ¯CZYZNA;2;21014666
TAIMIR;MÊ¯CZYZNA;2;21014668
ARVE;MÊ¯CZYZNA;2;21014670
ROCHE;MÊ¯CZYZNA;2;21014672
HARYY;MÊ¯CZYZNA;2;21014674
ANASKHON;MÊ¯CZYZNA;2;21014676
JORDIE;MÊ¯CZYZNA;2;21014678
MOHAMMADHADI;MÊ¯CZYZNA;2;21014680
MATANYA;MÊ¯CZYZNA;2;21014682
FATHY;MÊ¯CZYZNA;2;21014684
BONIS£AW;MÊ¯CZYZNA;2;21014686
TARIQ AZIZ;MÊ¯CZYZNA;2;21014688
ROILAN;MÊ¯CZYZNA;2;21014690
MD RIFAT;MÊ¯CZYZNA;2;21014692
IANUª;MÊ¯CZYZNA;2;21014694
HONG HA;MÊ¯CZYZNA;2;21014696
ZOLJARGAL;MÊ¯CZYZNA;2;21014698
CESARY;MÊ¯CZYZNA;2;21014700
BABACZ;MÊ¯CZYZNA;2;21014702
KAIRON;MÊ¯CZYZNA;2;21014704
KAJAL;MÊ¯CZYZNA;2;21014706
DUSHKO;MÊ¯CZYZNA;2;21014708
MERIJN;MÊ¯CZYZNA;2;21014710
AMANDUS;MÊ¯CZYZNA;2;21014712
HONGGUANG;MÊ¯CZYZNA;2;21014714
KRISTOFAR;MÊ¯CZYZNA;2;21014716
BRON;MÊ¯CZYZNA;2;21014718
SEERWAN;MÊ¯CZYZNA;2;21014720
FLOREAN;MÊ¯CZYZNA;2;21014722
OVIDIU-CRISTIAN;MÊ¯CZYZNA;2;21014724
ABDUL-HAMID;MÊ¯CZYZNA;2;21014726
BYUNGWOO;MÊ¯CZYZNA;2;21014728
LEONELL;MÊ¯CZYZNA;2;21014730
DEWA PUTU;MÊ¯CZYZNA;2;21014732
CHUANQI;MÊ¯CZYZNA;2;21014734
TEJPARTAP;MÊ¯CZYZNA;2;21014736
RACIMIR;MÊ¯CZYZNA;2;21014738
KALENDER;MÊ¯CZYZNA;2;21014740
HASIBUL;MÊ¯CZYZNA;2;21014742
MD HARUN UR;MÊ¯CZYZNA;2;21014744
ANTRANIK;MÊ¯CZYZNA;2;21014746
GREGORIJ;MÊ¯CZYZNA;2;21014748
KYONG SIK;MÊ¯CZYZNA;2;21014750
DOBROWIT;MÊ¯CZYZNA;2;21014752
RADIKHAN;MÊ¯CZYZNA;2;21014754
AL?M;MÊ¯CZYZNA;2;21014756
MACKENZIE;MÊ¯CZYZNA;2;21014758
BAKHRILLO;MÊ¯CZYZNA;2;21014760
ANIRUTH;MÊ¯CZYZNA;2;21014762
SUDIRO;MÊ¯CZYZNA;2;21014764
HOANG DUNG;MÊ¯CZYZNA;2;21014766
ZOKHIR;MÊ¯CZYZNA;2;21014768
BENITO JR.;MÊ¯CZYZNA;2;21014770
JEISSON;MÊ¯CZYZNA;2;21014772
SAIDOV;MÊ¯CZYZNA;2;21014774
HOVANES;MÊ¯CZYZNA;2;21014776
NESS;MÊ¯CZYZNA;2;21014778
EBUZER;MÊ¯CZYZNA;2;21014780
LOUIS MARIE;MÊ¯CZYZNA;2;21014782
DIMITYR;MÊ¯CZYZNA;2;21014784
SIWEI;MÊ¯CZYZNA;2;21014786
ELIK;MÊ¯CZYZNA;2;21014788
ALLE;MÊ¯CZYZNA;2;21014790
ANGIELOS;MÊ¯CZYZNA;2;21014792
KALOIAN;MÊ¯CZYZNA;2;21014794
MEINRAD;MÊ¯CZYZNA;2;21014796
QIUXIONG;MÊ¯CZYZNA;2;21014798
DANG HOANG;MÊ¯CZYZNA;2;21014800
SANG BIN;MÊ¯CZYZNA;2;21014802
ASSIM;MÊ¯CZYZNA;2;21014804
SEIDU;MÊ¯CZYZNA;2;21014806
KHANBABA;MÊ¯CZYZNA;2;21014808
SOLBON;MÊ¯CZYZNA;2;21014810
LESLAW;MÊ¯CZYZNA;2;21014812
WALDIR;MÊ¯CZYZNA;2;21014814
NEDZAD;MÊ¯CZYZNA;2;21014816
GRAVYDAS;MÊ¯CZYZNA;2;21014818
AHLIDDIN;MÊ¯CZYZNA;2;21014820
ETINOSA;MÊ¯CZYZNA;2;21014822
BURHANETTIN;MÊ¯CZYZNA;2;21014824
ALII;MÊ¯CZYZNA;2;21014826
VALDYSLAV;MÊ¯CZYZNA;2;21014828
LORETO JR.;MÊ¯CZYZNA;2;21014830
SUBHON;MÊ¯CZYZNA;2;21014832
MELCHOR JR.;MÊ¯CZYZNA;2;21014834
SHERALY;MÊ¯CZYZNA;2;21014836
YOVCHO;MÊ¯CZYZNA;2;21014838
ZIEGFRYD;MÊ¯CZYZNA;2;21014840
BERTO;MÊ¯CZYZNA;2;21014842
YUNMIN;MÊ¯CZYZNA;2;21014844
SERJ;MÊ¯CZYZNA;2;21014846
MIRZAD;MÊ¯CZYZNA;2;21014848
YANZE;MÊ¯CZYZNA;2;21014850
MEJID;MÊ¯CZYZNA;2;21014852
MADIBA;MÊ¯CZYZNA;2;21014854
ERHARDT;MÊ¯CZYZNA;2;21014856
SANTHANA;MÊ¯CZYZNA;2;21014858
REINAT;MÊ¯CZYZNA;2;21014860
ARCHYP;MÊ¯CZYZNA;2;21014862
KWANG IL;MÊ¯CZYZNA;2;21014864
SEYITCAN;MÊ¯CZYZNA;2;21014866
XIUQING;MÊ¯CZYZNA;2;21014868
PIJUS;MÊ¯CZYZNA;2;21014870
ROHAM;MÊ¯CZYZNA;2;21014872
YOSSARIAN;MÊ¯CZYZNA;2;21014874
GEORGIUS;MÊ¯CZYZNA;2;21014876
UMARDZHON;MÊ¯CZYZNA;2;21014878
DIL BAHADUR;MÊ¯CZYZNA;2;21014880
EMINOV;MÊ¯CZYZNA;2;21014882
SIVANESAN;MÊ¯CZYZNA;2;21014884
ARGENIS;MÊ¯CZYZNA;2;21014886
MURUN;MÊ¯CZYZNA;2;21014888
REINHALD;MÊ¯CZYZNA;2;21014890
XIAOYUN;MÊ¯CZYZNA;2;21014892
GEONHA;MÊ¯CZYZNA;2;21014894
KIWOOK;MÊ¯CZYZNA;2;21014896
ZHAOBIN;MÊ¯CZYZNA;2;21014898
GREGÓRIO;MÊ¯CZYZNA;2;21014900
ANKITH;MÊ¯CZYZNA;2;21014902
VALERIUS;MÊ¯CZYZNA;2;21014904
JIMY;MÊ¯CZYZNA;2;21014906
JUNLIANG;MÊ¯CZYZNA;2;21014908
ANIF;MÊ¯CZYZNA;2;21014910
TOSHITAKA;MÊ¯CZYZNA;2;21014912
TAJUS;MÊ¯CZYZNA;2;21014914
PAVLO-VOLODYMYR;MÊ¯CZYZNA;2;21014916
BAIKUNTHA;MÊ¯CZYZNA;2;21014918
ZIGI;MÊ¯CZYZNA;2;21014920
TAEGYUN;MÊ¯CZYZNA;2;21014922
BENDEGÚZ;MÊ¯CZYZNA;2;21014924
DOSKHAN;MÊ¯CZYZNA;2;21014926
COSTEL-DANIEL;MÊ¯CZYZNA;2;21014928
DIOGENIS;MÊ¯CZYZNA;2;21014930
DZHEVDZHET;MÊ¯CZYZNA;2;21014932
YORAN;MÊ¯CZYZNA;2;21014934
SHAHAM;MÊ¯CZYZNA;2;21014936
CHALONG;MÊ¯CZYZNA;2;21014938
SERAFYN;MÊ¯CZYZNA;2;21014940
NITIN KUMAR;MÊ¯CZYZNA;2;21014942
TAHIIEV;MÊ¯CZYZNA;2;21014944
FARAN;MÊ¯CZYZNA;2;21014946
PARIDE;MÊ¯CZYZNA;2;21014948
TAT THANG;MÊ¯CZYZNA;2;21014950
TALEL;MÊ¯CZYZNA;2;21014952
YONAL;MÊ¯CZYZNA;2;21014954
ATIQULLAH;MÊ¯CZYZNA;2;21014956
WENYOU;MÊ¯CZYZNA;2;21014958
ABDUVOKHIDJON;MÊ¯CZYZNA;2;21014960
JI HOON;MÊ¯CZYZNA;2;21014962
EFTIMIOS;MÊ¯CZYZNA;2;21014964
BOJIAN;MÊ¯CZYZNA;2;21014966
CHANGXIANG;MÊ¯CZYZNA;2;21014968
HAFIDH;MÊ¯CZYZNA;2;21014970
BAO AN;MÊ¯CZYZNA;2;21014972
CASH;MÊ¯CZYZNA;2;21014974
MIRZAGOLIB;MÊ¯CZYZNA;2;21014976
PRASHANT MOHAN;MÊ¯CZYZNA;2;21014978
FATKHURROKHMAN;MÊ¯CZYZNA;2;21014980
EFROIM;MÊ¯CZYZNA;2;21014982
VLADE;MÊ¯CZYZNA;2;21014984
JAEYUN;MÊ¯CZYZNA;2;21014986
ANÍBAL;MÊ¯CZYZNA;2;21014988
RADINKO;MÊ¯CZYZNA;2;21014990
AUDRY;MÊ¯CZYZNA;2;21014992
HOMAN;MÊ¯CZYZNA;2;21014994
WORASAK;MÊ¯CZYZNA;2;21014996
DIARI;MÊ¯CZYZNA;2;21014998
SORIN-ADRIAN;MÊ¯CZYZNA;2;21015000
LUC£AW;MÊ¯CZYZNA;2;21015002
PATRYCIO;MÊ¯CZYZNA;2;21015004
MINGGANG;MÊ¯CZYZNA;2;21015006
AMIT SINGH;MÊ¯CZYZNA;2;21015008
NIKOM;MÊ¯CZYZNA;2;21015010
KHAZHAK;MÊ¯CZYZNA;2;21015012
ARUNMOZHI;MÊ¯CZYZNA;2;21015014
CHAHER;MÊ¯CZYZNA;2;21015016
LUZIANO;MÊ¯CZYZNA;2;21015018
RYSBEK;MÊ¯CZYZNA;2;21015020
JOSE AGUSTIN;MÊ¯CZYZNA;2;21015022
VÃN THU?N;MÊ¯CZYZNA;2;21015024
DELOAR;MÊ¯CZYZNA;2;21015026
MEHMET EMIN;MÊ¯CZYZNA;2;21015028
D¥BROS£AW;MÊ¯CZYZNA;2;21015030
H?O;MÊ¯CZYZNA;2;21015032
SEHAN;MÊ¯CZYZNA;2;21015034
LALBABU;MÊ¯CZYZNA;2;21015036
JIACHANG;MÊ¯CZYZNA;2;21015038
BENIGNUS;MÊ¯CZYZNA;2;21015040
SANGSU;MÊ¯CZYZNA;2;21015042
FABRIZZIO;MÊ¯CZYZNA;2;21015044
TOPAZ;MÊ¯CZYZNA;2;21015046
BAHAL;MÊ¯CZYZNA;2;21015048
ZAFEIRIOS;MÊ¯CZYZNA;2;21015050
MONTASSER;MÊ¯CZYZNA;2;21015052
DIYA;MÊ¯CZYZNA;2;21015054
TRONG DUY;MÊ¯CZYZNA;2;21015056
BHAGWANT;MÊ¯CZYZNA;2;21015058
RADHWAN;MÊ¯CZYZNA;2;21015060
NAURYZBAY;MÊ¯CZYZNA;2;21015062
ABDELMOUMEN;MÊ¯CZYZNA;2;21015064
ALKHAST;MÊ¯CZYZNA;2;21015066
VLADZISLAV;MÊ¯CZYZNA;2;21015068
MOUHANNAD;MÊ¯CZYZNA;2;21015070
MD BILLAL;MÊ¯CZYZNA;2;21015072
RADU-IOAN;MÊ¯CZYZNA;2;21015074
SEINOSUKE;MÊ¯CZYZNA;2;21015076
AMANULLAH;MÊ¯CZYZNA;2;21015078
BENOIST;MÊ¯CZYZNA;2;21015080
STAA;MÊ¯CZYZNA;2;21015082
ARYAV;MÊ¯CZYZNA;2;21015084
TOSHIHISA;MÊ¯CZYZNA;2;21015086
ERDENEBAYAR;MÊ¯CZYZNA;2;21015088
NGOC TAN;MÊ¯CZYZNA;2;21015090
JABES;MÊ¯CZYZNA;2;21015092
YOSHIRO;MÊ¯CZYZNA;2;21015094
EYTAM;MÊ¯CZYZNA;2;21015096
MYUNGBOK;MÊ¯CZYZNA;2;21015098
ALEXSEI;MÊ¯CZYZNA;2;21015100
MOHIN;MÊ¯CZYZNA;2;21015102
STEFKO;MÊ¯CZYZNA;2;21015104
DZORDZI;MÊ¯CZYZNA;2;21015106
MARUSZ;MÊ¯CZYZNA;2;21015108
SAIDU;MÊ¯CZYZNA;2;21015110
BEOMJIN;MÊ¯CZYZNA;2;21015112
JOSÌ;MÊ¯CZYZNA;2;21015114
NAJKO;MÊ¯CZYZNA;2;21015116
GURUNG;MÊ¯CZYZNA;2;21015118
SUNATILLO;MÊ¯CZYZNA;2;21015120
NASRUL;MÊ¯CZYZNA;2;21015122
BARRETT;MÊ¯CZYZNA;2;21015124
MAGAR;MÊ¯CZYZNA;2;21015126
YOUNGMO;MÊ¯CZYZNA;2;21015128
SUBHAS;MÊ¯CZYZNA;2;21015130
WOOK;MÊ¯CZYZNA;2;21015132
SHIH-HAN;MÊ¯CZYZNA;2;21015134
GUOFEI;MÊ¯CZYZNA;2;21015136
PROKIP;MÊ¯CZYZNA;2;21015138
MATVEJS;MÊ¯CZYZNA;2;21015140
ARTSEMIY;MÊ¯CZYZNA;2;21015142
WUJUN;MÊ¯CZYZNA;2;21015144
BAROT;MÊ¯CZYZNA;2;21015146
KEYOU;MÊ¯CZYZNA;2;21015148
SUNGHEE;MÊ¯CZYZNA;2;21015150
BATO;MÊ¯CZYZNA;2;21015152
HAI NINH;MÊ¯CZYZNA;2;21015154
VAFODOR;MÊ¯CZYZNA;2;21015156
VENEDIKTE;MÊ¯CZYZNA;2;21015158
TIEN QUY;MÊ¯CZYZNA;2;21015160
BARASH;MÊ¯CZYZNA;2;21015162
AL? EMRE;MÊ¯CZYZNA;2;21015164
TIEN HUY;MÊ¯CZYZNA;2;21015166
RAGIL;MÊ¯CZYZNA;2;21015168
JORY;MÊ¯CZYZNA;2;21015170
CONSTANTIN-OVIDIU;MÊ¯CZYZNA;2;21015172
HO JIN;MÊ¯CZYZNA;2;21015174
GERMO;MÊ¯CZYZNA;2;21015176
MAKHSUDKHON;MÊ¯CZYZNA;2;21015178
CHESLAVO;MÊ¯CZYZNA;2;21015180
CHAGAI;MÊ¯CZYZNA;2;21015182
NGOC SAM;MÊ¯CZYZNA;2;21015184
UNTUNG;MÊ¯CZYZNA;2;21015186
JEAN-DENIS;MÊ¯CZYZNA;2;21015188
RYUICHI;MÊ¯CZYZNA;2;21015190
MEHMET EFE;MÊ¯CZYZNA;2;21015192
AS£AN;MÊ¯CZYZNA;2;21015194
ABDULAZIZHON;MÊ¯CZYZNA;2;21015196
JONG HOON;MÊ¯CZYZNA;2;21015198
RYUSEI;MÊ¯CZYZNA;2;21015200
LIUBAMIR;MÊ¯CZYZNA;2;21015202
ABDUSELAM;MÊ¯CZYZNA;2;21015204
MANTVYDAS;MÊ¯CZYZNA;2;21015206
ROOP;MÊ¯CZYZNA;2;21015208
UKRIT;MÊ¯CZYZNA;2;21015210
NURULLOJON;MÊ¯CZYZNA;2;21015212
EDHAM;MÊ¯CZYZNA;2;21015214
VICENTIU;MÊ¯CZYZNA;2;21015216
QIPENG;MÊ¯CZYZNA;2;21015218
NURHAK;MÊ¯CZYZNA;2;21015220
DEZYDERIO;MÊ¯CZYZNA;2;21015222
ARUTO;MÊ¯CZYZNA;2;21015224
LIDOS£AW;MÊ¯CZYZNA;2;21015226
AXCEL;MÊ¯CZYZNA;2;21015228
ARDY;MÊ¯CZYZNA;2;21015230
YOUNGJE;MÊ¯CZYZNA;2;21015232
HUIFENG;MÊ¯CZYZNA;2;21015234
RAMDANE;MÊ¯CZYZNA;2;21015236
SWETONIUSZ;MÊ¯CZYZNA;2;21015238
MIESZEK;MÊ¯CZYZNA;2;21015240
WASFI;MÊ¯CZYZNA;2;21015242
HUY PHUONG;MÊ¯CZYZNA;2;21015244
VIJAYAN;MÊ¯CZYZNA;2;21015246
ALIJONOV;MÊ¯CZYZNA;2;21015248
NIVALDO;MÊ¯CZYZNA;2;21015250
INA;MÊ¯CZYZNA;2;21015252
SHARANJEET;MÊ¯CZYZNA;2;21015254
TRONG DUNG;MÊ¯CZYZNA;2;21015256
JAN-JAKUB;MÊ¯CZYZNA;2;21015258
LITMAN;MÊ¯CZYZNA;2;21015260
SHARIFKHON;MÊ¯CZYZNA;2;21015262
AGRIN;MÊ¯CZYZNA;2;21015264
JIMSON;MÊ¯CZYZNA;2;21015266
ZHANTAS;MÊ¯CZYZNA;2;21015268
GHANEM;MÊ¯CZYZNA;2;21015270
FAZLUR;MÊ¯CZYZNA;2;21015272
ABUBEK?R;MÊ¯CZYZNA;2;21015274
BARINDER SINGH;MÊ¯CZYZNA;2;21015276
ABILOV;MÊ¯CZYZNA;2;21015278
NICOLO ';MÊ¯CZYZNA;2;21015280
ABDUVOHID;MÊ¯CZYZNA;2;21015282
ALLADIN;MÊ¯CZYZNA;2;21015284
YUZHOU;MÊ¯CZYZNA;2;21015286
AULIA;MÊ¯CZYZNA;2;21015288
TYNARBEK;MÊ¯CZYZNA;2;21015290
ARNAURD;MÊ¯CZYZNA;2;21015292
SID AHMED;MÊ¯CZYZNA;2;21015294
MOKHMAD-ALI;MÊ¯CZYZNA;2;21015296
NASSOR;MÊ¯CZYZNA;2;21015298
CARMI;MÊ¯CZYZNA;2;21015300
GOSSE;MÊ¯CZYZNA;2;21015302
EHREN;MÊ¯CZYZNA;2;21015304
JAYVEE;MÊ¯CZYZNA;2;21015306
YUNDONG;MÊ¯CZYZNA;2;21015308
UMMAR;MÊ¯CZYZNA;2;21015310
LARS-ERIK;MÊ¯CZYZNA;2;21015312
DANATAR;MÊ¯CZYZNA;2;21015314
AMANDURDY;MÊ¯CZYZNA;2;21015316
JINYU;MÊ¯CZYZNA;2;21015318
NATHEN;MÊ¯CZYZNA;2;21015320
KOLLIN;MÊ¯CZYZNA;2;21015322
HSIN;MÊ¯CZYZNA;2;21015324
ARIHANT;MÊ¯CZYZNA;2;21015326
MAHAVIR;MÊ¯CZYZNA;2;21015328
ISLOMKHON;MÊ¯CZYZNA;2;21015330
GIJEONG;MÊ¯CZYZNA;2;21015332
IPUNG;MÊ¯CZYZNA;2;21015334
EMANUELL;MÊ¯CZYZNA;2;21015336
DOYCHIN;MÊ¯CZYZNA;2;21015338
QUANG HIEN;MÊ¯CZYZNA;2;21015340
MAKHAILO;MÊ¯CZYZNA;2;21015342
ROGGER;MÊ¯CZYZNA;2;21015344
ARZUMANI;MÊ¯CZYZNA;2;21015346
YUDHA;MÊ¯CZYZNA;2;21015348
ELSAR;MÊ¯CZYZNA;2;21015350
SZYMEON;MÊ¯CZYZNA;2;21015352
USAIA;MÊ¯CZYZNA;2;21015354
MD DULAL;MÊ¯CZYZNA;2;21015356
CAVALLI;MÊ¯CZYZNA;2;21015358
ANOTNI;MÊ¯CZYZNA;2;21015360
SAIDOLIMKHON;MÊ¯CZYZNA;2;21015362
YATSIUK;MÊ¯CZYZNA;2;21015364
L?O;MÊ¯CZYZNA;2;21015366
DAQING;MÊ¯CZYZNA;2;21015368
JINGANG;MÊ¯CZYZNA;2;21015370
NANTAI;MÊ¯CZYZNA;2;21015372
THEONESTE;MÊ¯CZYZNA;2;21015374
SYAMALA;MÊ¯CZYZNA;2;21015376
DOVRANMYRAT;MÊ¯CZYZNA;2;21015378
SIJTZE;MÊ¯CZYZNA;2;21015380
ANH LINH;MÊ¯CZYZNA;2;21015382
MUHAMMED SUHAIL;MÊ¯CZYZNA;2;21015384
BAOLIN;MÊ¯CZYZNA;2;21015386
AWIGDOR;MÊ¯CZYZNA;2;21015388
DINH CUONG;MÊ¯CZYZNA;2;21015390
WENMING;MÊ¯CZYZNA;2;21015392
FIMA;MÊ¯CZYZNA;2;21015394
YONGXI;MÊ¯CZYZNA;2;21015396
EFENDI;MÊ¯CZYZNA;2;21015398
MARCHIN;MÊ¯CZYZNA;2;21015400
MOHAMMAD AMINUL;MÊ¯CZYZNA;2;21015402
MOHASIN;MÊ¯CZYZNA;2;21015404
DEE;MÊ¯CZYZNA;2;21015406
SPODRAS;MÊ¯CZYZNA;2;21015408
KWANG SIK;MÊ¯CZYZNA;2;21015410
ASSANE;MÊ¯CZYZNA;2;21015412
FÜLÖP;MÊ¯CZYZNA;2;21015414
YAROSLAY;MÊ¯CZYZNA;2;21015416
MASEN;MÊ¯CZYZNA;2;21015418
KONDWANI;MÊ¯CZYZNA;2;21015420
FIJO;MÊ¯CZYZNA;2;21015422
NAMI;MÊ¯CZYZNA;2;21015424
SHAHAK;MÊ¯CZYZNA;2;21015426
ALUSH;MÊ¯CZYZNA;2;21015428
GALKHUU;MÊ¯CZYZNA;2;21015430
TRUNG SON;MÊ¯CZYZNA;2;21015432
BERSAN;MÊ¯CZYZNA;2;21015434
PHU DUAN;MÊ¯CZYZNA;2;21015436
MONEEB;MÊ¯CZYZNA;2;21015438
MAGOMED-KHUSEYN;MÊ¯CZYZNA;2;21015440
DONGSOO;MÊ¯CZYZNA;2;21015442
DHARMPAL;MÊ¯CZYZNA;2;21015444
ZAKHARY;MÊ¯CZYZNA;2;21015446
S£AWÓJ;MÊ¯CZYZNA;2;21015448
KUM CHOL;MÊ¯CZYZNA;2;21015450
ABANOB;MÊ¯CZYZNA;2;21015452
CHIJ KUMAR;MÊ¯CZYZNA;2;21015454
ALI ONUR;MÊ¯CZYZNA;2;21015456
ZHONGYUAN;MÊ¯CZYZNA;2;21015458
CONALL;MÊ¯CZYZNA;2;21015460
CRISTIAN-NICOLAE;MÊ¯CZYZNA;2;21015462
INGRID;MÊ¯CZYZNA;2;21015464
AMREN;MÊ¯CZYZNA;2;21015466
XUAN LAM;MÊ¯CZYZNA;2;21015468
ROJ;MÊ¯CZYZNA;2;21015470
MARIUS-ILIE;MÊ¯CZYZNA;2;21015472
VIESLAV;MÊ¯CZYZNA;2;21015474
ALBY;MÊ¯CZYZNA;2;21015476
AFZALSHOH;MÊ¯CZYZNA;2;21015478
SHABU;MÊ¯CZYZNA;2;21015480
JAHIR;MÊ¯CZYZNA;2;21015482
EGI;MÊ¯CZYZNA;2;21015484
AKINTUNDE;MÊ¯CZYZNA;2;21015486
VETRIVEL;MÊ¯CZYZNA;2;21015488
GAMIL;MÊ¯CZYZNA;2;21015490
CASSIDY;MÊ¯CZYZNA;2;21015492
ENDIKA;MÊ¯CZYZNA;2;21015494
SIERGEI;MÊ¯CZYZNA;2;21015496
HYEONJUN;MÊ¯CZYZNA;2;21015498
NEKTARII;MÊ¯CZYZNA;2;21015500
JONGCHEOL;MÊ¯CZYZNA;2;21015502
NORBERTO JR.;MÊ¯CZYZNA;2;21015504
DEDIK;MÊ¯CZYZNA;2;21015506
RASSAN;MÊ¯CZYZNA;2;21015508
MOHIB;MÊ¯CZYZNA;2;21015510
NIVEN;MÊ¯CZYZNA;2;21015512
JUNSANG;MÊ¯CZYZNA;2;21015514
MUHSEN;MÊ¯CZYZNA;2;21015516
ABDULAZEZ;MÊ¯CZYZNA;2;21015518
BHAWESH;MÊ¯CZYZNA;2;21015520
MAOHUA;MÊ¯CZYZNA;2;21015522
ALEXANDRU-DANIEL;MÊ¯CZYZNA;2;21015524
ORUNBAY;MÊ¯CZYZNA;2;21015526
FURKATZHON;MÊ¯CZYZNA;2;21015528
DALEMYR;MÊ¯CZYZNA;2;21015530
XUEZHENG;MÊ¯CZYZNA;2;21015532
ABDULSELAM;MÊ¯CZYZNA;2;21015534
AJISH;MÊ¯CZYZNA;2;21015536
SHUNLONG;MÊ¯CZYZNA;2;21015538
MAXTON;MÊ¯CZYZNA;2;21015540
DYMITRAKIS;MÊ¯CZYZNA;2;21015542
MARTINEZ;MÊ¯CZYZNA;2;21015544
DANTES;MÊ¯CZYZNA;2;21015546
ARKADIK;MÊ¯CZYZNA;2;21015548
ANDRII-OLEKSANDR;MÊ¯CZYZNA;2;21015550
SURAJ KUMAR;MÊ¯CZYZNA;2;21015552
KALISTRAT;MÊ¯CZYZNA;2;21015554
TAMIRAT;MÊ¯CZYZNA;2;21015556
SHEHABELDIN;MÊ¯CZYZNA;2;21015558
OLEKSIV;MÊ¯CZYZNA;2;21015560
ZOKHIRJON;MÊ¯CZYZNA;2;21015562
KRASSIMIRE;MÊ¯CZYZNA;2;21015564
SELVAN;MÊ¯CZYZNA;2;21015566
BRONISLAU;MÊ¯CZYZNA;2;21015568
LEIS;MÊ¯CZYZNA;2;21015570
DETMAR;MÊ¯CZYZNA;2;21015572
LORÁNT;MÊ¯CZYZNA;2;21015574
YIQUAN;MÊ¯CZYZNA;2;21015576
FER?DUN;MÊ¯CZYZNA;2;21015578
ALOVUDDIN;MÊ¯CZYZNA;2;21015580
WLODIMIR;MÊ¯CZYZNA;2;21015582
ROMIN;MÊ¯CZYZNA;2;21015584
ARAFA;MÊ¯CZYZNA;2;21015586
ALLAYAR;MÊ¯CZYZNA;2;21015588
RAEL;MÊ¯CZYZNA;2;21015590
MONIKA;MÊ¯CZYZNA;2;21015592
JURJI;MÊ¯CZYZNA;2;21015594
AIBAT;MÊ¯CZYZNA;2;21015596
CHANGJIAN;MÊ¯CZYZNA;2;21015598
NAUZET;MÊ¯CZYZNA;2;21015600
STATHIS;MÊ¯CZYZNA;2;21015602
PÃTRU;MÊ¯CZYZNA;2;21015604
VALTS;MÊ¯CZYZNA;2;21015606
YAREM;MÊ¯CZYZNA;2;21015608
DETLAF;MÊ¯CZYZNA;2;21015610
NAMGYAL;MÊ¯CZYZNA;2;21015612
DUN;MÊ¯CZYZNA;2;21015614
SEONG YONG;MÊ¯CZYZNA;2;21015616
SHILIANG;MÊ¯CZYZNA;2;21015618
HYUNG JUN;MÊ¯CZYZNA;2;21015620
COSMOS;MÊ¯CZYZNA;2;21015622
IEWHEN;MÊ¯CZYZNA;2;21015624
KHAC TU;MÊ¯CZYZNA;2;21015626
WAGIELIS;MÊ¯CZYZNA;2;21015628
KRASI;MÊ¯CZYZNA;2;21015630
CHENG-HSIEN;MÊ¯CZYZNA;2;21015632
AGIDIUSZ;MÊ¯CZYZNA;2;21015634
ION-SILVIU;MÊ¯CZYZNA;2;21015636
KYUNGJIN;MÊ¯CZYZNA;2;21015638
JARY;MÊ¯CZYZNA;2;21015640
ILHOMIDIN;MÊ¯CZYZNA;2;21015642
KEMUEL;MÊ¯CZYZNA;2;21015644
SABATO;MÊ¯CZYZNA;2;21015646
ILDRIM;MÊ¯CZYZNA;2;21015648
H?LAL;MÊ¯CZYZNA;2;21015650
ABDUKAKHAR;MÊ¯CZYZNA;2;21015652
HARTLEY;MÊ¯CZYZNA;2;21015654
BOZHKO;MÊ¯CZYZNA;2;21015656
KRISTIANO;MÊ¯CZYZNA;2;21015658
ANTOLIN;MÊ¯CZYZNA;2;21015660
TAIPING;MÊ¯CZYZNA;2;21015662
MARIUS-DAN;MÊ¯CZYZNA;2;21015664
LUTOMIR;MÊ¯CZYZNA;2;21015666
NANG;MÊ¯CZYZNA;2;21015668
EMANUEL-EDUARD;MÊ¯CZYZNA;2;21015670
PHI LONG;MÊ¯CZYZNA;2;21015672
YANBING;MÊ¯CZYZNA;2;21015674
DAJANO;MÊ¯CZYZNA;2;21015676
HI?U;MÊ¯CZYZNA;2;21015678
BENTO;MÊ¯CZYZNA;2;21015680
MUNKHUU;MÊ¯CZYZNA;2;21015682
VINAY KUMAR;MÊ¯CZYZNA;2;21015684
SATYANAND;MÊ¯CZYZNA;2;21015686
MIYASNIK;MÊ¯CZYZNA;2;21015688
LOHITH;MÊ¯CZYZNA;2;21015690
THOMMY;MÊ¯CZYZNA;2;21015692
VOHNESLAV;MÊ¯CZYZNA;2;21015694
VÍKTOR;MÊ¯CZYZNA;2;21015696
DIOMIR;MÊ¯CZYZNA;2;21015698
BARTOS;MÊ¯CZYZNA;2;21015700
HAIJIANG;MÊ¯CZYZNA;2;21015702
VILMOSH;MÊ¯CZYZNA;2;21015704
DONAVAN;MÊ¯CZYZNA;2;21015706
MASAMI;MÊ¯CZYZNA;2;21015708
MEMISH;MÊ¯CZYZNA;2;21015710
DANIEL-VASILE;MÊ¯CZYZNA;2;21015712
NEDZHMI;MÊ¯CZYZNA;2;21015714
KUNJUMON;MÊ¯CZYZNA;2;21015716
MTHULISI;MÊ¯CZYZNA;2;21015718
BASTI;MÊ¯CZYZNA;2;21015720
YONNY;MÊ¯CZYZNA;2;21015722
MILIANI;MÊ¯CZYZNA;2;21015724
MRINMOY;MÊ¯CZYZNA;2;21015726
KENZI;MÊ¯CZYZNA;2;21015728
HENRY JR.;MÊ¯CZYZNA;2;21015730
AIWEI;MÊ¯CZYZNA;2;21015732
SARIM;MÊ¯CZYZNA;2;21015734
MD SAMIUL;MÊ¯CZYZNA;2;21015736
MIEL;MÊ¯CZYZNA;2;21015738
TH?NH ??C;MÊ¯CZYZNA;2;21015740
HANSU;MÊ¯CZYZNA;2;21015742
PRUTHVIRAJSINH;MÊ¯CZYZNA;2;21015744
XIAOZHOU;MÊ¯CZYZNA;2;21015746
HOJUNG;MÊ¯CZYZNA;2;21015748
MANHAL;MÊ¯CZYZNA;2;21015750
TADÉUS;MÊ¯CZYZNA;2;21015752
OTONIEL;MÊ¯CZYZNA;2;21015754
CHR?STOPHER;MÊ¯CZYZNA;2;21015756
DEBANGSHU;MÊ¯CZYZNA;2;21015758
SORINEL;MÊ¯CZYZNA;2;21015760
KIUMARS;MÊ¯CZYZNA;2;21015762
XUMAO;MÊ¯CZYZNA;2;21015764
FENGYUAN;MÊ¯CZYZNA;2;21015766
SAJITHKUMAR;MÊ¯CZYZNA;2;21015768
SHAH ALAM;MÊ¯CZYZNA;2;21015770
OLUWAYOMI;MÊ¯CZYZNA;2;21015772
OLEKSANDR-VASYL;MÊ¯CZYZNA;2;21015774
ANHELINA;MÊ¯CZYZNA;2;21015776
SEMJON;MÊ¯CZYZNA;2;21015778
MAXIMILIANE;MÊ¯CZYZNA;2;21015780
TA£GAT;MÊ¯CZYZNA;2;21015782
ELEFTERIOS;MÊ¯CZYZNA;2;21015784
RAJANI;MÊ¯CZYZNA;2;21015786
KARMELO;MÊ¯CZYZNA;2;21015788
ZHAMBUL;MÊ¯CZYZNA;2;21015790
BIPENDRA;MÊ¯CZYZNA;2;21015792
WOOHEE;MÊ¯CZYZNA;2;21015794
KANGYONG;MÊ¯CZYZNA;2;21015796
IVAN-VITALII;MÊ¯CZYZNA;2;21015798
TOSHIMASA;MÊ¯CZYZNA;2;21015800
OKECHI;MÊ¯CZYZNA;2;21015802
MOTTI;MÊ¯CZYZNA;2;21015804
FRANCISCO DE PAULA;MÊ¯CZYZNA;2;21015806
DOAN TUAN;MÊ¯CZYZNA;2;21015808
KONSTADINOS;MÊ¯CZYZNA;2;21015810
ZESHENG;MÊ¯CZYZNA;2;21015812
JAEDEN;MÊ¯CZYZNA;2;21015814
MADANI;MÊ¯CZYZNA;2;21015816
HUAHAI;MÊ¯CZYZNA;2;21015818
ZOLI;MÊ¯CZYZNA;2;21015820
SABINDRA;MÊ¯CZYZNA;2;21015822
IEFYM;MÊ¯CZYZNA;2;21015824
ANDRII-NAZAR;MÊ¯CZYZNA;2;21015826
WAHYUDIN;MÊ¯CZYZNA;2;21015828
TOHEEB;MÊ¯CZYZNA;2;21015830
XHEMIL;MÊ¯CZYZNA;2;21015832
VAN KHAI;MÊ¯CZYZNA;2;21015834
BURÇAK;MÊ¯CZYZNA;2;21015836
EDWIN JR.;MÊ¯CZYZNA;2;21015838
GALKISSAGE;MÊ¯CZYZNA;2;21015840
ZHAOXIANG;MÊ¯CZYZNA;2;21015842
MONTI;MÊ¯CZYZNA;2;21015844
AOBO;MÊ¯CZYZNA;2;21015846
YASINE;MÊ¯CZYZNA;2;21015848
GEDEVANI;MÊ¯CZYZNA;2;21015850
IK SOO;MÊ¯CZYZNA;2;21015852
DARWEN;MÊ¯CZYZNA;2;21015854
SARUHAN;MÊ¯CZYZNA;2;21015856
ADDISON;MÊ¯CZYZNA;2;21015858
EURO;MÊ¯CZYZNA;2;21015860
HAWAR;MÊ¯CZYZNA;2;21015862
IORAM;MÊ¯CZYZNA;2;21015864
BAWER;MÊ¯CZYZNA;2;21015866
DERYA;MÊ¯CZYZNA;2;21015868
HRIHORII;MÊ¯CZYZNA;2;21015870
TH?Y;MÊ¯CZYZNA;2;21015872
TAESU;MÊ¯CZYZNA;2;21015874
YOLAMAN;MÊ¯CZYZNA;2;21015876
ELBURUS;MÊ¯CZYZNA;2;21015878
BIRSEN;MÊ¯CZYZNA;2;21015880
EBBE;MÊ¯CZYZNA;2;21015882
SHUHAN;MÊ¯CZYZNA;2;21015884
MAGIR;MÊ¯CZYZNA;2;21015886
KOSMO;MÊ¯CZYZNA;2;21015888
BANE;MÊ¯CZYZNA;2;21015890
SHAMIN;MÊ¯CZYZNA;2;21015892
RAIG;MÊ¯CZYZNA;2;21015894
YULY;MÊ¯CZYZNA;2;21015896
AMIR MOHAMMAD;MÊ¯CZYZNA;2;21015898
RAJMOHAN;MÊ¯CZYZNA;2;21015900
MUSHPHIG;MÊ¯CZYZNA;2;21015902
PAFNUCY;MÊ¯CZYZNA;2;21015904
CEZARIO;MÊ¯CZYZNA;2;21015906
KIMA;MÊ¯CZYZNA;2;21015908
AN ATOLII;MÊ¯CZYZNA;2;21015910
HATAM;MÊ¯CZYZNA;2;21015912
VÃN TH?;MÊ¯CZYZNA;2;21015914
SAYDIN;MÊ¯CZYZNA;2;21015916
HONGZHI;MÊ¯CZYZNA;2;21015918
PHIKRAT;MÊ¯CZYZNA;2;21015920
JIANYUN;MÊ¯CZYZNA;2;21015922
H??NG;MÊ¯CZYZNA;2;21015924
LUA;MÊ¯CZYZNA;2;21015926
HI?P;MÊ¯CZYZNA;2;21015928
FERNEY;MÊ¯CZYZNA;2;21015930
CESAR ENRIQUE;MÊ¯CZYZNA;2;21015932
ENYU;MÊ¯CZYZNA;2;21015934
SURES;MÊ¯CZYZNA;2;21015936
NH?T THANH;MÊ¯CZYZNA;2;21015938
BRAHMAJI;MÊ¯CZYZNA;2;21015940
ANATALOII;MÊ¯CZYZNA;2;21015942
CHUNHAO;MÊ¯CZYZNA;2;21015944
CESARIO;MÊ¯CZYZNA;2;21015946
EMMA;MÊ¯CZYZNA;2;21015948
OD;MÊ¯CZYZNA;2;21015950
HUZAIFA;MÊ¯CZYZNA;2;21015952
EZZELDIN;MÊ¯CZYZNA;2;21015954
HARMAIL;MÊ¯CZYZNA;2;21015956
OLEKSII-MYKHAILO;MÊ¯CZYZNA;2;21015958
JEYAPRAKASH;MÊ¯CZYZNA;2;21015960
ANDRIN;MÊ¯CZYZNA;2;21015962
SENYK;MÊ¯CZYZNA;2;21015964
KAMIEL;MÊ¯CZYZNA;2;21015966
WIÊC£AW;MÊ¯CZYZNA;2;21015968
ERTEKIN;MÊ¯CZYZNA;2;21015970
HASAN HUSEYIN;MÊ¯CZYZNA;2;21015972
BARINDER;MÊ¯CZYZNA;2;21015974
IKEM;MÊ¯CZYZNA;2;21015976
FELIX DE JESUS;MÊ¯CZYZNA;2;21015978
GOUNOU;MÊ¯CZYZNA;2;21015980
MARVAN;MÊ¯CZYZNA;2;21015982
HERCULES;MÊ¯CZYZNA;2;21015984
NORIHIRO;MÊ¯CZYZNA;2;21015986
TANE;MÊ¯CZYZNA;2;21015988
BEG BAHADUR;MÊ¯CZYZNA;2;21015990
GUNAR;MÊ¯CZYZNA;2;21015992
BARNABI;MÊ¯CZYZNA;2;21015994
MIRYAN;MÊ¯CZYZNA;2;21015996
SAMBA;MÊ¯CZYZNA;2;21015998
PRAKASA RAO;MÊ¯CZYZNA;2;21016000
OLEKSANDAR;MÊ¯CZYZNA;2;21016002
CAIWEI;MÊ¯CZYZNA;2;21016004
SONAT;MÊ¯CZYZNA;2;21016006
LACHHUMAN;MÊ¯CZYZNA;2;21016008
IBODULLO;MÊ¯CZYZNA;2;21016010
DEMETER;MÊ¯CZYZNA;2;21016012
ABDERRAHMENE;MÊ¯CZYZNA;2;21016014
MINSEONG;MÊ¯CZYZNA;2;21016016
FERRUH;MÊ¯CZYZNA;2;21016018
FAIM;MÊ¯CZYZNA;2;21016020
PHUNKHAN;MÊ¯CZYZNA;2;21016022
ABDULRAKHIM;MÊ¯CZYZNA;2;21016024
MAKHMED;MÊ¯CZYZNA;2;21016026
LEWTERIS;MÊ¯CZYZNA;2;21016028
ABHIMANUE;MÊ¯CZYZNA;2;21016030
CHENGFENG;MÊ¯CZYZNA;2;21016032
KAARE;MÊ¯CZYZNA;2;21016034
GAIZKA;MÊ¯CZYZNA;2;21016036
LIVIU-MARIAN;MÊ¯CZYZNA;2;21016038
LEONELLO;MÊ¯CZYZNA;2;21016040
YUITO;MÊ¯CZYZNA;2;21016042
PAILY;MÊ¯CZYZNA;2;21016044
DEM'YAN;MÊ¯CZYZNA;2;21016046
WANJA;MÊ¯CZYZNA;2;21016048
SHASHIKANT;MÊ¯CZYZNA;2;21016050
ABDUL GAFFAR;MÊ¯CZYZNA;2;21016052
MAÆKO;MÊ¯CZYZNA;2;21016054
MD MOMINUL;MÊ¯CZYZNA;2;21016056
QINGBIN;MÊ¯CZYZNA;2;21016058
BRWA;MÊ¯CZYZNA;2;21016060
SUSHANTA;MÊ¯CZYZNA;2;21016062
KOÇ;MÊ¯CZYZNA;2;21016064
AMIR ALI;MÊ¯CZYZNA;2;21016066
TEODULO;MÊ¯CZYZNA;2;21016068
NURMAHAMMAD;MÊ¯CZYZNA;2;21016070
MASAHIDE;MÊ¯CZYZNA;2;21016072
KIMS;MÊ¯CZYZNA;2;21016074
HAMIN;MÊ¯CZYZNA;2;21016076
JUNRAN;MÊ¯CZYZNA;2;21016078
HYUNWOOK;MÊ¯CZYZNA;2;21016080
QEMAL;MÊ¯CZYZNA;2;21016082
WESTON;MÊ¯CZYZNA;2;21016084
GODFRIED;MÊ¯CZYZNA;2;21016086
MICIUS;MÊ¯CZYZNA;2;21016088
ELMAS;MÊ¯CZYZNA;2;21016090
RONGSEN;MÊ¯CZYZNA;2;21016092
GIRIJESH;MÊ¯CZYZNA;2;21016094
SABBAL;MÊ¯CZYZNA;2;21016096
PATRICH;MÊ¯CZYZNA;2;21016098
LINGLONG;MÊ¯CZYZNA;2;21016100
JÉRÉMI;MÊ¯CZYZNA;2;21016102
MICHO;MÊ¯CZYZNA;2;21016104
GIYA;MÊ¯CZYZNA;2;21016106
GURJINDER SINGH;MÊ¯CZYZNA;2;21016108
PRASHANTH KUMAR;MÊ¯CZYZNA;2;21016110
HAIZHOU;MÊ¯CZYZNA;2;21016112
JUNFU;MÊ¯CZYZNA;2;21016114
ANDREI-LIVIU;MÊ¯CZYZNA;2;21016116
YESUDEI;MÊ¯CZYZNA;2;21016118
SUNEEL;MÊ¯CZYZNA;2;21016120
TIMAR;MÊ¯CZYZNA;2;21016122
QUOC DUY;MÊ¯CZYZNA;2;21016124
ATHOS;MÊ¯CZYZNA;2;21016126
FRANZ-FERDINAND;MÊ¯CZYZNA;2;21016128
KHAMIDULLOKH;MÊ¯CZYZNA;2;21016130
HUILIANG;MÊ¯CZYZNA;2;21016132
SHAFAQAT;MÊ¯CZYZNA;2;21016134
ROBERT-EDUARD;MÊ¯CZYZNA;2;21016136
KOIRUN;MÊ¯CZYZNA;2;21016138
RADZIWI£;MÊ¯CZYZNA;2;21016140
JONAL;MÊ¯CZYZNA;2;21016142
DO?ANAY;MÊ¯CZYZNA;2;21016144
RYAN ZAID ABDULJABBAR;MÊ¯CZYZNA;2;21016146
YARYLO;MÊ¯CZYZNA;2;21016148
HARALDS;MÊ¯CZYZNA;2;21016150
MUSTAKIM;MÊ¯CZYZNA;2;21016152
DUC KHANG;MÊ¯CZYZNA;2;21016154
VAN NHAT;MÊ¯CZYZNA;2;21016156
JHAKENDRA;MÊ¯CZYZNA;2;21016158
BUTHOLEZWE;MÊ¯CZYZNA;2;21016160
HUM;MÊ¯CZYZNA;2;21016162
EKVTIME;MÊ¯CZYZNA;2;21016164
DAMOLA;MÊ¯CZYZNA;2;21016166
MEDZHYT;MÊ¯CZYZNA;2;21016168
AHMET TAHA;MÊ¯CZYZNA;2;21016170
MARK-OLEKSANDR;MÊ¯CZYZNA;2;21016172
NURAL;MÊ¯CZYZNA;2;21016174
GALYM;MÊ¯CZYZNA;2;21016176
ZHULIYAN;MÊ¯CZYZNA;2;21016178
HOAI DUONG;MÊ¯CZYZNA;2;21016180
SATISHKUMAR;MÊ¯CZYZNA;2;21016182
DONELL;MÊ¯CZYZNA;2;21016184
JEHOSHUA;MÊ¯CZYZNA;2;21016186
GHEORGHE-ALEXANDRU;MÊ¯CZYZNA;2;21016188
ZIGM?RS;MÊ¯CZYZNA;2;21016190
XUQUN;MÊ¯CZYZNA;2;21016192
JAKYM;MÊ¯CZYZNA;2;21016194
MINGWEI;MÊ¯CZYZNA;2;21016196
FERIZ;MÊ¯CZYZNA;2;21016198
MIAOJUN;MÊ¯CZYZNA;2;21016200
BOHUMIR;MÊ¯CZYZNA;2;21016202
TIEZHU;MÊ¯CZYZNA;2;21016204
JUNYING;MÊ¯CZYZNA;2;21016206
ELENI;MÊ¯CZYZNA;2;21016208
SHABDAN;MÊ¯CZYZNA;2;21016210
JUI-AN;MÊ¯CZYZNA;2;21016212
M?RTEN;MÊ¯CZYZNA;2;21016214
LYU;MÊ¯CZYZNA;2;21016216
YAROSLAV-IVAN;MÊ¯CZYZNA;2;21016218
VARDO;MÊ¯CZYZNA;2;21016220
SHUTONG;MÊ¯CZYZNA;2;21016222
GARION;MÊ¯CZYZNA;2;21016224
JUDAS;MÊ¯CZYZNA;2;21016226
TH? HO?N;MÊ¯CZYZNA;2;21016228
SERZHIK;MÊ¯CZYZNA;2;21016230
RAJANEESH;MÊ¯CZYZNA;2;21016232
DUC CHINH;MÊ¯CZYZNA;2;21016234
MALACHIASZ;MÊ¯CZYZNA;2;21016236
VYGANDAS;MÊ¯CZYZNA;2;21016238
KAIHENG;MÊ¯CZYZNA;2;21016240
GILBERTUS;MÊ¯CZYZNA;2;21016242
DONATY;MÊ¯CZYZNA;2;21016244
NECMEDDIN;MÊ¯CZYZNA;2;21016246
BENZION;MÊ¯CZYZNA;2;21016248
JUNYANG;MÊ¯CZYZNA;2;21016250
DOL RAJ;MÊ¯CZYZNA;2;21016252
RADHOUAN;MÊ¯CZYZNA;2;21016254
SANGJONG;MÊ¯CZYZNA;2;21016256
ARAL;MÊ¯CZYZNA;2;21016258
YONGSANG;MÊ¯CZYZNA;2;21016260
VASANTHKUMAR;MÊ¯CZYZNA;2;21016262
MOHAMED LAMINE;MÊ¯CZYZNA;2;21016264
VINN;MÊ¯CZYZNA;2;21016266
JONTY;MÊ¯CZYZNA;2;21016268
ISHFAQ;MÊ¯CZYZNA;2;21016270
JAROPE£K;MÊ¯CZYZNA;2;21016272
KHUSAYN;MÊ¯CZYZNA;2;21016274
YADWINDER;MÊ¯CZYZNA;2;21016276
JOHN LEE;MÊ¯CZYZNA;2;21016278
DIETR;MÊ¯CZYZNA;2;21016280
SHUKRAN;MÊ¯CZYZNA;2;21016282
GIRSZ;MÊ¯CZYZNA;2;21016284
SEVIN;MÊ¯CZYZNA;2;21016286
ZHOKHONGIR;MÊ¯CZYZNA;2;21016288
EIRAN;MÊ¯CZYZNA;2;21016290
SAHDEV;MÊ¯CZYZNA;2;21016292
MOUZ;MÊ¯CZYZNA;2;21016294
TEMURLAN;MÊ¯CZYZNA;2;21016296
SHANUR;MÊ¯CZYZNA;2;21016298
AZHARUDDIN;MÊ¯CZYZNA;2;21016300
CHANGHYO;MÊ¯CZYZNA;2;21016302
MIGUEL JOSE;MÊ¯CZYZNA;2;21016304
BAKTIIAR;MÊ¯CZYZNA;2;21016306
MOUHSSINE;MÊ¯CZYZNA;2;21016308
SAB?T;MÊ¯CZYZNA;2;21016310
MAKI;MÊ¯CZYZNA;2;21016312
XHEVAHIR;MÊ¯CZYZNA;2;21016314
VÃN T?;MÊ¯CZYZNA;2;21016316
ABDUSAMI;MÊ¯CZYZNA;2;21016318
CEDRYC;MÊ¯CZYZNA;2;21016320
MILANN;MÊ¯CZYZNA;2;21016322
TSEGAAB;MÊ¯CZYZNA;2;21016324
SERAN;MÊ¯CZYZNA;2;21016326
NAJIBULLO;MÊ¯CZYZNA;2;21016328
LAKHBIR SINGH;MÊ¯CZYZNA;2;21016330
BHAGIRATH;MÊ¯CZYZNA;2;21016332
FEDOSII;MÊ¯CZYZNA;2;21016334
QU?C QUÝ;MÊ¯CZYZNA;2;21016336
UILIAM;MÊ¯CZYZNA;2;21016338
ANDRES EDUARDO;MÊ¯CZYZNA;2;21016340
BÁCH;MÊ¯CZYZNA;2;21016342
JESSIM;MÊ¯CZYZNA;2;21016344
RAHEL;MÊ¯CZYZNA;2;21016346
AYE;MÊ¯CZYZNA;2;21016348
BA NHAT;MÊ¯CZYZNA;2;21016350
RIHARD;MÊ¯CZYZNA;2;21016352
DORJE;MÊ¯CZYZNA;2;21016354
JONGEUN;MÊ¯CZYZNA;2;21016356
PAPARAO;MÊ¯CZYZNA;2;21016358
XUÂN TH?NH;MÊ¯CZYZNA;2;21016360
OLEXEY;MÊ¯CZYZNA;2;21016362
JABEL;MÊ¯CZYZNA;2;21016364
HAINC;MÊ¯CZYZNA;2;21016366
BHAVANI;MÊ¯CZYZNA;2;21016368
CAHYONO;MÊ¯CZYZNA;2;21016370
KANATA;MÊ¯CZYZNA;2;21016372
PRASONG;MÊ¯CZYZNA;2;21016374
SAJU;MÊ¯CZYZNA;2;21016376
LUFENG;MÊ¯CZYZNA;2;21016378
BAKTIYAR;MÊ¯CZYZNA;2;21016380
MIHAI-ROBERT;MÊ¯CZYZNA;2;21016382
GALIMZHAN;MÊ¯CZYZNA;2;21016384
SHAKEER;MÊ¯CZYZNA;2;21016386
ANDUALEM;MÊ¯CZYZNA;2;21016388
SUPARMAN;MÊ¯CZYZNA;2;21016390
SURIBABU;MÊ¯CZYZNA;2;21016392
JAKÓW;MÊ¯CZYZNA;2;21016394
BIKI;MÊ¯CZYZNA;2;21016396
H?I;MÊ¯CZYZNA;2;21016398
KYRYLLO;MÊ¯CZYZNA;2;21016400
ANDRA;MÊ¯CZYZNA;2;21016402
SIEGFRED;MÊ¯CZYZNA;2;21016404
GIANINO;MÊ¯CZYZNA;2;21016406
SUNGJOO;MÊ¯CZYZNA;2;21016408
NAVANEET;MÊ¯CZYZNA;2;21016410
KEITO;MÊ¯CZYZNA;2;21016412
IANUS;MÊ¯CZYZNA;2;21016414
RAVICHANDRAN;MÊ¯CZYZNA;2;21016416
NAVAI;MÊ¯CZYZNA;2;21016418
RANJ;MÊ¯CZYZNA;2;21016420
BALA;MÊ¯CZYZNA;2;21016422
NITHYANANTHAM;MÊ¯CZYZNA;2;21016424
SAKETH;MÊ¯CZYZNA;2;21016426
V?N TR?NG;MÊ¯CZYZNA;2;21016428
SHAOCHONG;MÊ¯CZYZNA;2;21016430
MUZAMMAL;MÊ¯CZYZNA;2;21016432
NGHIEP;MÊ¯CZYZNA;2;21016434
SEUNGKI;MÊ¯CZYZNA;2;21016436
RAYCHO;MÊ¯CZYZNA;2;21016438
OKSJAN;MÊ¯CZYZNA;2;21016440
FEIYUN;MÊ¯CZYZNA;2;21016442
MARKOZ;MÊ¯CZYZNA;2;21016444
RIDIGER;MÊ¯CZYZNA;2;21016446
SHERKHON;MÊ¯CZYZNA;2;21016448
DZHAMOLIDDIN;MÊ¯CZYZNA;2;21016450
ZONGYING;MÊ¯CZYZNA;2;21016452
STANY;MÊ¯CZYZNA;2;21016454
PEWE£;MÊ¯CZYZNA;2;21016456
MIHIRKUMAR;MÊ¯CZYZNA;2;21016458
MUKHAMMADRUZI;MÊ¯CZYZNA;2;21016460
OLATUNDE;MÊ¯CZYZNA;2;21016462
SOLAN;MÊ¯CZYZNA;2;21016464
ABDULBASIT;MÊ¯CZYZNA;2;21016466
ALEJ;MÊ¯CZYZNA;2;21016468
MIRACH;MÊ¯CZYZNA;2;21016470
SHEHATA;MÊ¯CZYZNA;2;21016472
ALE;MÊ¯CZYZNA;2;21016474
KUMARASWAMY;MÊ¯CZYZNA;2;21016476
CAIJUN;MÊ¯CZYZNA;2;21016478
ÐÃNG;MÊ¯CZYZNA;2;21016480
HOANG DUC;MÊ¯CZYZNA;2;21016482
THOMSON;MÊ¯CZYZNA;2;21016484
VÃN NHÂN;MÊ¯CZYZNA;2;21016486
HASKIEL;MÊ¯CZYZNA;2;21016488
HELLMUT;MÊ¯CZYZNA;2;21016490
OCTAWIO;MÊ¯CZYZNA;2;21016492
KOTESWARA;MÊ¯CZYZNA;2;21016494
SIWAN;MÊ¯CZYZNA;2;21016496
NÁZÁR;MÊ¯CZYZNA;2;21016498
LUTFULLA;MÊ¯CZYZNA;2;21016500
VATALII;MÊ¯CZYZNA;2;21016502
AZIZA;MÊ¯CZYZNA;2;21016504
IMKAN;MÊ¯CZYZNA;2;21016506
CHUKWUDUM;MÊ¯CZYZNA;2;21016508
GULTOM;MÊ¯CZYZNA;2;21016510
CONSTANTIN-ALEXANDRU;MÊ¯CZYZNA;2;21016512
ALEXANDRU-FLORINEL;MÊ¯CZYZNA;2;21016514
SILKO;MÊ¯CZYZNA;2;21016516
SATWIK;MÊ¯CZYZNA;2;21016518
GAGAN DEEP;MÊ¯CZYZNA;2;21016520
LAVDIM;MÊ¯CZYZNA;2;21016522
DONG DONG;MÊ¯CZYZNA;2;21016524
JOONHO;MÊ¯CZYZNA;2;21016526
SAMUYIL;MÊ¯CZYZNA;2;21016528
GURKIRAT;MÊ¯CZYZNA;2;21016530
VINOTH KUMAR;MÊ¯CZYZNA;2;21016532
YONGBIAO;MÊ¯CZYZNA;2;21016534
JOHAN SEBASTIAN;MÊ¯CZYZNA;2;21016536
HYUNUK;MÊ¯CZYZNA;2;21016538
HONGJIANG;MÊ¯CZYZNA;2;21016540
ZAKHARIJ;MÊ¯CZYZNA;2;21016542
DENISZ;MÊ¯CZYZNA;2;21016544
MULONGO;MÊ¯CZYZNA;2;21016546
PSHTIWAN;MÊ¯CZYZNA;2;21016548
IANOª;MÊ¯CZYZNA;2;21016550
VASYL-SERHII;MÊ¯CZYZNA;2;21016552
LA;MÊ¯CZYZNA;2;21016554
BAKULBHAI;MÊ¯CZYZNA;2;21016556
MANUIL;MÊ¯CZYZNA;2;21016558
YONGKAI;MÊ¯CZYZNA;2;21016560
SZERGO;MÊ¯CZYZNA;2;21016562
HAYYTMYRAT;MÊ¯CZYZNA;2;21016564
SAKSHAM;MÊ¯CZYZNA;2;21016566
RAHMETULLAH;MÊ¯CZYZNA;2;21016568
JAVIER ALEXANDER;MÊ¯CZYZNA;2;21016570
INDULIS;MÊ¯CZYZNA;2;21016572
DUJIN;MÊ¯CZYZNA;2;21016574
IADON;MÊ¯CZYZNA;2;21016576
ORLY;MÊ¯CZYZNA;2;21016578
DONGJU;MÊ¯CZYZNA;2;21016580
ANJANIKUMAR;MÊ¯CZYZNA;2;21016582
LEINO;MÊ¯CZYZNA;2;21016584
QINGXING;MÊ¯CZYZNA;2;21016586
BILEGSAIKHAN;MÊ¯CZYZNA;2;21016588
RUMIAN;MÊ¯CZYZNA;2;21016590
OSBERT;MÊ¯CZYZNA;2;21016592
HUY VINH;MÊ¯CZYZNA;2;21016594
TEJ NARAYAN;MÊ¯CZYZNA;2;21016596
GUNARS;MÊ¯CZYZNA;2;21016598
SO;MÊ¯CZYZNA;2;21016600
QIMING;MÊ¯CZYZNA;2;21016602
LIYANG;MÊ¯CZYZNA;2;21016604
BANJAMIN;MÊ¯CZYZNA;2;21016606
HIROHITO;MÊ¯CZYZNA;2;21016608
ADO;MÊ¯CZYZNA;2;21016610
DALONG;MÊ¯CZYZNA;2;21016612
YANGWEN;MÊ¯CZYZNA;2;21016614
PUREVJAV;MÊ¯CZYZNA;2;21016616
MATHIN;MÊ¯CZYZNA;2;21016618
GUOLIANG;MÊ¯CZYZNA;2;21016620
SUDARSANAN;MÊ¯CZYZNA;2;21016622
VLADESLAV;MÊ¯CZYZNA;2;21016624
MOHAMMAD SHOAIB;MÊ¯CZYZNA;2;21016626
MASHRABBOY;MÊ¯CZYZNA;2;21016628
VEERAM;MÊ¯CZYZNA;2;21016630
MOVLID;MÊ¯CZYZNA;2;21016632
TSOGBAYAR;MÊ¯CZYZNA;2;21016634
RADZHY;MÊ¯CZYZNA;2;21016636
EBY;MÊ¯CZYZNA;2;21016638
ERNAN;MÊ¯CZYZNA;2;21016640
BATKHUYAG;MÊ¯CZYZNA;2;21016642
LATCHEZAR;MÊ¯CZYZNA;2;21016644
SIRRI;MÊ¯CZYZNA;2;21016646
ARTSYOM;MÊ¯CZYZNA;2;21016648
BENAMI;MÊ¯CZYZNA;2;21016650
XUÂN M?NH;MÊ¯CZYZNA;2;21016652
MAKHKAM;MÊ¯CZYZNA;2;21016654
MIL?N;MÊ¯CZYZNA;2;21016656
SURANTO;MÊ¯CZYZNA;2;21016658
FIDELE;MÊ¯CZYZNA;2;21016660
DABA;MÊ¯CZYZNA;2;21016662
KHÁNH TO?N;MÊ¯CZYZNA;2;21016664
EDERSON;MÊ¯CZYZNA;2;21016666
HYUNMOOK;MÊ¯CZYZNA;2;21016668
TARUN KUMAR;MÊ¯CZYZNA;2;21016670
ISTREF;MÊ¯CZYZNA;2;21016672
SHIVA BAHADUR;MÊ¯CZYZNA;2;21016674
UUGANBAATAR;MÊ¯CZYZNA;2;21016676
LASHARI;MÊ¯CZYZNA;2;21016678
LUTOBOR;MÊ¯CZYZNA;2;21016680
JION;MÊ¯CZYZNA;2;21016682
VINZENZ;MÊ¯CZYZNA;2;21016684
S£AWIN;MÊ¯CZYZNA;2;21016686
SUGATH;MÊ¯CZYZNA;2;21016688
WANPING;MÊ¯CZYZNA;2;21016690
DAYARAM;MÊ¯CZYZNA;2;21016692
MANOEL;MÊ¯CZYZNA;2;21016694
YANCHEN;MÊ¯CZYZNA;2;21016696
NIKOLAJUS;MÊ¯CZYZNA;2;21016698
CHET BAHADUR;MÊ¯CZYZNA;2;21016700
BAZARRAGCHAA;MÊ¯CZYZNA;2;21016702
SHIFANG;MÊ¯CZYZNA;2;21016704
CORNELUS;MÊ¯CZYZNA;2;21016706
AHMET EMRE;MÊ¯CZYZNA;2;21016708
RIHAN;MÊ¯CZYZNA;2;21016710
NYIKITA;MÊ¯CZYZNA;2;21016712
YUSNIEL;MÊ¯CZYZNA;2;21016714
MORISI;MÊ¯CZYZNA;2;21016716
HAIFANG;MÊ¯CZYZNA;2;21016718
ZLAT;MÊ¯CZYZNA;2;21016720
IAKAU;MÊ¯CZYZNA;2;21016722
SERAPHIM;MÊ¯CZYZNA;2;21016724
JUNYUAN;MÊ¯CZYZNA;2;21016726
GUO;MÊ¯CZYZNA;2;21016728
SHUTO;MÊ¯CZYZNA;2;21016730
WOLFHARD;MÊ¯CZYZNA;2;21016732
YMER;MÊ¯CZYZNA;2;21016734
DAFER;MÊ¯CZYZNA;2;21016736
REJAN;MÊ¯CZYZNA;2;21016738
SHAJAN;MÊ¯CZYZNA;2;21016740
VLADI;MÊ¯CZYZNA;2;21016742
SHAMAI;MÊ¯CZYZNA;2;21016744
JLLJA;MÊ¯CZYZNA;2;21016746
PENGBO;MÊ¯CZYZNA;2;21016748
JAMBULATI;MÊ¯CZYZNA;2;21016750
ALEFTIN;MÊ¯CZYZNA;2;21016752
AFOLABI;MÊ¯CZYZNA;2;21016754
JAMEN;MÊ¯CZYZNA;2;21016756
NATARAJAN;MÊ¯CZYZNA;2;21016758
SAQER;MÊ¯CZYZNA;2;21016760
MATIULLAH;MÊ¯CZYZNA;2;21016762
SPARTACO;MÊ¯CZYZNA;2;21016764
AUREO;MÊ¯CZYZNA;2;21016766
ÇEKDAR;MÊ¯CZYZNA;2;21016768
XUKE;MÊ¯CZYZNA;2;21016770
NIKODÉM;MÊ¯CZYZNA;2;21016772
TUMEN-ULZII;MÊ¯CZYZNA;2;21016774
CLARKE;MÊ¯CZYZNA;2;21016776
JONKHEER;MÊ¯CZYZNA;2;21016778
TEONAS;MÊ¯CZYZNA;2;21016780
MOHANRAO;MÊ¯CZYZNA;2;21016782
VIPIN KUMAR;MÊ¯CZYZNA;2;21016784
??NH TU?N;MÊ¯CZYZNA;2;21016786
LIR;MÊ¯CZYZNA;2;21016788
FAHEM;MÊ¯CZYZNA;2;21016790
ABILMANSUR;MÊ¯CZYZNA;2;21016792
MALCHAZ;MÊ¯CZYZNA;2;21016794
FALIN;MÊ¯CZYZNA;2;21016796
NISEN;MÊ¯CZYZNA;2;21016798
CALAN;MÊ¯CZYZNA;2;21016800
MEHMETCAN;MÊ¯CZYZNA;2;21016802
TASIOS;MÊ¯CZYZNA;2;21016804
KANAAN;MÊ¯CZYZNA;2;21016806
JICHUN;MÊ¯CZYZNA;2;21016808
FEBIS;MÊ¯CZYZNA;2;21016810
OLGER;MÊ¯CZYZNA;2;21016812
JETNOR;MÊ¯CZYZNA;2;21016814
VÃN CHINH;MÊ¯CZYZNA;2;21016816
ASER;MÊ¯CZYZNA;2;21016818
ROMITKUMAR;MÊ¯CZYZNA;2;21016820
SEIYA;MÊ¯CZYZNA;2;21016822
HOUYONG;MÊ¯CZYZNA;2;21016824
PHUNG;MÊ¯CZYZNA;2;21016826
PROCOPIE;MÊ¯CZYZNA;2;21016828
PINKWAS;MÊ¯CZYZNA;2;21016830
KARIMZHAN;MÊ¯CZYZNA;2;21016832
CIESZYBOR;MÊ¯CZYZNA;2;21016834
SIKAI;MÊ¯CZYZNA;2;21016836
AIJUN;MÊ¯CZYZNA;2;21016838
CHENSHENG;MÊ¯CZYZNA;2;21016840
RAJESWARAN;MÊ¯CZYZNA;2;21016842
SERIGNE;MÊ¯CZYZNA;2;21016844
DHURBA;MÊ¯CZYZNA;2;21016846
NIAL;MÊ¯CZYZNA;2;21016848
RODRIGUES;MÊ¯CZYZNA;2;21016850
BURKHONJON;MÊ¯CZYZNA;2;21016852
AARE;MÊ¯CZYZNA;2;21016854
MAGOMED-SALAH;MÊ¯CZYZNA;2;21016856
HABIBULLA;MÊ¯CZYZNA;2;21016858
VÃN NH?T;MÊ¯CZYZNA;2;21016860
SAMUIEL;MÊ¯CZYZNA;2;21016862
ERDONG;MÊ¯CZYZNA;2;21016864
SINAVER;MÊ¯CZYZNA;2;21016866
KHEMAIES;MÊ¯CZYZNA;2;21016868
VICHO;MÊ¯CZYZNA;2;21016870
WEIQIN;MÊ¯CZYZNA;2;21016872
KHUSSAN;MÊ¯CZYZNA;2;21016874
IOSUA;MÊ¯CZYZNA;2;21016876
LIGIUSZ;MÊ¯CZYZNA;2;21016878
KONSTANTYNOS;MÊ¯CZYZNA;2;21016880
ADEWOLE;MÊ¯CZYZNA;2;21016882
XINGHAI;MÊ¯CZYZNA;2;21016884
DIREN;MÊ¯CZYZNA;2;21016886
VIET KHANH;MÊ¯CZYZNA;2;21016888
CHAHIR;MÊ¯CZYZNA;2;21016890
MANGA RAJU;MÊ¯CZYZNA;2;21016892
HAJIAGA;MÊ¯CZYZNA;2;21016894
YANUARII;MÊ¯CZYZNA;2;21016896
SHABETAY;MÊ¯CZYZNA;2;21016898
SENO;MÊ¯CZYZNA;2;21016900
BOBIRKHON;MÊ¯CZYZNA;2;21016902
MANOUCHEHR;MÊ¯CZYZNA;2;21016904
CLEITON;MÊ¯CZYZNA;2;21016906
YOGA;MÊ¯CZYZNA;2;21016908
MOSTOFA;MÊ¯CZYZNA;2;21016910
DUC THIEN;MÊ¯CZYZNA;2;21016912
TATARAO;MÊ¯CZYZNA;2;21016914
ILARIY;MÊ¯CZYZNA;2;21016916
KIURI;MÊ¯CZYZNA;2;21016918
ARBRI;MÊ¯CZYZNA;2;21016920
ALIDOD;MÊ¯CZYZNA;2;21016922
ANDZEJ;MÊ¯CZYZNA;2;21016924
KASTIANTYN;MÊ¯CZYZNA;2;21016926
SHARAT;MÊ¯CZYZNA;2;21016928
JOHN VINCENT;MÊ¯CZYZNA;2;21016930
NURIDDINBEK;MÊ¯CZYZNA;2;21016932
SEUNGHEON;MÊ¯CZYZNA;2;21016934
ANATALII;MÊ¯CZYZNA;2;21016936
WEIBING;MÊ¯CZYZNA;2;21016938
ALBORZ;MÊ¯CZYZNA;2;21016940
SILENT;MÊ¯CZYZNA;2;21016942
NASUF;MÊ¯CZYZNA;2;21016944
DINE;MÊ¯CZYZNA;2;21016946
ASDREN;MÊ¯CZYZNA;2;21016948
MOVLDI;MÊ¯CZYZNA;2;21016950
DANY£;MÊ¯CZYZNA;2;21016952
INYOMAN;MÊ¯CZYZNA;2;21016954
ASSYL;MÊ¯CZYZNA;2;21016956
BA HAI;MÊ¯CZYZNA;2;21016958
FARDIN;MÊ¯CZYZNA;2;21016960
PAUL ANTHONY;MÊ¯CZYZNA;2;21016962
LOVEJIT SINGH;MÊ¯CZYZNA;2;21016964
ROZAN;MÊ¯CZYZNA;2;21016966
BRAYAN STIVEN;MÊ¯CZYZNA;2;21016968
IOAN-MIHAI;MÊ¯CZYZNA;2;21016970
OLSEN;MÊ¯CZYZNA;2;21016972
POPOV;MÊ¯CZYZNA;2;21016974
LUTAR;MÊ¯CZYZNA;2;21016976
MD RAJON;MÊ¯CZYZNA;2;21016978
TH?;MÊ¯CZYZNA;2;21016980
RUSALIN;MÊ¯CZYZNA;2;21016982
YONGWOO;MÊ¯CZYZNA;2;21016984
MD HAMIDUR;MÊ¯CZYZNA;2;21016986
ROPAFADZO;MÊ¯CZYZNA;2;21016988
LYSIUK;MÊ¯CZYZNA;2;21016990
DZHENAN;MÊ¯CZYZNA;2;21016992
COLUM;MÊ¯CZYZNA;2;21016994
ARKADIOS;MÊ¯CZYZNA;2;21016996
ELDJAN;MÊ¯CZYZNA;2;21016998
ADUGNA;MÊ¯CZYZNA;2;21017000
IVAN-VIKTOR;MÊ¯CZYZNA;2;21017002
THIRUKUMARAN;MÊ¯CZYZNA;2;21017004
AKTILEK;MÊ¯CZYZNA;2;21017006
SHRIYAN;MÊ¯CZYZNA;2;21017008
SOOHYUNG;MÊ¯CZYZNA;2;21017010
BENARDO;MÊ¯CZYZNA;2;21017012
MINGJIE;MÊ¯CZYZNA;2;21017014
OLEKCII;MÊ¯CZYZNA;2;21017016
PEI;MÊ¯CZYZNA;2;21017018
SHAIH;MÊ¯CZYZNA;2;21017020
ZAFARDZHON;MÊ¯CZYZNA;2;21017022
OLIMKHON;MÊ¯CZYZNA;2;21017024
NAZIMI;MÊ¯CZYZNA;2;21017026
KIPRAS;MÊ¯CZYZNA;2;21017028
YONGSOO;MÊ¯CZYZNA;2;21017030
ROMAN-VASYL;MÊ¯CZYZNA;2;21017032
GEORK;MÊ¯CZYZNA;2;21017034
KRYSPIANIN;MÊ¯CZYZNA;2;21017036
EMANUEL DE JESUS;MÊ¯CZYZNA;2;21017038
KEYWAN;MÊ¯CZYZNA;2;21017040
MAGOMED-BASHIR;MÊ¯CZYZNA;2;21017042
SHAKEEB;MÊ¯CZYZNA;2;21017044
TUGBA;MÊ¯CZYZNA;2;21017046
JAECHEOL;MÊ¯CZYZNA;2;21017048
TEBOGO;MÊ¯CZYZNA;2;21017050
MOUEZ;MÊ¯CZYZNA;2;21017052
LOK RAJ;MÊ¯CZYZNA;2;21017054
PALERMO;MÊ¯CZYZNA;2;21017056
ZHONGFEI;MÊ¯CZYZNA;2;21017058
NELLO;MÊ¯CZYZNA;2;21017060
YADVENDRA;MÊ¯CZYZNA;2;21017062
FEBRI;MÊ¯CZYZNA;2;21017064
MKSYM;MÊ¯CZYZNA;2;21017066
ELDIN;MÊ¯CZYZNA;2;21017068
JEEVA;MÊ¯CZYZNA;2;21017070
MERWANE;MÊ¯CZYZNA;2;21017072
KALEESWARAN;MÊ¯CZYZNA;2;21017074
FERIS;MÊ¯CZYZNA;2;21017076
??NH BI?N;MÊ¯CZYZNA;2;21017078
XIANLIANG;MÊ¯CZYZNA;2;21017080
XIAOLING;MÊ¯CZYZNA;2;21017082
EM?L;MÊ¯CZYZNA;2;21017084
XUAN DINH;MÊ¯CZYZNA;2;21017086
MAULIN;MÊ¯CZYZNA;2;21017088
TIRUMALA;MÊ¯CZYZNA;2;21017090
MANBEER;MÊ¯CZYZNA;2;21017092
ROMILIO;MÊ¯CZYZNA;2;21017094
H?NH;MÊ¯CZYZNA;2;21017096
HANLIN;MÊ¯CZYZNA;2;21017098
LEONADO;MÊ¯CZYZNA;2;21017100
ELIJAN;MÊ¯CZYZNA;2;21017102
JOSE FRANCISCO;MÊ¯CZYZNA;2;21017104
SODIKDZHON;MÊ¯CZYZNA;2;21017106
SCHMUEL;MÊ¯CZYZNA;2;21017108
ALEKPER;MÊ¯CZYZNA;2;21017110
CÛNEYT;MÊ¯CZYZNA;2;21017112
JELTE;MÊ¯CZYZNA;2;21017114
ZAMBEK;MÊ¯CZYZNA;2;21017116
JACIEL;MÊ¯CZYZNA;2;21017118
BERNHOLD;MÊ¯CZYZNA;2;21017120
RENQIANG;MÊ¯CZYZNA;2;21017122
SUAWEK;MÊ¯CZYZNA;2;21017124
AIMAL;MÊ¯CZYZNA;2;21017126
OZGUN;MÊ¯CZYZNA;2;21017128
USSAMA;MÊ¯CZYZNA;2;21017130
HURSAND;MÊ¯CZYZNA;2;21017132
GUANGBIN;MÊ¯CZYZNA;2;21017134
IMRAM;MÊ¯CZYZNA;2;21017136
YECHIAM;MÊ¯CZYZNA;2;21017138
AWET;MÊ¯CZYZNA;2;21017140
NOBUHITO;MÊ¯CZYZNA;2;21017142
IRGI;MÊ¯CZYZNA;2;21017144
AJAKS;MÊ¯CZYZNA;2;21017146
SUMER;MÊ¯CZYZNA;2;21017148
MINU;MÊ¯CZYZNA;2;21017150
TESFAY;MÊ¯CZYZNA;2;21017152
BHAVIT;MÊ¯CZYZNA;2;21017154
OTHNIEL;MÊ¯CZYZNA;2;21017156
PEDRO JR.;MÊ¯CZYZNA;2;21017158
DEOKHO;MÊ¯CZYZNA;2;21017160
KYUSUNG;MÊ¯CZYZNA;2;21017162
AIDIS;MÊ¯CZYZNA;2;21017164
HILBERT;MÊ¯CZYZNA;2;21017166
INTAE;MÊ¯CZYZNA;2;21017168
MBA;MÊ¯CZYZNA;2;21017170
KI YONG;MÊ¯CZYZNA;2;21017172
HUU LONG;MÊ¯CZYZNA;2;21017174
OPANAS;MÊ¯CZYZNA;2;21017176
MUNAF;MÊ¯CZYZNA;2;21017178
SAYD-ADLAN;MÊ¯CZYZNA;2;21017180
HUAXIN;MÊ¯CZYZNA;2;21017182
MYKALAI;MÊ¯CZYZNA;2;21017184
RIYATNO;MÊ¯CZYZNA;2;21017186
SUNAL;MÊ¯CZYZNA;2;21017188
IKHWANUDIN;MÊ¯CZYZNA;2;21017190
TOMIO;MÊ¯CZYZNA;2;21017192
LYTVYN;MÊ¯CZYZNA;2;21017194
CHRISTOPH-ALEXANDER;MÊ¯CZYZNA;2;21017196
STYLIAN;MÊ¯CZYZNA;2;21017198
AGASI;MÊ¯CZYZNA;2;21017200
VALTTERI;MÊ¯CZYZNA;2;21017202
AJITHKUMAR;MÊ¯CZYZNA;2;21017204
ZIEDONIS;MÊ¯CZYZNA;2;21017206
SUNGMAN;MÊ¯CZYZNA;2;21017208
MAJEED;MÊ¯CZYZNA;2;21017210
MUAADH;MÊ¯CZYZNA;2;21017212
SULEAMAN;MÊ¯CZYZNA;2;21017214
YATHARTH;MÊ¯CZYZNA;2;21017216
NAM D??NG;MÊ¯CZYZNA;2;21017218
GOMAA;MÊ¯CZYZNA;2;21017220
GHUKAS;MÊ¯CZYZNA;2;21017222
ARNOST;MÊ¯CZYZNA;2;21017224
CARL-MAGNUS;MÊ¯CZYZNA;2;21017226
IMAMALI;MÊ¯CZYZNA;2;21017228
TIGA;MÊ¯CZYZNA;2;21017230
AVGUSTIN;MÊ¯CZYZNA;2;21017232
HADIS;MÊ¯CZYZNA;2;21017234
FERGUSON;MÊ¯CZYZNA;2;21017236
BELIKTO;MÊ¯CZYZNA;2;21017238
FRANNY;MÊ¯CZYZNA;2;21017240
VAIRIS;MÊ¯CZYZNA;2;21017242
ENGUERRAN;MÊ¯CZYZNA;2;21017244
SHAIYRBEK;MÊ¯CZYZNA;2;21017246
ILYASSE;MÊ¯CZYZNA;2;21017248
OCHIR;MÊ¯CZYZNA;2;21017250
BUKHOSI;MÊ¯CZYZNA;2;21017252
AUNG;MÊ¯CZYZNA;2;21017254
VALENS;MÊ¯CZYZNA;2;21017256
TRAN DINH;MÊ¯CZYZNA;2;21017258
MAJRBEK;MÊ¯CZYZNA;2;21017260
SHAMHAN;MÊ¯CZYZNA;2;21017262
TALIK;MÊ¯CZYZNA;2;21017264
BAHOZ;MÊ¯CZYZNA;2;21017266
STSIAFAN;MÊ¯CZYZNA;2;21017268
DEB;MÊ¯CZYZNA;2;21017270
NEDZHAT;MÊ¯CZYZNA;2;21017272
ARESENII;MÊ¯CZYZNA;2;21017274
PALII;MÊ¯CZYZNA;2;21017276
XSAVERY;MÊ¯CZYZNA;2;21017278
APOLLINAIRE;MÊ¯CZYZNA;2;21017280
BAOSHI;MÊ¯CZYZNA;2;21017282
GUSTY;MÊ¯CZYZNA;2;21017284
GENNADYI;MÊ¯CZYZNA;2;21017286
FREDDY ANTONIO;MÊ¯CZYZNA;2;21017288
GIAMMARCO;MÊ¯CZYZNA;2;21017290
KRYSHTOF;MÊ¯CZYZNA;2;21017292
ABDULHALIK;MÊ¯CZYZNA;2;21017294
WON SUK;MÊ¯CZYZNA;2;21017296
KH?C TH?NH;MÊ¯CZYZNA;2;21017298
AMNINDER;MÊ¯CZYZNA;2;21017300
SEROZH;MÊ¯CZYZNA;2;21017302
IRYCH;MÊ¯CZYZNA;2;21017304
CYRIEL;MÊ¯CZYZNA;2;21017306
ENDAM;MÊ¯CZYZNA;2;21017308
HA AN;MÊ¯CZYZNA;2;21017310
DUSTAN;MÊ¯CZYZNA;2;21017312
SHIVANANDA;MÊ¯CZYZNA;2;21017314
HIGOR;MÊ¯CZYZNA;2;21017316
HEBER;MÊ¯CZYZNA;2;21017318
TIIT;MÊ¯CZYZNA;2;21017320
YOONSEOK;MÊ¯CZYZNA;2;21017322
ELAVARASAN;MÊ¯CZYZNA;2;21017324
MAMOON;MÊ¯CZYZNA;2;21017326
JUNPING;MÊ¯CZYZNA;2;21017328
DUC MANH;MÊ¯CZYZNA;2;21017330
BEKMIRZA;MÊ¯CZYZNA;2;21017332
PARAM;MÊ¯CZYZNA;2;21017334
MANOUK;MÊ¯CZYZNA;2;21017336
JUSEF;MÊ¯CZYZNA;2;21017338
TAKENORI;MÊ¯CZYZNA;2;21017340
DAWRAN;MÊ¯CZYZNA;2;21017342
TUSHER;MÊ¯CZYZNA;2;21017344
PAULINA;MÊ¯CZYZNA;2;21017346
KYLO;MÊ¯CZYZNA;2;21017348
JUNG HWAN;MÊ¯CZYZNA;2;21017350
MIRBABA;MÊ¯CZYZNA;2;21017352
D¯AFER;MÊ¯CZYZNA;2;21017354
ETAMAR;MÊ¯CZYZNA;2;21017356
GADIM;MÊ¯CZYZNA;2;21017358
GITO;MÊ¯CZYZNA;2;21017360
JONG DO;MÊ¯CZYZNA;2;21017362
LAMBERTO;MÊ¯CZYZNA;2;21017364
MIKLOSZ;MÊ¯CZYZNA;2;21017366
PARMINDER SINGH;MÊ¯CZYZNA;2;21017368
AISHWARYA;MÊ¯CZYZNA;2;21017370
JUNG HO;MÊ¯CZYZNA;2;21017372
ISABAL;MÊ¯CZYZNA;2;21017374
PRIVILEGE;MÊ¯CZYZNA;2;21017376
SAGARBHAI;MÊ¯CZYZNA;2;21017378
QUY?T CHI?N;MÊ¯CZYZNA;2;21017380
ALGIMANT;MÊ¯CZYZNA;2;21017382
EYNUR;MÊ¯CZYZNA;2;21017384
HANPING;MÊ¯CZYZNA;2;21017386
AMAURI;MÊ¯CZYZNA;2;21017388
KERMAN;MÊ¯CZYZNA;2;21017390
GOTTFRYD;MÊ¯CZYZNA;2;21017392
GENRICH;MÊ¯CZYZNA;2;21017394
ROSCIS£AW;MÊ¯CZYZNA;2;21017396
CHUNG-WEI;MÊ¯CZYZNA;2;21017398
YUOU;MÊ¯CZYZNA;2;21017400
EITÁN;MÊ¯CZYZNA;2;21017402
JIAZHI;MÊ¯CZYZNA;2;21017404
MANJUNATHAN;MÊ¯CZYZNA;2;21017406
MANIMARAN;MÊ¯CZYZNA;2;21017408
SARY;MÊ¯CZYZNA;2;21017410
KAROL EDWARD;MÊ¯CZYZNA;2;21017412
SUMBAT;MÊ¯CZYZNA;2;21017414
YOULI;MÊ¯CZYZNA;2;21017416
AREY;MÊ¯CZYZNA;2;21017418
HOJABERDI;MÊ¯CZYZNA;2;21017420
ASHWINI;MÊ¯CZYZNA;2;21017422
YUOZAS;MÊ¯CZYZNA;2;21017424
MARCELUS;MÊ¯CZYZNA;2;21017426
GHALEB;MÊ¯CZYZNA;2;21017428
JIANCUN;MÊ¯CZYZNA;2;21017430
ISAMEL;MÊ¯CZYZNA;2;21017432
SAER;MÊ¯CZYZNA;2;21017434
JUNJIN;MÊ¯CZYZNA;2;21017436
STENLI;MÊ¯CZYZNA;2;21017438
SHOHRUHBEK;MÊ¯CZYZNA;2;21017440
KETELIN;MÊ¯CZYZNA;2;21017442
FANGBO;MÊ¯CZYZNA;2;21017444
HAFIZUR;MÊ¯CZYZNA;2;21017446
QUANG PHÚC;MÊ¯CZYZNA;2;21017448
SAMINJON;MÊ¯CZYZNA;2;21017450
JASBEER;MÊ¯CZYZNA;2;21017452
TANJIR;MÊ¯CZYZNA;2;21017454
SEWAK;MÊ¯CZYZNA;2;21017456
HEORHE;MÊ¯CZYZNA;2;21017458
DESIRÉ;MÊ¯CZYZNA;2;21017460
JINHAI;MÊ¯CZYZNA;2;21017462
GURIELI;MÊ¯CZYZNA;2;21017464
MOHAMMED IBRAHIM;MÊ¯CZYZNA;2;21017466
KALAVONI;MÊ¯CZYZNA;2;21017468
TIMOFFI;MÊ¯CZYZNA;2;21017470
YONGBUM;MÊ¯CZYZNA;2;21017472
GUIFENG;MÊ¯CZYZNA;2;21017474
VIET TUNG;MÊ¯CZYZNA;2;21017476
LIBRADO;MÊ¯CZYZNA;2;21017478
SKARBOSZ;MÊ¯CZYZNA;2;21017480
MOAWIA;MÊ¯CZYZNA;2;21017482
IZO;MÊ¯CZYZNA;2;21017484
ALESANDRO;MÊ¯CZYZNA;2;21017486
JAKOVOS;MÊ¯CZYZNA;2;21017488
??C NINH;MÊ¯CZYZNA;2;21017490
HEINZ-GÜNTER;MÊ¯CZYZNA;2;21017492
RAMACHANDRAM;MÊ¯CZYZNA;2;21017494
FLORINTIN;MÊ¯CZYZNA;2;21017496
DANIJAR;MÊ¯CZYZNA;2;21017498
ITA;MÊ¯CZYZNA;2;21017500
DAYI;MÊ¯CZYZNA;2;21017502
JOSE JR;MÊ¯CZYZNA;2;21017504
SVYATOSIAV;MÊ¯CZYZNA;2;21017506
TIAGO MIGUEL;MÊ¯CZYZNA;2;21017508
MUKHAMMADULLO;MÊ¯CZYZNA;2;21017510
BEKTOSH;MÊ¯CZYZNA;2;21017512
KOROGLU;MÊ¯CZYZNA;2;21017514
ERªAN;MÊ¯CZYZNA;2;21017516
SERBEST;MÊ¯CZYZNA;2;21017518
WLADIMER;MÊ¯CZYZNA;2;21017520
PAGAN;MÊ¯CZYZNA;2;21017522
DAVA;MÊ¯CZYZNA;2;21017524
??NH NAM;MÊ¯CZYZNA;2;21017526
QUANG DUC;MÊ¯CZYZNA;2;21017528
MAKSEL;MÊ¯CZYZNA;2;21017530
ESHWAR;MÊ¯CZYZNA;2;21017532
YUVENALII;MÊ¯CZYZNA;2;21017534
KHURSHEDZHON;MÊ¯CZYZNA;2;21017536
TROKHIM;MÊ¯CZYZNA;2;21017538
NAYAK;MÊ¯CZYZNA;2;21017540
MUHAMMEDALI;MÊ¯CZYZNA;2;21017542
VISHNUMURTHY;MÊ¯CZYZNA;2;21017544
DUC HIEN;MÊ¯CZYZNA;2;21017546
WAYAN;MÊ¯CZYZNA;2;21017548
JIANXING;MÊ¯CZYZNA;2;21017550
NH?;MÊ¯CZYZNA;2;21017552
BOLA;MÊ¯CZYZNA;2;21017554
SERBAN;MÊ¯CZYZNA;2;21017556
IZMAYIL;MÊ¯CZYZNA;2;21017558
SATINO;MÊ¯CZYZNA;2;21017560
EBEN;MÊ¯CZYZNA;2;21017562
VÃN H?P;MÊ¯CZYZNA;2;21017564
AVIVI;MÊ¯CZYZNA;2;21017566
HEHAM;MÊ¯CZYZNA;2;21017568
SUMARNO;MÊ¯CZYZNA;2;21017570
BAIZHAN;MÊ¯CZYZNA;2;21017572
NEDJELJKO;MÊ¯CZYZNA;2;21017574
JINSEO;MÊ¯CZYZNA;2;21017576
JUNGI;MÊ¯CZYZNA;2;21017578
TOGRUL;MÊ¯CZYZNA;2;21017580
SAVIER;MÊ¯CZYZNA;2;21017582
MINHAJ;MÊ¯CZYZNA;2;21017584
JUYEON;MÊ¯CZYZNA;2;21017586
SIRISH;MÊ¯CZYZNA;2;21017588
EUNJAE;MÊ¯CZYZNA;2;21017590
QUANG THANH;MÊ¯CZYZNA;2;21017592
EJVIND;MÊ¯CZYZNA;2;21017594
KRZY¯OSTAN;MÊ¯CZYZNA;2;21017596
WENKANG;MÊ¯CZYZNA;2;21017598
BINH TRONG;MÊ¯CZYZNA;2;21017600
VÁLTER;MÊ¯CZYZNA;2;21017602
HANS-GERHARD;MÊ¯CZYZNA;2;21017604
VAN DOANH;MÊ¯CZYZNA;2;21017606
NICULAIE;MÊ¯CZYZNA;2;21017608
SATYA RAO;MÊ¯CZYZNA;2;21017610
RAO;MÊ¯CZYZNA;2;21017612
IKBAL;MÊ¯CZYZNA;2;21017614
HENRIKAS;MÊ¯CZYZNA;2;21017616
NOBEL;MÊ¯CZYZNA;2;21017618
ATTYLA;MÊ¯CZYZNA;2;21017620
DAVID-EMANUEL;MÊ¯CZYZNA;2;21017622
QIWEN;MÊ¯CZYZNA;2;21017624
LEONARDY;MÊ¯CZYZNA;2;21017626
YONG UK;MÊ¯CZYZNA;2;21017628
VASILE-VIOREL;MÊ¯CZYZNA;2;21017630
MIKHAYIL;MÊ¯CZYZNA;2;21017632
FALCON;MÊ¯CZYZNA;2;21017634
FANG-MING;MÊ¯CZYZNA;2;21017636
SEJDI;MÊ¯CZYZNA;2;21017638
TANAT;MÊ¯CZYZNA;2;21017640
RAJIKA;MÊ¯CZYZNA;2;21017642
SUNGGYU;MÊ¯CZYZNA;2;21017644
DINH TAP;MÊ¯CZYZNA;2;21017646
JOBERT;MÊ¯CZYZNA;2;21017648
MAMBET;MÊ¯CZYZNA;2;21017650
KA?;MÊ¯CZYZNA;2;21017652
MAMO;MÊ¯CZYZNA;2;21017654
RISKI;MÊ¯CZYZNA;2;21017656
NG?C HUY;MÊ¯CZYZNA;2;21017658
VILIEN;MÊ¯CZYZNA;2;21017660
ARTÜR;MÊ¯CZYZNA;2;21017662
UGURCAN;MÊ¯CZYZNA;2;21017664
NICOLAE-CRISTIAN;MÊ¯CZYZNA;2;21017666
WARLITO;MÊ¯CZYZNA;2;21017668
FAJRI;MÊ¯CZYZNA;2;21017670
ANEIRIN;MÊ¯CZYZNA;2;21017672
YIKUN;MÊ¯CZYZNA;2;21017674
AHMED AHMED;MÊ¯CZYZNA;2;21017676
ABDUSSAMED;MÊ¯CZYZNA;2;21017678
THORBEN;MÊ¯CZYZNA;2;21017680
THAC;MÊ¯CZYZNA;2;21017682
ZULUMKHAN;MÊ¯CZYZNA;2;21017684
SHINYOUNG;MÊ¯CZYZNA;2;21017686
QILIANG;MÊ¯CZYZNA;2;21017688
ED?P;MÊ¯CZYZNA;2;21017690
IONUT-FLORIN;MÊ¯CZYZNA;2;21017692
OELKSANDR;MÊ¯CZYZNA;2;21017694
CELSO JR.;MÊ¯CZYZNA;2;21017696
AITZHAN;MÊ¯CZYZNA;2;21017698
VITORIO;MÊ¯CZYZNA;2;21017700
YUDHISHTHIR;MÊ¯CZYZNA;2;21017702
JAHANZEB;MÊ¯CZYZNA;2;21017704
TROI;MÊ¯CZYZNA;2;21017706
MURODZHON;MÊ¯CZYZNA;2;21017708
JUNHYUK;MÊ¯CZYZNA;2;21017710
DIYARI;MÊ¯CZYZNA;2;21017712
AMIKAM;MÊ¯CZYZNA;2;21017714
HARBIR;MÊ¯CZYZNA;2;21017716
PANO;MÊ¯CZYZNA;2;21017718
JAN PAUL;MÊ¯CZYZNA;2;21017720
HIKMATULLA;MÊ¯CZYZNA;2;21017722
ERIKSON;MÊ¯CZYZNA;2;21017724
HEORHYI;MÊ¯CZYZNA;2;21017726
BOHODIRJON;MÊ¯CZYZNA;2;21017728
RAJINI;MÊ¯CZYZNA;2;21017730
BO HYUN;MÊ¯CZYZNA;2;21017732
HARJOT SINGH;MÊ¯CZYZNA;2;21017734
MARTYNIUSZ;MÊ¯CZYZNA;2;21017736
HONGYUN;MÊ¯CZYZNA;2;21017738
SIMING;MÊ¯CZYZNA;2;21017740
KANGNING;MÊ¯CZYZNA;2;21017742
IBRAGIMOV;MÊ¯CZYZNA;2;21017744
MYCHAIL;MÊ¯CZYZNA;2;21017746
IMIES£AW;MÊ¯CZYZNA;2;21017748
CHANGHAO;MÊ¯CZYZNA;2;21017750
PRAVEER;MÊ¯CZYZNA;2;21017752
WIKTORIA;MÊ¯CZYZNA;2;21017754
AKACHUKWU;MÊ¯CZYZNA;2;21017756
JASMIR;MÊ¯CZYZNA;2;21017758
OGSEN;MÊ¯CZYZNA;2;21017760
KHUSANJON;MÊ¯CZYZNA;2;21017762
SWYATOSLAW;MÊ¯CZYZNA;2;21017764
£YCZEZAR;MÊ¯CZYZNA;2;21017766
ANOIR;MÊ¯CZYZNA;2;21017768
JOYDEEP;MÊ¯CZYZNA;2;21017770
ZERUN;MÊ¯CZYZNA;2;21017772
STACY;MÊ¯CZYZNA;2;21017774
MULI;MÊ¯CZYZNA;2;21017776
DEJLAN;MÊ¯CZYZNA;2;21017778
BENDT;MÊ¯CZYZNA;2;21017780
ISAMU;MÊ¯CZYZNA;2;21017782
D'ANGELO;MÊ¯CZYZNA;2;21017784
JIULI;MÊ¯CZYZNA;2;21017786
RAFEL;MÊ¯CZYZNA;2;21017788
VIRAP;MÊ¯CZYZNA;2;21017790
SANG WOO;MÊ¯CZYZNA;2;21017792
WINFIELD;MÊ¯CZYZNA;2;21017794
SHAKHMARDAN;MÊ¯CZYZNA;2;21017796
MD SAJIB;MÊ¯CZYZNA;2;21017798
NGHIA HIEP;MÊ¯CZYZNA;2;21017800
CHIEU;MÊ¯CZYZNA;2;21017802
DONGO;MÊ¯CZYZNA;2;21017804
OGHENERUKEVWE;MÊ¯CZYZNA;2;21017806
RALAND;MÊ¯CZYZNA;2;21017808
VALCHO;MÊ¯CZYZNA;2;21017810
ERIX;MÊ¯CZYZNA;2;21017812
YOUNG-JAE;MÊ¯CZYZNA;2;21017814
TANIL;MÊ¯CZYZNA;2;21017816
WUTTHICHAI;MÊ¯CZYZNA;2;21017818
IVAN-TADEI;MÊ¯CZYZNA;2;21017820
DIVESH;MÊ¯CZYZNA;2;21017822
TAURAS;MÊ¯CZYZNA;2;21017824
JUDEL;MÊ¯CZYZNA;2;21017826
LOLITO;MÊ¯CZYZNA;2;21017828
GABRIELIS;MÊ¯CZYZNA;2;21017830
OLEH-IVAN;MÊ¯CZYZNA;2;21017832
SHAHABUDDIN;MÊ¯CZYZNA;2;21017834
ELHAR;MÊ¯CZYZNA;2;21017836
RUIMIN;MÊ¯CZYZNA;2;21017838
KHUDAVERDI;MÊ¯CZYZNA;2;21017840
HYACINTH;MÊ¯CZYZNA;2;21017842
SURYAPRAKASH;MÊ¯CZYZNA;2;21017844
ZHEHAO;MÊ¯CZYZNA;2;21017846
SÜHA;MÊ¯CZYZNA;2;21017848
ªAKIR;MÊ¯CZYZNA;2;21017850
IHNATS;MÊ¯CZYZNA;2;21017852
GASHAW;MÊ¯CZYZNA;2;21017854
XINJIE;MÊ¯CZYZNA;2;21017856
DEYWID;MÊ¯CZYZNA;2;21017858
INAM UL;MÊ¯CZYZNA;2;21017860
XIANGWEI;MÊ¯CZYZNA;2;21017862
TRUNG PHONG;MÊ¯CZYZNA;2;21017864
MAMISH;MÊ¯CZYZNA;2;21017866
MOHAMMAD AKBAR;MÊ¯CZYZNA;2;21017868
ARKADIUSH;MÊ¯CZYZNA;2;21017870
EVIS;MÊ¯CZYZNA;2;21017872
ASTEMIR;MÊ¯CZYZNA;2;21017874
HLOVA;MÊ¯CZYZNA;2;21017876
ABDURASHIT;MÊ¯CZYZNA;2;21017878
HUMBERT;MÊ¯CZYZNA;2;21017880
YOONSUB;MÊ¯CZYZNA;2;21017882
JAKHONBEK;MÊ¯CZYZNA;2;21017884
TIANTIAN;MÊ¯CZYZNA;2;21017886
ALIASKER;MÊ¯CZYZNA;2;21017888
KAMARAJU;MÊ¯CZYZNA;2;21017890
ASTIAN;MÊ¯CZYZNA;2;21017892
PRASUN;MÊ¯CZYZNA;2;21017894
MOHAMMED A.A.;MÊ¯CZYZNA;2;21017896
RICZARDAS;MÊ¯CZYZNA;2;21017898
TEMUZIN;MÊ¯CZYZNA;2;21017900
NGONI;MÊ¯CZYZNA;2;21017902
SINU;MÊ¯CZYZNA;2;21017904
ULADIMIR;MÊ¯CZYZNA;2;21017906
TEDD;MÊ¯CZYZNA;2;21017908
MUNKHBOLD;MÊ¯CZYZNA;2;21017910
MESFER;MÊ¯CZYZNA;2;21017912
QUANG LAM;MÊ¯CZYZNA;2;21017914
AKBER;MÊ¯CZYZNA;2;21017916
JO?O BERNARDO;MÊ¯CZYZNA;2;21017918
INAM UR REHMAN;MÊ¯CZYZNA;2;21017920
KAMALIDDIN;MÊ¯CZYZNA;2;21017922
ZEB;MÊ¯CZYZNA;2;21017924
JAIVIN;MÊ¯CZYZNA;2;21017926
SHADID;MÊ¯CZYZNA;2;21017928
JURO;MÊ¯CZYZNA;2;21017930
AZIMBEK;MÊ¯CZYZNA;2;21017932
MIZROB;MÊ¯CZYZNA;2;21017934
NASIMDZHON;MÊ¯CZYZNA;2;21017936
GABRIEL-JOZEF;MÊ¯CZYZNA;2;21017938
ALEXANDRU-MARIAN;MÊ¯CZYZNA;2;21017940
MEHTAB;MÊ¯CZYZNA;2;21017942
TENSAYE;MÊ¯CZYZNA;2;21017944
VITALII-PAVLO;MÊ¯CZYZNA;2;21017946
ELGAR;MÊ¯CZYZNA;2;21017948
JEAN CARLOS;MÊ¯CZYZNA;2;21017950
HIMALAY;MÊ¯CZYZNA;2;21017952
MARIUS-MIHAI;MÊ¯CZYZNA;2;21017954
JANBULI;MÊ¯CZYZNA;2;21017956
AZI;MÊ¯CZYZNA;2;21017958
JONÁS;MÊ¯CZYZNA;2;21017960
BOUALI;MÊ¯CZYZNA;2;21017962
BIMALKUMAR;MÊ¯CZYZNA;2;21017964
ELYAKIM;MÊ¯CZYZNA;2;21017966
ZHONGBIN;MÊ¯CZYZNA;2;21017968
CÃTÃLIN-GABRIEL;MÊ¯CZYZNA;2;21017970
SOMRAT;MÊ¯CZYZNA;2;21017972
GADISA;MÊ¯CZYZNA;2;21017974
KUDURET;MÊ¯CZYZNA;2;21017976
TOUFIQ;MÊ¯CZYZNA;2;21017978
ABDOLKARIM;MÊ¯CZYZNA;2;21017980
ROTIMI;MÊ¯CZYZNA;2;21017982
ADIZJON;MÊ¯CZYZNA;2;21017984
SANJARJON;MÊ¯CZYZNA;2;21017986
FARIG;MÊ¯CZYZNA;2;21017988
BUNED;MÊ¯CZYZNA;2;21017990
ONYEKACHUKWU;MÊ¯CZYZNA;2;21017992
NA?M;MÊ¯CZYZNA;2;21017994
ERVAN;MÊ¯CZYZNA;2;21017996
BHASKARARAO;MÊ¯CZYZNA;2;21017998
ASBJ?RN;MÊ¯CZYZNA;2;21018000
ZHONGCHUN;MÊ¯CZYZNA;2;21018002
UTKUCAN;MÊ¯CZYZNA;2;21018004
ADWIN;MÊ¯CZYZNA;2;21018006
IURIJ;MÊ¯CZYZNA;2;21018008
IJON;MÊ¯CZYZNA;2;21018010
MPHO;MÊ¯CZYZNA;2;21018012
SERYAN;MÊ¯CZYZNA;2;21018014
GIYASETTIN;MÊ¯CZYZNA;2;21018016
CHUANMING;MÊ¯CZYZNA;2;21018018
NAGEH;MÊ¯CZYZNA;2;21018020
CHIN-CHUNG;MÊ¯CZYZNA;2;21018022
VÃN PHI;MÊ¯CZYZNA;2;21018024
GORZYS£AW;MÊ¯CZYZNA;2;21018026
MRIGANKA;MÊ¯CZYZNA;2;21018028
RITJI;MÊ¯CZYZNA;2;21018030
GLAKHO;MÊ¯CZYZNA;2;21018032
SAYID;MÊ¯CZYZNA;2;21018034
YASUAKI;MÊ¯CZYZNA;2;21018036
DILAWAR;MÊ¯CZYZNA;2;21018038
YI?ITHAN;MÊ¯CZYZNA;2;21018040
JAKSON;MÊ¯CZYZNA;2;21018042
EUGEÑ;MÊ¯CZYZNA;2;21018044
ANDREI-DANIEL;MÊ¯CZYZNA;2;21018046
AKHRORKHON;MÊ¯CZYZNA;2;21018048
DNYTRO;MÊ¯CZYZNA;2;21018050
KHOUSHNAW;MÊ¯CZYZNA;2;21018052
DHIYAA;MÊ¯CZYZNA;2;21018054
SYGITAS;MÊ¯CZYZNA;2;21018056
ABDIL;MÊ¯CZYZNA;2;21018058
WIERAD;MÊ¯CZYZNA;2;21018060
GURPARTAP;MÊ¯CZYZNA;2;21018062
FABYAN;MÊ¯CZYZNA;2;21018064
YU-CHIEH;MÊ¯CZYZNA;2;21018066
KIAME;MÊ¯CZYZNA;2;21018068
GERIT;MÊ¯CZYZNA;2;21018070
AURELIO JR.;MÊ¯CZYZNA;2;21018072
BADAM;MÊ¯CZYZNA;2;21018074
ABBASS;MÊ¯CZYZNA;2;21018076
PIKRAT;MÊ¯CZYZNA;2;21018078
KRAVCHENKO;MÊ¯CZYZNA;2;21018080
MONSURU;MÊ¯CZYZNA;2;21018082
SEOKHEE;MÊ¯CZYZNA;2;21018084
HANUMAN;MÊ¯CZYZNA;2;21018086
SAIDABRORKHON;MÊ¯CZYZNA;2;21018088
MAXIMILLIEN;MÊ¯CZYZNA;2;21018090
TOMISLAW;MÊ¯CZYZNA;2;21018092
WEILI;MÊ¯CZYZNA;2;21018094
ULISSE;MÊ¯CZYZNA;2;21018096
ATZMON;MÊ¯CZYZNA;2;21018098
BADR-EDDINE;MÊ¯CZYZNA;2;21018100
ANTYP;MÊ¯CZYZNA;2;21018102
PAªA;MÊ¯CZYZNA;2;21018104
MURODULLO;MÊ¯CZYZNA;2;21018106
VILGARD;MÊ¯CZYZNA;2;21018108
AMIRARSALAN;MÊ¯CZYZNA;2;21018110
TAYMOUR;MÊ¯CZYZNA;2;21018112
ARYSTANBEK;MÊ¯CZYZNA;2;21018114
ARONAS;MÊ¯CZYZNA;2;21018116
ALYAKSEI;MÊ¯CZYZNA;2;21018118
AADVAY;MÊ¯CZYZNA;2;21018120
SAMATBEK;MÊ¯CZYZNA;2;21018122
JOONHEE;MÊ¯CZYZNA;2;21018124
JAHN;MÊ¯CZYZNA;2;21018126
CHENGCHEN;MÊ¯CZYZNA;2;21018128
MUGAVIL;MÊ¯CZYZNA;2;21018130
VO£ODYMIR;MÊ¯CZYZNA;2;21018132
MATTHYS;MÊ¯CZYZNA;2;21018134
MUTIU;MÊ¯CZYZNA;2;21018136
DE;MÊ¯CZYZNA;2;21018138
KRYSTAN;MÊ¯CZYZNA;2;21018140
JUHANI;MÊ¯CZYZNA;2;21018142
KOUROSCH;MÊ¯CZYZNA;2;21018144
ABDELAZIM;MÊ¯CZYZNA;2;21018146
TZACH;MÊ¯CZYZNA;2;21018148
QUOC HAI;MÊ¯CZYZNA;2;21018150
MIRSHOKHID;MÊ¯CZYZNA;2;21018152
DEWON;MÊ¯CZYZNA;2;21018154
STEFANIA;MÊ¯CZYZNA;2;21018156
GIORGIOS;MÊ¯CZYZNA;2;21018158
EJTEL;MÊ¯CZYZNA;2;21018160
MOAYAD;MÊ¯CZYZNA;2;21018162
EL HOUSSEIN;MÊ¯CZYZNA;2;21018164
MARIUS-GEORGE;MÊ¯CZYZNA;2;21018166
PERSEUSZ;MÊ¯CZYZNA;2;21018168
GABRIEL-CRISTIAN;MÊ¯CZYZNA;2;21018170
KOUTA;MÊ¯CZYZNA;2;21018172
ANDRUSH;MÊ¯CZYZNA;2;21018174
CHENGGANG;MÊ¯CZYZNA;2;21018176
CHI-CHENG;MÊ¯CZYZNA;2;21018178
ASHIRBEK;MÊ¯CZYZNA;2;21018180
CLAUDINEI;MÊ¯CZYZNA;2;21018182
HONG DANG;MÊ¯CZYZNA;2;21018184
RADOICA;MÊ¯CZYZNA;2;21018186
RIFKI;MÊ¯CZYZNA;2;21018188
KALEO;MÊ¯CZYZNA;2;21018190
VASANTHA;MÊ¯CZYZNA;2;21018192
ENAYATULLAH;MÊ¯CZYZNA;2;21018194
RAJKIRAN;MÊ¯CZYZNA;2;21018196
TANGI;MÊ¯CZYZNA;2;21018198
YUANGANG;MÊ¯CZYZNA;2;21018200
GOLDI;MÊ¯CZYZNA;2;21018202
AITBAY;MÊ¯CZYZNA;2;21018204
KHAIDAR;MÊ¯CZYZNA;2;21018206
VÃN DU;MÊ¯CZYZNA;2;21018208
HEROLIND;MÊ¯CZYZNA;2;21018210
YASUTO;MÊ¯CZYZNA;2;21018212
QUIRIN;MÊ¯CZYZNA;2;21018214
SARBAJIT;MÊ¯CZYZNA;2;21018216
BUDULAI;MÊ¯CZYZNA;2;21018218
SERIN;MÊ¯CZYZNA;2;21018220
MANON;MÊ¯CZYZNA;2;21018222
SOLIKIN;MÊ¯CZYZNA;2;21018224
SHERMAT;MÊ¯CZYZNA;2;21018226
MAHFUZUR;MÊ¯CZYZNA;2;21018228
KENNETH JOHN;MÊ¯CZYZNA;2;21018230
AMALKRISHNA;MÊ¯CZYZNA;2;21018232
AJINIYAZ;MÊ¯CZYZNA;2;21018234
THORBJ?RN;MÊ¯CZYZNA;2;21018236
KARYADI;MÊ¯CZYZNA;2;21018238
ªENTÜRK;MÊ¯CZYZNA;2;21018240
KHALIF;MÊ¯CZYZNA;2;21018242
VOLODOMIR;MÊ¯CZYZNA;2;21018244
ZEYNALABDIN;MÊ¯CZYZNA;2;21018246
ASFAND;MÊ¯CZYZNA;2;21018248
FARAS;MÊ¯CZYZNA;2;21018250
TEZDZHAN;MÊ¯CZYZNA;2;21018252
MUKHRIDIN;MÊ¯CZYZNA;2;21018254
JIHYUN;MÊ¯CZYZNA;2;21018256
ZEKA?;MÊ¯CZYZNA;2;21018258
BARELD;MÊ¯CZYZNA;2;21018260
CANEL;MÊ¯CZYZNA;2;21018262
ILFAK;MÊ¯CZYZNA;2;21018264
HÃRMAN;MÊ¯CZYZNA;2;21018266
IANN;MÊ¯CZYZNA;2;21018268
MAKSYMILAN;MÊ¯CZYZNA;2;21018270
DO HOON;MÊ¯CZYZNA;2;21018272
MEMDUH;MÊ¯CZYZNA;2;21018274
JOVANNI;MÊ¯CZYZNA;2;21018276
CHUNYU;MÊ¯CZYZNA;2;21018278
VAN DOAN;MÊ¯CZYZNA;2;21018280
BEGNAZAR;MÊ¯CZYZNA;2;21018282
MELROY;MÊ¯CZYZNA;2;21018284
PRANAVRAJ;MÊ¯CZYZNA;2;21018286
PIERRE JEAN;MÊ¯CZYZNA;2;21018288
GABRIELLE;MÊ¯CZYZNA;2;21018290
RUZGAR;MÊ¯CZYZNA;2;21018292
HAESOL;MÊ¯CZYZNA;2;21018294
TH?NH ??T;MÊ¯CZYZNA;2;21018296
KOYES;MÊ¯CZYZNA;2;21018298
AHALI;MÊ¯CZYZNA;2;21018300
SIDY;MÊ¯CZYZNA;2;21018302
PARI¯AN;MÊ¯CZYZNA;2;21018304
MIGUEL JR.;MÊ¯CZYZNA;2;21018306
SEITI;MÊ¯CZYZNA;2;21018308
KHURSHEDJON;MÊ¯CZYZNA;2;21018310
JAEHA;MÊ¯CZYZNA;2;21018312
RAVI PRAKASH;MÊ¯CZYZNA;2;21018314
ANOAR;MÊ¯CZYZNA;2;21018316
AKIHISA;MÊ¯CZYZNA;2;21018318
DARRYN;MÊ¯CZYZNA;2;21018320
KARL HEINZ;MÊ¯CZYZNA;2;21018322
LEXIAN;MÊ¯CZYZNA;2;21018324
KHALDUN;MÊ¯CZYZNA;2;21018326
FATKHULLA;MÊ¯CZYZNA;2;21018328
JIJIN;MÊ¯CZYZNA;2;21018330
VAN PHAP;MÊ¯CZYZNA;2;21018332
DONGGYU;MÊ¯CZYZNA;2;21018334
DZAN;MÊ¯CZYZNA;2;21018336
HAURYIL;MÊ¯CZYZNA;2;21018338
JUNRUI;MÊ¯CZYZNA;2;21018340
HORDEI;MÊ¯CZYZNA;2;21018342
PRYCE;MÊ¯CZYZNA;2;21018344
GAULTIER;MÊ¯CZYZNA;2;21018346
SAVU;MÊ¯CZYZNA;2;21018348
CHANDRASEKAR;MÊ¯CZYZNA;2;21018350
JAYANTHA;MÊ¯CZYZNA;2;21018352
JAMOLIDIN;MÊ¯CZYZNA;2;21018354
DEIMANTAS;MÊ¯CZYZNA;2;21018356
DOMINIKOS;MÊ¯CZYZNA;2;21018358
NICOLAE-IONUT;MÊ¯CZYZNA;2;21018360
ARTENIS;MÊ¯CZYZNA;2;21018362
?MIT;MÊ¯CZYZNA;2;21018364
ÉMIL;MÊ¯CZYZNA;2;21018366
FANGZHOU;MÊ¯CZYZNA;2;21018368
ODARO;MÊ¯CZYZNA;2;21018370
LYKIAN;MÊ¯CZYZNA;2;21018372
POLIAN;MÊ¯CZYZNA;2;21018374
LIVIU-ADRIAN;MÊ¯CZYZNA;2;21018376
B?O LONG;MÊ¯CZYZNA;2;21018378
XAVIOUR;MÊ¯CZYZNA;2;21018380
MINH Ð?C;MÊ¯CZYZNA;2;21018382
MOUTAZ;MÊ¯CZYZNA;2;21018384
JARO;MÊ¯CZYZNA;2;21018386
SHAFQAT;MÊ¯CZYZNA;2;21018388
DIOSCORO;MÊ¯CZYZNA;2;21018390
FAKHAR;MÊ¯CZYZNA;2;21018392
JHONAIKER;MÊ¯CZYZNA;2;21018394
MALLIKARJUN;MÊ¯CZYZNA;2;21018396
MD MUKTER;MÊ¯CZYZNA;2;21018398
BISWANATH;MÊ¯CZYZNA;2;21018400
VÃN V?;MÊ¯CZYZNA;2;21018402
ASHLESH;MÊ¯CZYZNA;2;21018404
ABEY;MÊ¯CZYZNA;2;21018406
MONER;MÊ¯CZYZNA;2;21018408
KRZYSZOF;MÊ¯CZYZNA;2;21018410
TAIMOUR;MÊ¯CZYZNA;2;21018412
ULADISLAU;MÊ¯CZYZNA;2;21018414
KUNYU;MÊ¯CZYZNA;2;21018416
ISLAMZHAN;MÊ¯CZYZNA;2;21018418
VELOD;MÊ¯CZYZNA;2;21018420
JUNWON;MÊ¯CZYZNA;2;21018422
YAGYA BAHADUR;MÊ¯CZYZNA;2;21018424
STEFANUS;MÊ¯CZYZNA;2;21018426
OLIMDZHON;MÊ¯CZYZNA;2;21018428
YERNAZAR;MÊ¯CZYZNA;2;21018430
MERET;MÊ¯CZYZNA;2;21018432
YOUNGCHAN;MÊ¯CZYZNA;2;21018434
SUJAY;MÊ¯CZYZNA;2;21018436
PIRUDIN;MÊ¯CZYZNA;2;21018438
NEZ?H;MÊ¯CZYZNA;2;21018440
SEUNGYUN;MÊ¯CZYZNA;2;21018442
GLODEI;MÊ¯CZYZNA;2;21018444
SUNGHOON;MÊ¯CZYZNA;2;21018446
YOVO;MÊ¯CZYZNA;2;21018448
XINGWEN;MÊ¯CZYZNA;2;21018450
DIJAN;MÊ¯CZYZNA;2;21018452
V?N S?;MÊ¯CZYZNA;2;21018454
CHIA-FU;MÊ¯CZYZNA;2;21018456
GURPINDER SINGH;MÊ¯CZYZNA;2;21018458
RIENK;MÊ¯CZYZNA;2;21018460
DRA¯EN;MÊ¯CZYZNA;2;21018462
EDWING;MÊ¯CZYZNA;2;21018464
DEVRAJ;MÊ¯CZYZNA;2;21018466
CHINTAMANI;MÊ¯CZYZNA;2;21018468
VARINDER SINGH;MÊ¯CZYZNA;2;21018470
HOMAYOUN;MÊ¯CZYZNA;2;21018472
SUBAH;MÊ¯CZYZNA;2;21018474
CHENGHE;MÊ¯CZYZNA;2;21018476
DYZYDOR;MÊ¯CZYZNA;2;21018478
ULIIAN;MÊ¯CZYZNA;2;21018480
ANASTASE;MÊ¯CZYZNA;2;21018482
TASZO;MÊ¯CZYZNA;2;21018484
DALJINDER;MÊ¯CZYZNA;2;21018486
ENKHTAIVAN;MÊ¯CZYZNA;2;21018488
AKBARBEK;MÊ¯CZYZNA;2;21018490
NEGOVAN;MÊ¯CZYZNA;2;21018492
WEI-CHIH;MÊ¯CZYZNA;2;21018494
NUGO;MÊ¯CZYZNA;2;21018496
INEZ;MÊ¯CZYZNA;2;21018498
MUHTEREM;MÊ¯CZYZNA;2;21018500
ABULGASEM;MÊ¯CZYZNA;2;21018502
GRISCHA;MÊ¯CZYZNA;2;21018504
ABDELGHANY;MÊ¯CZYZNA;2;21018506
WILFREDO JR.;MÊ¯CZYZNA;2;21018508
TRONG THINH;MÊ¯CZYZNA;2;21018510
SADRETTIN;MÊ¯CZYZNA;2;21018512
ÛMIT;MÊ¯CZYZNA;2;21018514
ABHIRAJ;MÊ¯CZYZNA;2;21018516
WONTAE;MÊ¯CZYZNA;2;21018518
MEHMET NURI;MÊ¯CZYZNA;2;21018520
HIRWA;MÊ¯CZYZNA;2;21018522
MARJUS;MÊ¯CZYZNA;2;21018524
SUHBATULLO;MÊ¯CZYZNA;2;21018526
JUHYEONG;MÊ¯CZYZNA;2;21018528
THANH VU;MÊ¯CZYZNA;2;21018530
TEMERLAN;MÊ¯CZYZNA;2;21018532
EHTIBAR;MÊ¯CZYZNA;2;21018534
TADDEUS;MÊ¯CZYZNA;2;21018536
JIMSHELI;MÊ¯CZYZNA;2;21018538
SOIBJON;MÊ¯CZYZNA;2;21018540
WIJI;MÊ¯CZYZNA;2;21018542
SAKAE;MÊ¯CZYZNA;2;21018544
ZINE;MÊ¯CZYZNA;2;21018546
SAEB;MÊ¯CZYZNA;2;21018548
WARTYS£AW;MÊ¯CZYZNA;2;21018550
GURSAHIB;MÊ¯CZYZNA;2;21018552
ATANAZAR;MÊ¯CZYZNA;2;21018554
TAJ;MÊ¯CZYZNA;2;21018556
SIMMANNA;MÊ¯CZYZNA;2;21018558
ARISTON;MÊ¯CZYZNA;2;21018560
ALIZHON;MÊ¯CZYZNA;2;21018562
AMBERKI;MÊ¯CZYZNA;2;21018564
TAVTIKH;MÊ¯CZYZNA;2;21018566
JIANPEI;MÊ¯CZYZNA;2;21018568
MASHADI;MÊ¯CZYZNA;2;21018570
MAKHSUM;MÊ¯CZYZNA;2;21018572
NURASSYL;MÊ¯CZYZNA;2;21018574
PINKESH;MÊ¯CZYZNA;2;21018576
GUANGYI;MÊ¯CZYZNA;2;21018578
MAHESHWAR;MÊ¯CZYZNA;2;21018580
TRONG DAT;MÊ¯CZYZNA;2;21018582
KOYRUN;MÊ¯CZYZNA;2;21018584
HERSH;MÊ¯CZYZNA;2;21018586
PRANSHU;MÊ¯CZYZNA;2;21018588
KHÔI;MÊ¯CZYZNA;2;21018590
GUÉNAËL;MÊ¯CZYZNA;2;21018592
MELVER;MÊ¯CZYZNA;2;21018594
SABOLCH;MÊ¯CZYZNA;2;21018596
OLIMBEK;MÊ¯CZYZNA;2;21018598
MARIAN-MÃDÃLIN;MÊ¯CZYZNA;2;21018600
EDMUNT;MÊ¯CZYZNA;2;21018602
JAESHIN;MÊ¯CZYZNA;2;21018604
ZHANLIANG;MÊ¯CZYZNA;2;21018606
CLAVER;MÊ¯CZYZNA;2;21018608
LONGINIUSZ;MÊ¯CZYZNA;2;21018610
DANYAAL;MÊ¯CZYZNA;2;21018612
SENY;MÊ¯CZYZNA;2;21018614
WON IL;MÊ¯CZYZNA;2;21018616
THIRAWAT;MÊ¯CZYZNA;2;21018618
SAKIP;MÊ¯CZYZNA;2;21018620
EYLAM;MÊ¯CZYZNA;2;21018622
MEHMET ALPEREN;MÊ¯CZYZNA;2;21018624
HAILIANG;MÊ¯CZYZNA;2;21018626
KORNELIU;MÊ¯CZYZNA;2;21018628
MUKAN;MÊ¯CZYZNA;2;21018630
ULLAS;MÊ¯CZYZNA;2;21018632
MARTINOS;MÊ¯CZYZNA;2;21018634
CHING-SHUO;MÊ¯CZYZNA;2;21018636
SURAN;MÊ¯CZYZNA;2;21018638
TH?NH CÔNG;MÊ¯CZYZNA;2;21018640
VALENTSIN;MÊ¯CZYZNA;2;21018642
SAMYR;MÊ¯CZYZNA;2;21018644
NICYFOR;MÊ¯CZYZNA;2;21018646
DOMINGO JR.;MÊ¯CZYZNA;2;21018648
IRAKLIJ;MÊ¯CZYZNA;2;21018650
VINIL;MÊ¯CZYZNA;2;21018652
JUSTAN;MÊ¯CZYZNA;2;21018654
TOK;MÊ¯CZYZNA;2;21018656
BALINT;MÊ¯CZYZNA;2;21018658
YIHENG;MÊ¯CZYZNA;2;21018660
WALFRIED;MÊ¯CZYZNA;2;21018662
BOBBI;MÊ¯CZYZNA;2;21018664
RADIS£AW;MÊ¯CZYZNA;2;21018666
JUNG SUB;MÊ¯CZYZNA;2;21018668
GULZAR;MÊ¯CZYZNA;2;21018670
VEERENDRA;MÊ¯CZYZNA;2;21018672
LAZA;MÊ¯CZYZNA;2;21018674
OLEGH;MÊ¯CZYZNA;2;21018676
BOYKA;MÊ¯CZYZNA;2;21018678
DOMINIKUS;MÊ¯CZYZNA;2;21018680
MARC-ALEXANDER;MÊ¯CZYZNA;2;21018682
AVTURKHAN;MÊ¯CZYZNA;2;21018684
SAMUNDRA;MÊ¯CZYZNA;2;21018686
KAMALADDIN;MÊ¯CZYZNA;2;21018688
SEVADA;MÊ¯CZYZNA;2;21018690
AYSHAD;MÊ¯CZYZNA;2;21018692
SALAHADIN;MÊ¯CZYZNA;2;21018694
BUDHA;MÊ¯CZYZNA;2;21018696
V?N H?NG;MÊ¯CZYZNA;2;21018698
GESANG;MÊ¯CZYZNA;2;21018700
OSVALD;MÊ¯CZYZNA;2;21018702
HOJIMUHAMMAD;MÊ¯CZYZNA;2;21018704
MUHAMMAD ABDULLAH;MÊ¯CZYZNA;2;21018706
ABDUSAID;MÊ¯CZYZNA;2;21018708
SZMUEL;MÊ¯CZYZNA;2;21018710
SVERRE;MÊ¯CZYZNA;2;21018712
ABRAHA;MÊ¯CZYZNA;2;21018714
YERAFEI;MÊ¯CZYZNA;2;21018716
SIVARAJ;MÊ¯CZYZNA;2;21018718
SYARIFUDIN;MÊ¯CZYZNA;2;21018720
JOÃO;MÊ¯CZYZNA;2;21018722
ZINOWII;MÊ¯CZYZNA;2;21018724
HAQUE;MÊ¯CZYZNA;2;21018726
SOOF;MÊ¯CZYZNA;2;21018728
XIANGCHEN;MÊ¯CZYZNA;2;21018730
UMITJAN;MÊ¯CZYZNA;2;21018732
ARGYN;MÊ¯CZYZNA;2;21018734
MASHALLAH;MÊ¯CZYZNA;2;21018736
JINFEI;MÊ¯CZYZNA;2;21018738
O'NEIL;MÊ¯CZYZNA;2;21018740
NUOI;MÊ¯CZYZNA;2;21018742
MINGHUA;MÊ¯CZYZNA;2;21018744
SIREKAN;MÊ¯CZYZNA;2;21018746
SANNY;MÊ¯CZYZNA;2;21018748
CHUNFENG;MÊ¯CZYZNA;2;21018750
AKINOLA;MÊ¯CZYZNA;2;21018752
KIL NAM;MÊ¯CZYZNA;2;21018754
PUSPA;MÊ¯CZYZNA;2;21018756
DERSU;MÊ¯CZYZNA;2;21018758
DAREL;MÊ¯CZYZNA;2;21018760
V?N H??NG;MÊ¯CZYZNA;2;21018762
YUZHU;MÊ¯CZYZNA;2;21018764
AGALI;MÊ¯CZYZNA;2;21018766
CHOL MAN;MÊ¯CZYZNA;2;21018768
MICKI;MÊ¯CZYZNA;2;21018770
ANEEL;MÊ¯CZYZNA;2;21018772
CHUNYAN;MÊ¯CZYZNA;2;21018774
BAKHTSIYOR;MÊ¯CZYZNA;2;21018776
JILIN;MÊ¯CZYZNA;2;21018778
FERKO;MÊ¯CZYZNA;2;21018780
AVIRAL;MÊ¯CZYZNA;2;21018782
IL NAM;MÊ¯CZYZNA;2;21018784
ANUSH;MÊ¯CZYZNA;2;21018786
JUMAGELDI;MÊ¯CZYZNA;2;21018788
??C VI?T;MÊ¯CZYZNA;2;21018790
MITRIY;MÊ¯CZYZNA;2;21018792
AMGALANBAYAR;MÊ¯CZYZNA;2;21018794
BATURALP;MÊ¯CZYZNA;2;21018796
RUZIBOY;MÊ¯CZYZNA;2;21018798
FUSEINI;MÊ¯CZYZNA;2;21018800
MUHAMMED SAID;MÊ¯CZYZNA;2;21018802
HEORGIJ;MÊ¯CZYZNA;2;21018804
ZHANTORE;MÊ¯CZYZNA;2;21018806
SAVCHUK;MÊ¯CZYZNA;2;21018808
MERTEN;MÊ¯CZYZNA;2;21018810
SWYATOSLAV;MÊ¯CZYZNA;2;21018812
SANG CHUL;MÊ¯CZYZNA;2;21018814
NG?C AN;MÊ¯CZYZNA;2;21018816
SEUNGCHUL;MÊ¯CZYZNA;2;21018818
DAYAL;MÊ¯CZYZNA;2;21018820
HANXIONG;MÊ¯CZYZNA;2;21018822
RYUGO;MÊ¯CZYZNA;2;21018824
LEONOV;MÊ¯CZYZNA;2;21018826
YEHUDA ARIE;MÊ¯CZYZNA;2;21018828
ABDULAZIZKHON;MÊ¯CZYZNA;2;21018830
PETRU-ADRIAN;MÊ¯CZYZNA;2;21018832
EFÆET;MÊ¯CZYZNA;2;21018834
SOTIRYS;MÊ¯CZYZNA;2;21018836
RASULA;MÊ¯CZYZNA;2;21018838
MARTYNIN;MÊ¯CZYZNA;2;21018840
SOMBUN;MÊ¯CZYZNA;2;21018842
SHUGUANG;MÊ¯CZYZNA;2;21018844
RAMDAN;MÊ¯CZYZNA;2;21018846
GÖKTÜRK;MÊ¯CZYZNA;2;21018848
JAINAM;MÊ¯CZYZNA;2;21018850
GENKI;MÊ¯CZYZNA;2;21018852
YIWEN;MÊ¯CZYZNA;2;21018854
RODAN;MÊ¯CZYZNA;2;21018856
DINH THO;MÊ¯CZYZNA;2;21018858
IVAN-ROMAN;MÊ¯CZYZNA;2;21018860
MATEI-DANIEL;MÊ¯CZYZNA;2;21018862
THÁI B?O;MÊ¯CZYZNA;2;21018864
RAÜL;MÊ¯CZYZNA;2;21018866
SIRAÇ;MÊ¯CZYZNA;2;21018868
JINGQUAN;MÊ¯CZYZNA;2;21018870
HOOMAN;MÊ¯CZYZNA;2;21018872
LUCIAN-CONSTANTIN;MÊ¯CZYZNA;2;21018874
JINGXIONG;MÊ¯CZYZNA;2;21018876
ZEKERIYE;MÊ¯CZYZNA;2;21018878
MURTUZALI;MÊ¯CZYZNA;2;21018880
RADYION;MÊ¯CZYZNA;2;21018882
HENYK;MÊ¯CZYZNA;2;21018884
DORY;MÊ¯CZYZNA;2;21018886
VINH AN;MÊ¯CZYZNA;2;21018888
HARUKA;MÊ¯CZYZNA;2;21018890
DONNELL;MÊ¯CZYZNA;2;21018892
D¯ABRAIL;MÊ¯CZYZNA;2;21018894
HERMON;MÊ¯CZYZNA;2;21018896
KHIZRI;MÊ¯CZYZNA;2;21018898
CONG NAM;MÊ¯CZYZNA;2;21018900
OKIKIOLA;MÊ¯CZYZNA;2;21018902
MIKHAS;MÊ¯CZYZNA;2;21018904
HYOJUN;MÊ¯CZYZNA;2;21018906
TAEJUN;MÊ¯CZYZNA;2;21018908
VINH THUY;MÊ¯CZYZNA;2;21018910
NURTUGAN;MÊ¯CZYZNA;2;21018912
HAROUTIOUN;MÊ¯CZYZNA;2;21018914
AADHARSH;MÊ¯CZYZNA;2;21018916
LISHAN;MÊ¯CZYZNA;2;21018918
CORIN;MÊ¯CZYZNA;2;21018920
ADDI;MÊ¯CZYZNA;2;21018922
GIDI;MÊ¯CZYZNA;2;21018924
FLORIN-DUMITRU;MÊ¯CZYZNA;2;21018926
BARTOLOMEUS;MÊ¯CZYZNA;2;21018928
MUKHAMMADKHON;MÊ¯CZYZNA;2;21018930
LIVY;MÊ¯CZYZNA;2;21018932
GRAF;MÊ¯CZYZNA;2;21018934
CHOKCHAI;MÊ¯CZYZNA;2;21018936
SVETO;MÊ¯CZYZNA;2;21018938
JUMIN;MÊ¯CZYZNA;2;21018940
SHARPUDIN;MÊ¯CZYZNA;2;21018942
WICHARD;MÊ¯CZYZNA;2;21018944
A;MÊ¯CZYZNA;2;21018946
PANNALAL;MÊ¯CZYZNA;2;21018948
NICKOLAI;MÊ¯CZYZNA;2;21018950
TAGHI;MÊ¯CZYZNA;2;21018952
Y???THAN;MÊ¯CZYZNA;2;21018954
SHAFIULLAH;MÊ¯CZYZNA;2;21018956
MEDEN?;MÊ¯CZYZNA;2;21018958
MAAROUF;MÊ¯CZYZNA;2;21018960
WILFREID;MÊ¯CZYZNA;2;21018962
ABAD;MÊ¯CZYZNA;2;21018964
ALIN-CLAUDIU;MÊ¯CZYZNA;2;21018966
JIAYAN;MÊ¯CZYZNA;2;21018968
VEIKO;MÊ¯CZYZNA;2;21018970
YONGHA;MÊ¯CZYZNA;2;21018972
AHAAN;MÊ¯CZYZNA;2;21018974
ASO;MÊ¯CZYZNA;2;21018976
HONOR;MÊ¯CZYZNA;2;21018978
KAMALPREET;MÊ¯CZYZNA;2;21018980
MARJHON;MÊ¯CZYZNA;2;21018982
NASIBJON;MÊ¯CZYZNA;2;21018984
ABDOLVAHAB;MÊ¯CZYZNA;2;21018986
GOLIBDZHON;MÊ¯CZYZNA;2;21018988
ÇOªKUN;MÊ¯CZYZNA;2;21018990
AKINWUMI;MÊ¯CZYZNA;2;21018992
PHILIPPUS;MÊ¯CZYZNA;2;21018994
ZHENGGANG;MÊ¯CZYZNA;2;21018996
SODHI;MÊ¯CZYZNA;2;21018998
ARNAULT;MÊ¯CZYZNA;2;21019000
MUTTALIP;MÊ¯CZYZNA;2;21019002
NAOMICHI;MÊ¯CZYZNA;2;21019004
SHAHEED;MÊ¯CZYZNA;2;21019006
ELVINI;MÊ¯CZYZNA;2;21019008
SERXHO;MÊ¯CZYZNA;2;21019010
JUN YOUNG;MÊ¯CZYZNA;2;21019012
BALARAJU;MÊ¯CZYZNA;2;21019014
MBEKEZELI;MÊ¯CZYZNA;2;21019016
HARI RAM;MÊ¯CZYZNA;2;21019018
KLEJDI;MÊ¯CZYZNA;2;21019020
TAE WOO;MÊ¯CZYZNA;2;21019022
ROMULO JR.;MÊ¯CZYZNA;2;21019024
HANJIN;MÊ¯CZYZNA;2;21019026
ZIMOWIT;MÊ¯CZYZNA;2;21019028
MILOSCH;MÊ¯CZYZNA;2;21019030
IOAN-SORIN;MÊ¯CZYZNA;2;21019032
CHEKWUBE;MÊ¯CZYZNA;2;21019034
MARTÍ;MÊ¯CZYZNA;2;21019036
SAYD-KHUSIN;MÊ¯CZYZNA;2;21019038
DAIGO;MÊ¯CZYZNA;2;21019040
GHASAN;MÊ¯CZYZNA;2;21019042
NILKANTH;MÊ¯CZYZNA;2;21019044
HYUNSEUNG;MÊ¯CZYZNA;2;21019046
MUCHAMED;MÊ¯CZYZNA;2;21019048
LITAWOR;MÊ¯CZYZNA;2;21019050
KAPAR;MÊ¯CZYZNA;2;21019052
KVIRIA;MÊ¯CZYZNA;2;21019054
MINKAI;MÊ¯CZYZNA;2;21019056
JAN-PAUL;MÊ¯CZYZNA;2;21019058
VINOSH;MÊ¯CZYZNA;2;21019060
GALLARDO;MÊ¯CZYZNA;2;21019062
CHEOLHONG;MÊ¯CZYZNA;2;21019064
OLHERT;MÊ¯CZYZNA;2;21019066
AMMAR BAHADUR;MÊ¯CZYZNA;2;21019068
SÉLIM;MÊ¯CZYZNA;2;21019070
HERLAN;MÊ¯CZYZNA;2;21019072
NOÉL;MÊ¯CZYZNA;2;21019074
LIUDAS;MÊ¯CZYZNA;2;21019076
CELITO;MÊ¯CZYZNA;2;21019078
EDGARDO JR.;MÊ¯CZYZNA;2;21019080
ABHAY KUMAR;MÊ¯CZYZNA;2;21019082
LAMANTINO;MÊ¯CZYZNA;2;21019084
QOSIMJON;MÊ¯CZYZNA;2;21019086
CHAKRA;MÊ¯CZYZNA;2;21019088
IOLCHU;MÊ¯CZYZNA;2;21019090
MYUNGJUN;MÊ¯CZYZNA;2;21019092
SYARHEI;MÊ¯CZYZNA;2;21019094
YUJIE;MÊ¯CZYZNA;2;21019096
HARUTJUN;MÊ¯CZYZNA;2;21019098
PIER PAOLO;MÊ¯CZYZNA;2;21019100
JINGSHENG;MÊ¯CZYZNA;2;21019102
SUKHBEER;MÊ¯CZYZNA;2;21019104
HAJAR;MÊ¯CZYZNA;2;21019106
BABIR;MÊ¯CZYZNA;2;21019108
ENDI;MÊ¯CZYZNA;2;21019110
QAZIM;MÊ¯CZYZNA;2;21019112
SAID-KHASAN;MÊ¯CZYZNA;2;21019114
JOHNI;MÊ¯CZYZNA;2;21019116
VAN KIEM;MÊ¯CZYZNA;2;21019118
AZIR;MÊ¯CZYZNA;2;21019120
MELSIK;MÊ¯CZYZNA;2;21019122
ZAHARIY;MÊ¯CZYZNA;2;21019124
MEISON;MÊ¯CZYZNA;2;21019126
HONGCHUN;MÊ¯CZYZNA;2;21019128
ZOZULIA;MÊ¯CZYZNA;2;21019130
CHUTRA;MÊ¯CZYZNA;2;21019132
SCHOLASTYK;MÊ¯CZYZNA;2;21019134
NHAT TAN;MÊ¯CZYZNA;2;21019136
TED-GEORGE;MÊ¯CZYZNA;2;21019138
YONUS;MÊ¯CZYZNA;2;21019140
BATTSENGEL;MÊ¯CZYZNA;2;21019142
YOUENN;MÊ¯CZYZNA;2;21019144
SIMBA;MÊ¯CZYZNA;2;21019146
ALBERTE;MÊ¯CZYZNA;2;21019148
MIHEL;MÊ¯CZYZNA;2;21019150
BINOJ;MÊ¯CZYZNA;2;21019152
DANIILO;MÊ¯CZYZNA;2;21019154
ERADZH;MÊ¯CZYZNA;2;21019156
ROJS;MÊ¯CZYZNA;2;21019158
ASADULLAKH;MÊ¯CZYZNA;2;21019160
BYUNGDOO;MÊ¯CZYZNA;2;21019162
MUHOMMETMYRAT;MÊ¯CZYZNA;2;21019164
RENIE;MÊ¯CZYZNA;2;21019166
FENGXIANG;MÊ¯CZYZNA;2;21019168
XUÂN H?I;MÊ¯CZYZNA;2;21019170
CARROLL;MÊ¯CZYZNA;2;21019172
CLAAS;MÊ¯CZYZNA;2;21019174
VITALIOS;MÊ¯CZYZNA;2;21019176
TOSHAN;MÊ¯CZYZNA;2;21019178
MARGULAN;MÊ¯CZYZNA;2;21019180
MANNY;MÊ¯CZYZNA;2;21019182
PRERAK;MÊ¯CZYZNA;2;21019184
OFREE;MÊ¯CZYZNA;2;21019186
SAMIT;MÊ¯CZYZNA;2;21019188
AZAY;MÊ¯CZYZNA;2;21019190
BOHDAN-MYKHAILO;MÊ¯CZYZNA;2;21019192
DRAGOª-LUCIAN;MÊ¯CZYZNA;2;21019194
LIBBY;MÊ¯CZYZNA;2;21019196
TYMOFIIJ;MÊ¯CZYZNA;2;21019198
CHOMPI;MÊ¯CZYZNA;2;21019200
HAZIZ;MÊ¯CZYZNA;2;21019202
PULATBEK;MÊ¯CZYZNA;2;21019204
JUNGMOO;MÊ¯CZYZNA;2;21019206
VAN THU;MÊ¯CZYZNA;2;21019208
JIANBIAO;MÊ¯CZYZNA;2;21019210
WUSHENG;MÊ¯CZYZNA;2;21019212
ALAI;MÊ¯CZYZNA;2;21019214
DOGANCAN;MÊ¯CZYZNA;2;21019216
ELVIZ;MÊ¯CZYZNA;2;21019218
CHENGYI;MÊ¯CZYZNA;2;21019220
DZHEREMI;MÊ¯CZYZNA;2;21019222
SAMPO;MÊ¯CZYZNA;2;21019224
MAOQUAN;MÊ¯CZYZNA;2;21019226
AMIRULLO;MÊ¯CZYZNA;2;21019228
CHAYIM;MÊ¯CZYZNA;2;21019230
JOENEL;MÊ¯CZYZNA;2;21019232
CHANG JU;MÊ¯CZYZNA;2;21019234
CIESZYS£AW;MÊ¯CZYZNA;2;21019236
RAZHAB;MÊ¯CZYZNA;2;21019238
SOTYRIOS;MÊ¯CZYZNA;2;21019240
ZUCHRAN;MÊ¯CZYZNA;2;21019242
GOKTURK;MÊ¯CZYZNA;2;21019244
CHAN SOO;MÊ¯CZYZNA;2;21019246
ABDULJLIL;MÊ¯CZYZNA;2;21019248
AMANCIO;MÊ¯CZYZNA;2;21019250
KOBLANDY;MÊ¯CZYZNA;2;21019252
VLASIUK;MÊ¯CZYZNA;2;21019254
MATLAP;MÊ¯CZYZNA;2;21019256
MAGNO;MÊ¯CZYZNA;2;21019258
NOBIN;MÊ¯CZYZNA;2;21019260
YEVHENIJ;MÊ¯CZYZNA;2;21019262
SUKANTA;MÊ¯CZYZNA;2;21019264
KYLAN;MÊ¯CZYZNA;2;21019266
ALAXANDR;MÊ¯CZYZNA;2;21019268
NADYR;MÊ¯CZYZNA;2;21019270
ISABELO JR.;MÊ¯CZYZNA;2;21019272
V?N TR??NG;MÊ¯CZYZNA;2;21019274
BI£A£;MÊ¯CZYZNA;2;21019276
OMELAN;MÊ¯CZYZNA;2;21019278
MYKOLA-OSTAP;MÊ¯CZYZNA;2;21019280
SARVARJON;MÊ¯CZYZNA;2;21019282
VICTOR DAVID;MÊ¯CZYZNA;2;21019284
Y???TCAN;MÊ¯CZYZNA;2;21019286
ENG;MÊ¯CZYZNA;2;21019288
ASKANAZ;MÊ¯CZYZNA;2;21019290
ASRAFUL;MÊ¯CZYZNA;2;21019292
ZAMANBEK;MÊ¯CZYZNA;2;21019294
JIHOO;MÊ¯CZYZNA;2;21019296
NURAENI;MÊ¯CZYZNA;2;21019298
LIEONID;MÊ¯CZYZNA;2;21019300
GURIKA;MÊ¯CZYZNA;2;21019302
NOREST;MÊ¯CZYZNA;2;21019304
ZUBIN;MÊ¯CZYZNA;2;21019306
JOTAM;MÊ¯CZYZNA;2;21019308
ALDEN;MÊ¯CZYZNA;2;21019310
GODFRED;MÊ¯CZYZNA;2;21019312
AMIKO;MÊ¯CZYZNA;2;21019314
GHEORGHE-RADU;MÊ¯CZYZNA;2;21019316
WILDE-DONALD;MÊ¯CZYZNA;2;21019318
VASYL-OLEH;MÊ¯CZYZNA;2;21019320
MUHAMMAD NUR;MÊ¯CZYZNA;2;21019322
ANACLET;MÊ¯CZYZNA;2;21019324
IVAN-ARTUR;MÊ¯CZYZNA;2;21019326
BUDIMAN;MÊ¯CZYZNA;2;21019328
SUN SIK;MÊ¯CZYZNA;2;21019330
BEDRETT?N;MÊ¯CZYZNA;2;21019332
HARISHCHANDRA;MÊ¯CZYZNA;2;21019334
PRASANJIT;MÊ¯CZYZNA;2;21019336
AZKA;MÊ¯CZYZNA;2;21019338
SEPTIAN;MÊ¯CZYZNA;2;21019340
LUIZ CARLOS;MÊ¯CZYZNA;2;21019342
YOUNGWOO;MÊ¯CZYZNA;2;21019344
GEORGIO;MÊ¯CZYZNA;2;21019346
PROSENJIT;MÊ¯CZYZNA;2;21019348
YESUDASAN;MÊ¯CZYZNA;2;21019350
TIMOFEII;MÊ¯CZYZNA;2;21019352
GALL;MÊ¯CZYZNA;2;21019354
MUGHEES;MÊ¯CZYZNA;2;21019356
SHERWAN;MÊ¯CZYZNA;2;21019358
HAFIZULLAH;MÊ¯CZYZNA;2;21019360
BOJUN;MÊ¯CZYZNA;2;21019362
SEUNG HO;MÊ¯CZYZNA;2;21019364
VELICHKO;MÊ¯CZYZNA;2;21019366
VERLIN;MÊ¯CZYZNA;2;21019368
SHAFIR;MÊ¯CZYZNA;2;21019370
MADHUSUDHANA;MÊ¯CZYZNA;2;21019372
JIANFU;MÊ¯CZYZNA;2;21019374
KAMBIZ;MÊ¯CZYZNA;2;21019376
HIDEYASU;MÊ¯CZYZNA;2;21019378
ZORBA;MÊ¯CZYZNA;2;21019380
MICHAE?L;MÊ¯CZYZNA;2;21019382
KYUNGHOON;MÊ¯CZYZNA;2;21019384
UDAI;MÊ¯CZYZNA;2;21019386
YUG;MÊ¯CZYZNA;2;21019388
ZHIHAI;MÊ¯CZYZNA;2;21019390
ANGRAJ;MÊ¯CZYZNA;2;21019392
GORGUD;MÊ¯CZYZNA;2;21019394
FRANK-PETER;MÊ¯CZYZNA;2;21019396
DALWINDER;MÊ¯CZYZNA;2;21019398
ELEN;MÊ¯CZYZNA;2;21019400
GEKTOR;MÊ¯CZYZNA;2;21019402
YOANDRIS;MÊ¯CZYZNA;2;21019404
KHASAYN;MÊ¯CZYZNA;2;21019406
SARUTI;MÊ¯CZYZNA;2;21019408
NAHIL;MÊ¯CZYZNA;2;21019410
ABDUGHAFOR;MÊ¯CZYZNA;2;21019412
YCARO;MÊ¯CZYZNA;2;21019414
IBROKHIMBEK;MÊ¯CZYZNA;2;21019416
NURBALA;MÊ¯CZYZNA;2;21019418
ZIKAR;MÊ¯CZYZNA;2;21019420
VOLOVYMYR;MÊ¯CZYZNA;2;21019422
SREFAN;MÊ¯CZYZNA;2;21019424
NGOC THIEU;MÊ¯CZYZNA;2;21019426
JILLALI;MÊ¯CZYZNA;2;21019428
SHIBIL;MÊ¯CZYZNA;2;21019430
AVIDAN;MÊ¯CZYZNA;2;21019432
XUÂN GIÁP;MÊ¯CZYZNA;2;21019434
CHIAGOZIE;MÊ¯CZYZNA;2;21019436
MAKSYM-BOHDAN;MÊ¯CZYZNA;2;21019438
IZIK;MÊ¯CZYZNA;2;21019440
MER£AN;MÊ¯CZYZNA;2;21019442
APU;MÊ¯CZYZNA;2;21019444
HAI NGUYEN;MÊ¯CZYZNA;2;21019446
HARIOM;MÊ¯CZYZNA;2;21019448
HAO-WEI;MÊ¯CZYZNA;2;21019450
KABIRU;MÊ¯CZYZNA;2;21019452
BLAZHKO;MÊ¯CZYZNA;2;21019454
JAGDEV;MÊ¯CZYZNA;2;21019456
ANUBIS;MÊ¯CZYZNA;2;21019458
ZUKO;MÊ¯CZYZNA;2;21019460
ALAMBEK;MÊ¯CZYZNA;2;21019462
REGIUSZ;MÊ¯CZYZNA;2;21019464
NARAYAN PRASAD;MÊ¯CZYZNA;2;21019466
REINFRIED;MÊ¯CZYZNA;2;21019468
XIANMIN;MÊ¯CZYZNA;2;21019470
ULLI;MÊ¯CZYZNA;2;21019472
RIZO;MÊ¯CZYZNA;2;21019474
MESTAN;MÊ¯CZYZNA;2;21019476
QEMAJL;MÊ¯CZYZNA;2;21019478
ÇAGDAª;MÊ¯CZYZNA;2;21019480
DAVID-ªTEFAN;MÊ¯CZYZNA;2;21019482
REDES£AW;MÊ¯CZYZNA;2;21019484
CLAUDIU-ADRIAN;MÊ¯CZYZNA;2;21019486
J.;MÊ¯CZYZNA;2;21019488
IANIV;MÊ¯CZYZNA;2;21019490
RUYI;MÊ¯CZYZNA;2;21019492
BARTHOLOMEO;MÊ¯CZYZNA;2;21019494
KATSUTOSHI;MÊ¯CZYZNA;2;21019496
JANAKKUMAR;MÊ¯CZYZNA;2;21019498
AIZHONG;MÊ¯CZYZNA;2;21019500
RAGHVIR;MÊ¯CZYZNA;2;21019502
KENZABURO;MÊ¯CZYZNA;2;21019504
VYGANTAS;MÊ¯CZYZNA;2;21019506
MAGOMEDKAMIL;MÊ¯CZYZNA;2;21019508
DOBROMIL;MÊ¯CZYZNA;2;21019510
£AZAR;MÊ¯CZYZNA;2;21019512
WLADIMIRO;MÊ¯CZYZNA;2;21019514
LÓRÁNT;MÊ¯CZYZNA;2;21019516
ARLIN;MÊ¯CZYZNA;2;21019518
ZHAOLIN;MÊ¯CZYZNA;2;21019520
VAN PHUOC;MÊ¯CZYZNA;2;21019522
SHIGANG;MÊ¯CZYZNA;2;21019524
HOANG AN;MÊ¯CZYZNA;2;21019526
SHENGGANG;MÊ¯CZYZNA;2;21019528
CHANDRESHKUMAR;MÊ¯CZYZNA;2;21019530
KARAHAN;MÊ¯CZYZNA;2;21019532
TIEN TRONG;MÊ¯CZYZNA;2;21019534
GEVORIK;MÊ¯CZYZNA;2;21019536
HALAKTION;MÊ¯CZYZNA;2;21019538
SERMED;MÊ¯CZYZNA;2;21019540
RAYTCHO;MÊ¯CZYZNA;2;21019542
TAMOGHNA;MÊ¯CZYZNA;2;21019544
ANTOUN;MÊ¯CZYZNA;2;21019546
ZARRAR;MÊ¯CZYZNA;2;21019548
RUZIMAT;MÊ¯CZYZNA;2;21019550
SILJAN;MÊ¯CZYZNA;2;21019552
AARO;MÊ¯CZYZNA;2;21019554
GIANY;MÊ¯CZYZNA;2;21019556
SIMEN;MÊ¯CZYZNA;2;21019558
INDI;MÊ¯CZYZNA;2;21019560
ODINAKA;MÊ¯CZYZNA;2;21019562
DARJUAS;MÊ¯CZYZNA;2;21019564
BASZAR;MÊ¯CZYZNA;2;21019566
TAVAKKUL;MÊ¯CZYZNA;2;21019568
FRANCISCO JR;MÊ¯CZYZNA;2;21019570
SALIS;MÊ¯CZYZNA;2;21019572
MD IKBAL;MÊ¯CZYZNA;2;21019574
IGIT;MÊ¯CZYZNA;2;21019576
AVISEK;MÊ¯CZYZNA;2;21019578
FREDE;MÊ¯CZYZNA;2;21019580
YUANXING;MÊ¯CZYZNA;2;21019582
DORIANN;MÊ¯CZYZNA;2;21019584
MIESHKO;MÊ¯CZYZNA;2;21019586
MD RAJIB;MÊ¯CZYZNA;2;21019588
ANDREA MARIA;MÊ¯CZYZNA;2;21019590
D¯AMAL;MÊ¯CZYZNA;2;21019592
BELISARIO;MÊ¯CZYZNA;2;21019594
TADDÄUS;MÊ¯CZYZNA;2;21019596
LINK;MÊ¯CZYZNA;2;21019598
KYRIE;MÊ¯CZYZNA;2;21019600
KIYOKAZU;MÊ¯CZYZNA;2;21019602
NIYAZ;MÊ¯CZYZNA;2;21019604
SOJAN;MÊ¯CZYZNA;2;21019606
SPASOJE;MÊ¯CZYZNA;2;21019608
MOHAN PRASAD;MÊ¯CZYZNA;2;21019610
LUCZIANO;MÊ¯CZYZNA;2;21019612
ABDULFATAH;MÊ¯CZYZNA;2;21019614
CANSIN;MÊ¯CZYZNA;2;21019616
JOUDI;MÊ¯CZYZNA;2;21019618
RAVIN;MÊ¯CZYZNA;2;21019620
RIYO;MÊ¯CZYZNA;2;21019622
TASKIN;MÊ¯CZYZNA;2;21019624
CHENGJIANG;MÊ¯CZYZNA;2;21019626
IWANKO;MÊ¯CZYZNA;2;21019628
XUAN VAN;MÊ¯CZYZNA;2;21019630
VÂN;MÊ¯CZYZNA;2;21019632
AVDYL;MÊ¯CZYZNA;2;21019634
SHAAN;MÊ¯CZYZNA;2;21019636
ARNEST;MÊ¯CZYZNA;2;21019638
NAZISH;MÊ¯CZYZNA;2;21019640
NASERDDINE;MÊ¯CZYZNA;2;21019642
YONGYUAN;MÊ¯CZYZNA;2;21019644
LUMIR;MÊ¯CZYZNA;2;21019646
SAIFULA;MÊ¯CZYZNA;2;21019648
QUANG GIA B?O;MÊ¯CZYZNA;2;21019650
EYAN;MÊ¯CZYZNA;2;21019652
RYON;MÊ¯CZYZNA;2;21019654
MIKOLAJA;MÊ¯CZYZNA;2;21019656
AVN?;MÊ¯CZYZNA;2;21019658
ILOS;MÊ¯CZYZNA;2;21019660
ELINA;MÊ¯CZYZNA;2;21019662
CAS?M;MÊ¯CZYZNA;2;21019664
WARTONO;MÊ¯CZYZNA;2;21019666
RIZAN;MÊ¯CZYZNA;2;21019668
SANGBUM;MÊ¯CZYZNA;2;21019670
XINLI;MÊ¯CZYZNA;2;21019672
ZEKERYA;MÊ¯CZYZNA;2;21019674
YESMAN;MÊ¯CZYZNA;2;21019676
REZI;MÊ¯CZYZNA;2;21019678
KANISHKA;MÊ¯CZYZNA;2;21019680
ROS£ISLAV;MÊ¯CZYZNA;2;21019682
REIJO;MÊ¯CZYZNA;2;21019684
GUOPENG;MÊ¯CZYZNA;2;21019686
SUDAD;MÊ¯CZYZNA;2;21019688
DONIK;MÊ¯CZYZNA;2;21019690
NEWFEL;MÊ¯CZYZNA;2;21019692
CRYSTIAN;MÊ¯CZYZNA;2;21019694
ABDULSALIM;MÊ¯CZYZNA;2;21019696
FEIFAN;MÊ¯CZYZNA;2;21019698
ARESTAK;MÊ¯CZYZNA;2;21019700
ZILFIGAR;MÊ¯CZYZNA;2;21019702
SHANXIA;MÊ¯CZYZNA;2;21019704
MOHAMED-AMINE;MÊ¯CZYZNA;2;21019706
SIERGIEI;MÊ¯CZYZNA;2;21019708
NAMHYUN;MÊ¯CZYZNA;2;21019710
IWAJ£O;MÊ¯CZYZNA;2;21019712
XUANYU;MÊ¯CZYZNA;2;21019714
VALENTIN JR.;MÊ¯CZYZNA;2;21019716
RATNASIRI;MÊ¯CZYZNA;2;21019718
KI HO;MÊ¯CZYZNA;2;21019720
HUMMET;MÊ¯CZYZNA;2;21019722
BORJAN;MÊ¯CZYZNA;2;21019724
SIDNEI;MÊ¯CZYZNA;2;21019726
SABAHAT;MÊ¯CZYZNA;2;21019728
ZHENGYU;MÊ¯CZYZNA;2;21019730
RARE?;MÊ¯CZYZNA;2;21019732
HUU BINH;MÊ¯CZYZNA;2;21019734
CHAERUL;MÊ¯CZYZNA;2;21019736
EFKLEIDIS;MÊ¯CZYZNA;2;21019738
VASTL;MÊ¯CZYZNA;2;21019740
FREDEUSZ;MÊ¯CZYZNA;2;21019742
XUEHUA;MÊ¯CZYZNA;2;21019744
SHANMUGAM;MÊ¯CZYZNA;2;21019746
RAINIER;MÊ¯CZYZNA;2;21019748
GENUR;MÊ¯CZYZNA;2;21019750
L?P;MÊ¯CZYZNA;2;21019752
OUTMAN;MÊ¯CZYZNA;2;21019754
OUWEN;MÊ¯CZYZNA;2;21019756
ABADDON;MÊ¯CZYZNA;2;21019758
YAUKHIM;MÊ¯CZYZNA;2;21019760
JELLO;MÊ¯CZYZNA;2;21019762
IMERI;MÊ¯CZYZNA;2;21019764
DHRUVIN;MÊ¯CZYZNA;2;21019766
NIROJ;MÊ¯CZYZNA;2;21019768
ALIJONI;MÊ¯CZYZNA;2;21019770
ODINAEV;MÊ¯CZYZNA;2;21019772
HOANG ANH TUAN;MÊ¯CZYZNA;2;21019774
EUREMIUSZ;MÊ¯CZYZNA;2;21019776
JOHN JAMES;MÊ¯CZYZNA;2;21019778
HEYANG;MÊ¯CZYZNA;2;21019780
LOHIT;MÊ¯CZYZNA;2;21019782
KIHO;MÊ¯CZYZNA;2;21019784
MUHAMMADKODIR;MÊ¯CZYZNA;2;21019786
TAN LOI;MÊ¯CZYZNA;2;21019788
AMITHA;MÊ¯CZYZNA;2;21019790
DHANISHWAR;MÊ¯CZYZNA;2;21019792
TIJANI;MÊ¯CZYZNA;2;21019794
DINH DUC;MÊ¯CZYZNA;2;21019796
OMMAR;MÊ¯CZYZNA;2;21019798
SHMARIAHU;MÊ¯CZYZNA;2;21019800
JEY;MÊ¯CZYZNA;2;21019802
JIANXUE;MÊ¯CZYZNA;2;21019804
BAªARAN;MÊ¯CZYZNA;2;21019806
MZECHABUKI;MÊ¯CZYZNA;2;21019808
PRABAHARAN;MÊ¯CZYZNA;2;21019810
RENEÉ;MÊ¯CZYZNA;2;21019812
VU AN;MÊ¯CZYZNA;2;21019814
ALEPH;MÊ¯CZYZNA;2;21019816
K?RE;MÊ¯CZYZNA;2;21019818
VÃN HO?;MÊ¯CZYZNA;2;21019820
IONUÞ-VALENTIN;MÊ¯CZYZNA;2;21019822
MAKHSUDBEK;MÊ¯CZYZNA;2;21019824
BATAA;MÊ¯CZYZNA;2;21019826
DIDENKO;MÊ¯CZYZNA;2;21019828
SHAREEF;MÊ¯CZYZNA;2;21019830
SANGOH;MÊ¯CZYZNA;2;21019832
XIYU;MÊ¯CZYZNA;2;21019834
KALIL;MÊ¯CZYZNA;2;21019836
FREDERICUS;MÊ¯CZYZNA;2;21019838
VIET PHUONG;MÊ¯CZYZNA;2;21019840
ALAADD?N;MÊ¯CZYZNA;2;21019842
TIMURHAN;MÊ¯CZYZNA;2;21019844
V?NH;MÊ¯CZYZNA;2;21019846
JESAJA;MÊ¯CZYZNA;2;21019848
W£ADYSLAV;MÊ¯CZYZNA;2;21019850
ANDREI-CÃTÃLIN;MÊ¯CZYZNA;2;21019852
GEORGE-MARIAN;MÊ¯CZYZNA;2;21019854
DRAHAN;MÊ¯CZYZNA;2;21019856
KWAN;MÊ¯CZYZNA;2;21019858
ROHIT KUMAR;MÊ¯CZYZNA;2;21019860
SIDEK;MÊ¯CZYZNA;2;21019862
ZIYADULLA;MÊ¯CZYZNA;2;21019864
ABDUL RAZAK;MÊ¯CZYZNA;2;21019866
HONGFEI;MÊ¯CZYZNA;2;21019868
ELYA;MÊ¯CZYZNA;2;21019870
ELTSIN;MÊ¯CZYZNA;2;21019872
SUHERMAN;MÊ¯CZYZNA;2;21019874
AJITH KUMAR;MÊ¯CZYZNA;2;21019876
SLIMAN;MÊ¯CZYZNA;2;21019878
KUSNANDAR;MÊ¯CZYZNA;2;21019880
UMUDVAR;MÊ¯CZYZNA;2;21019882
YAROMA;MÊ¯CZYZNA;2;21019884
BICH;MÊ¯CZYZNA;2;21019886
GARETT;MÊ¯CZYZNA;2;21019888
RADHAKRISHNA;MÊ¯CZYZNA;2;21019890
TORO;MÊ¯CZYZNA;2;21019892
GULIAN;MÊ¯CZYZNA;2;21019894
VERNER;MÊ¯CZYZNA;2;21019896
RASHPAL;MÊ¯CZYZNA;2;21019898
H??NG;MÊ¯CZYZNA;2;21019900
QIUWEI;MÊ¯CZYZNA;2;21019902
KORIAN;MÊ¯CZYZNA;2;21019904
NGOC CHÂU;MÊ¯CZYZNA;2;21019906
TR?NG H?;MÊ¯CZYZNA;2;21019908
PRABODH;MÊ¯CZYZNA;2;21019910
DEOK;MÊ¯CZYZNA;2;21019912
SHOHIDUL;MÊ¯CZYZNA;2;21019914
EDHARAS;MÊ¯CZYZNA;2;21019916
GAURANGKUMAR;MÊ¯CZYZNA;2;21019918
RAYED;MÊ¯CZYZNA;2;21019920
ABOUBACRY;MÊ¯CZYZNA;2;21019922
THEMBINKOSI;MÊ¯CZYZNA;2;21019924
IORI;MÊ¯CZYZNA;2;21019926
BREIXO;MÊ¯CZYZNA;2;21019928
NAJEEBULLAH;MÊ¯CZYZNA;2;21019930
VAGIV;MÊ¯CZYZNA;2;21019932
DURBEK;MÊ¯CZYZNA;2;21019934
ELEMIR;MÊ¯CZYZNA;2;21019936
ASSEF;MÊ¯CZYZNA;2;21019938
JASJEET;MÊ¯CZYZNA;2;21019940
DORIS;MÊ¯CZYZNA;2;21019942
OLEH-ROMAN;MÊ¯CZYZNA;2;21019944
CHRISTIN;MÊ¯CZYZNA;2;21019946
AROLDO;MÊ¯CZYZNA;2;21019948
FREDRY;MÊ¯CZYZNA;2;21019950
HANDRI;MÊ¯CZYZNA;2;21019952
KAIM;MÊ¯CZYZNA;2;21019954
TARSONO;MÊ¯CZYZNA;2;21019956
PANDU;MÊ¯CZYZNA;2;21019958
TOREN;MÊ¯CZYZNA;2;21019960
LAUREANO;MÊ¯CZYZNA;2;21019962
SUDI;MÊ¯CZYZNA;2;21019964
BAHIR;MÊ¯CZYZNA;2;21019966
TEADOR;MÊ¯CZYZNA;2;21019968
OTACILIO;MÊ¯CZYZNA;2;21019970
YERSAIYN;MÊ¯CZYZNA;2;21019972
??C H?A;MÊ¯CZYZNA;2;21019974
SHIRMYRAT;MÊ¯CZYZNA;2;21019976
LOVESH;MÊ¯CZYZNA;2;21019978
SHIYAS;MÊ¯CZYZNA;2;21019980
PATRYC;MÊ¯CZYZNA;2;21019982
ARMANDO JR;MÊ¯CZYZNA;2;21019984
DAVID-MATEI;MÊ¯CZYZNA;2;21019986
MINGXUAN;MÊ¯CZYZNA;2;21019988
ZLATIN;MÊ¯CZYZNA;2;21019990
HAKBONG;MÊ¯CZYZNA;2;21019992
OMATILLO;MÊ¯CZYZNA;2;21019994
PAKHLAVONBEK;MÊ¯CZYZNA;2;21019996
AASHIS;MÊ¯CZYZNA;2;21019998
DONGGI;MÊ¯CZYZNA;2;21020000
TIANXIANG;MÊ¯CZYZNA;2;21020002
OLEKSANDR-ANDRII;MÊ¯CZYZNA;2;21020004
EWERTON;MÊ¯CZYZNA;2;21020006
SETHUNATH;MÊ¯CZYZNA;2;21020008
QUANG QUY;MÊ¯CZYZNA;2;21020010
FAYOZIDDIN;MÊ¯CZYZNA;2;21020012
BAUDOIN;MÊ¯CZYZNA;2;21020014
TAKAHITO;MÊ¯CZYZNA;2;21020016
DERECK;MÊ¯CZYZNA;2;21020018
NIREL;MÊ¯CZYZNA;2;21020020
KWESI;MÊ¯CZYZNA;2;21020022
DIALLO;MÊ¯CZYZNA;2;21020024
KAL;MÊ¯CZYZNA;2;21020026
RINTU;MÊ¯CZYZNA;2;21020028
TAKEHIRO;MÊ¯CZYZNA;2;21020030
SEYED ALI;MÊ¯CZYZNA;2;21020032
NARENDRA KUMAR;MÊ¯CZYZNA;2;21020034
IGON;MÊ¯CZYZNA;2;21020036
TADELE;MÊ¯CZYZNA;2;21020038
MAURITIUS;MÊ¯CZYZNA;2;21020040
SHUNGEN;MÊ¯CZYZNA;2;21020042
ADEDOTUN;MÊ¯CZYZNA;2;21020044
JORGE ARMANDO;MÊ¯CZYZNA;2;21020046
LOVEDEEP;MÊ¯CZYZNA;2;21020048
MIN WOO;MÊ¯CZYZNA;2;21020050
CHANGQUAN;MÊ¯CZYZNA;2;21020052
SIYU;MÊ¯CZYZNA;2;21020054
KHOKON;MÊ¯CZYZNA;2;21020056
HA YOUNG;MÊ¯CZYZNA;2;21020058
OTNIEL;MÊ¯CZYZNA;2;21020060
ABDULHAMIT;MÊ¯CZYZNA;2;21020062
POPA;MÊ¯CZYZNA;2;21020064
ROMARJO;MÊ¯CZYZNA;2;21020066
NOURALDIN;MÊ¯CZYZNA;2;21020068
ISMAILI;MÊ¯CZYZNA;2;21020070
ARMENI;MÊ¯CZYZNA;2;21020072
WIACZYS£AW;MÊ¯CZYZNA;2;21020074
HILER;MÊ¯CZYZNA;2;21020076
KRISS;MÊ¯CZYZNA;2;21020078
DEVARAJU;MÊ¯CZYZNA;2;21020080
YONGQI;MÊ¯CZYZNA;2;21020082
TRUONG THO;MÊ¯CZYZNA;2;21020084
ABDELRAOUF;MÊ¯CZYZNA;2;21020086
BANGAR;MÊ¯CZYZNA;2;21020088
VINOJ;MÊ¯CZYZNA;2;21020090
URAZ;MÊ¯CZYZNA;2;21020092
SHARAFJON;MÊ¯CZYZNA;2;21020094
CHUANBAO;MÊ¯CZYZNA;2;21020096
ABIGAIL;MÊ¯CZYZNA;2;21020098
LELEKO;MÊ¯CZYZNA;2;21020100
SUNGCHAN;MÊ¯CZYZNA;2;21020102
SANGYOON;MÊ¯CZYZNA;2;21020104
MANSOR;MÊ¯CZYZNA;2;21020106
SUSANT;MÊ¯CZYZNA;2;21020108
RA?F;MÊ¯CZYZNA;2;21020110
ABDIRAKHMAN;MÊ¯CZYZNA;2;21020112
MANUEL ANTONIO;MÊ¯CZYZNA;2;21020114
ORGES;MÊ¯CZYZNA;2;21020116
HUBA;MÊ¯CZYZNA;2;21020118
AGE;MÊ¯CZYZNA;2;21020120
JINHONG;MÊ¯CZYZNA;2;21020122
IK;MÊ¯CZYZNA;2;21020124
ABD EL KARIM;MÊ¯CZYZNA;2;21020126
DIPU;MÊ¯CZYZNA;2;21020128
WLASIS;MÊ¯CZYZNA;2;21020130
SAYDI;MÊ¯CZYZNA;2;21020132
KUJI;MÊ¯CZYZNA;2;21020134
ADENIRAN;MÊ¯CZYZNA;2;21020136
ZHENMING;MÊ¯CZYZNA;2;21020138
AVAZKHAN;MÊ¯CZYZNA;2;21020140
FUZAYL;MÊ¯CZYZNA;2;21020142
AADITH;MÊ¯CZYZNA;2;21020144
DONALT;MÊ¯CZYZNA;2;21020146
JINHYEONG;MÊ¯CZYZNA;2;21020148
MD ALAMIN;MÊ¯CZYZNA;2;21020150
KUNIYOSHI;MÊ¯CZYZNA;2;21020152
ZHASURBEK;MÊ¯CZYZNA;2;21020154
HUU TRUNG;MÊ¯CZYZNA;2;21020156
JEONGHYUN;MÊ¯CZYZNA;2;21020158
KAUNG;MÊ¯CZYZNA;2;21020160
MAKHABBAT;MÊ¯CZYZNA;2;21020162
DEMETRIOS;MÊ¯CZYZNA;2;21020164
JORGE ALEJANDRO;MÊ¯CZYZNA;2;21020166
AKARYS;MÊ¯CZYZNA;2;21020168
SHENASI;MÊ¯CZYZNA;2;21020170
MOHAMMAD MEHEDI;MÊ¯CZYZNA;2;21020172
EDIL;MÊ¯CZYZNA;2;21020174
GERBERT;MÊ¯CZYZNA;2;21020176
WOITEK;MÊ¯CZYZNA;2;21020178
SARABJEET SINGH;MÊ¯CZYZNA;2;21020180
ALAKSIEJ;MÊ¯CZYZNA;2;21020182
GAJIEV;MÊ¯CZYZNA;2;21020184
LUIS ARTURO;MÊ¯CZYZNA;2;21020186
AKAY;MÊ¯CZYZNA;2;21020188
MAROS;MÊ¯CZYZNA;2;21020190
MUKHAMMADMUSO;MÊ¯CZYZNA;2;21020192
PRIYAM;MÊ¯CZYZNA;2;21020194
FUZULIY;MÊ¯CZYZNA;2;21020196
UZEIR;MÊ¯CZYZNA;2;21020198
CASANOVA;MÊ¯CZYZNA;2;21020200
WITNO;MÊ¯CZYZNA;2;21020202
JOHNS;MÊ¯CZYZNA;2;21020204
RUBEN DARIO;MÊ¯CZYZNA;2;21020206
DIGBY;MÊ¯CZYZNA;2;21020208
PROFIR;MÊ¯CZYZNA;2;21020210
HASIBUR;MÊ¯CZYZNA;2;21020212
QOBILJON;MÊ¯CZYZNA;2;21020214
YERKANAT;MÊ¯CZYZNA;2;21020216
SURADI;MÊ¯CZYZNA;2;21020218
ABUBAKARI;MÊ¯CZYZNA;2;21020220
OLES-YURII;MÊ¯CZYZNA;2;21020222
IEHUDA;MÊ¯CZYZNA;2;21020224
SABYRBEK;MÊ¯CZYZNA;2;21020226
JANGBU;MÊ¯CZYZNA;2;21020228
CHANDER SHEKHAR;MÊ¯CZYZNA;2;21020230
DELMAR;MÊ¯CZYZNA;2;21020232
SEZGI;MÊ¯CZYZNA;2;21020234
QUOC DONG;MÊ¯CZYZNA;2;21020236
ZORII;MÊ¯CZYZNA;2;21020238
BAO NGOC;MÊ¯CZYZNA;2;21020240
KHADKA BAHADUR;MÊ¯CZYZNA;2;21020242
MD ABU BAKKAR;MÊ¯CZYZNA;2;21020244
HRISHA;MÊ¯CZYZNA;2;21020246
BHUMITKUMAR;MÊ¯CZYZNA;2;21020248
DANIK;MÊ¯CZYZNA;2;21020250
HAZRET;MÊ¯CZYZNA;2;21020252
HUSHAM;MÊ¯CZYZNA;2;21020254
JACID;MÊ¯CZYZNA;2;21020256
ALAMIR;MÊ¯CZYZNA;2;21020258
IBAI;MÊ¯CZYZNA;2;21020260
CALISTUS;MÊ¯CZYZNA;2;21020262
KARAN KUMAR;MÊ¯CZYZNA;2;21020264
JUNOH;MÊ¯CZYZNA;2;21020266
HUU PHUOC;MÊ¯CZYZNA;2;21020268
FERRÉOL;MÊ¯CZYZNA;2;21020270
GIANFILIPPO;MÊ¯CZYZNA;2;21020272
GEREMY;MÊ¯CZYZNA;2;21020274
YESSEN;MÊ¯CZYZNA;2;21020276
AFRO;MÊ¯CZYZNA;2;21020278
GULIO;MÊ¯CZYZNA;2;21020280
JONGKYUN;MÊ¯CZYZNA;2;21020282
DONGBO;MÊ¯CZYZNA;2;21020284
ZONFRE;MÊ¯CZYZNA;2;21020286
HAREHIN;MÊ¯CZYZNA;2;21020288
NWACHUKWU;MÊ¯CZYZNA;2;21020290
JURANDIR;MÊ¯CZYZNA;2;21020292
PARVIS;MÊ¯CZYZNA;2;21020294
WITHAYA;MÊ¯CZYZNA;2;21020296
HANSHENG;MÊ¯CZYZNA;2;21020298
SIRIPONG;MÊ¯CZYZNA;2;21020300
ELZAM;MÊ¯CZYZNA;2;21020302
DONY;MÊ¯CZYZNA;2;21020304
KHOMKRIT;MÊ¯CZYZNA;2;21020306
RATHEESH KUMAR;MÊ¯CZYZNA;2;21020308
£UKJAN;MÊ¯CZYZNA;2;21020310
CHINEMEREM;MÊ¯CZYZNA;2;21020312
SEOHOO;MÊ¯CZYZNA;2;21020314
SOMESH;MÊ¯CZYZNA;2;21020316
BOUABDELLAH;MÊ¯CZYZNA;2;21020318
RIJAN;MÊ¯CZYZNA;2;21020320
HOANG KHOI;MÊ¯CZYZNA;2;21020322
SHAVLEGO;MÊ¯CZYZNA;2;21020324
ONEIL;MÊ¯CZYZNA;2;21020326
CAU?;MÊ¯CZYZNA;2;21020328
MUHAMMAD SAAD;MÊ¯CZYZNA;2;21020330
ASHESH;MÊ¯CZYZNA;2;21020332
FLORENC;MÊ¯CZYZNA;2;21020334
SANTERI;MÊ¯CZYZNA;2;21020336
IMIL;MÊ¯CZYZNA;2;21020338
THIEN BAO;MÊ¯CZYZNA;2;21020340
KAIXIANG;MÊ¯CZYZNA;2;21020342
SEIFADDIN;MÊ¯CZYZNA;2;21020344
REJAUL;MÊ¯CZYZNA;2;21020346
ANDZHELO;MÊ¯CZYZNA;2;21020348
SHUMA;MÊ¯CZYZNA;2;21020350
PAUL-CONSTANTIN;MÊ¯CZYZNA;2;21020352
PAUL JOHN;MÊ¯CZYZNA;2;21020354
SIAVUSH;MÊ¯CZYZNA;2;21020356
JIAXIN;MÊ¯CZYZNA;2;21020358
JEDIDIAH;MÊ¯CZYZNA;2;21020360
LOWA;MÊ¯CZYZNA;2;21020362
AILIN;MÊ¯CZYZNA;2;21020364
RENÉE;MÊ¯CZYZNA;2;21020366
MIERABI;MÊ¯CZYZNA;2;21020368
CONG HUNG;MÊ¯CZYZNA;2;21020370
JETRO;MÊ¯CZYZNA;2;21020372
ABDÜSSAMET;MÊ¯CZYZNA;2;21020374
CHIBUGO;MÊ¯CZYZNA;2;21020376
BIKENTI;MÊ¯CZYZNA;2;21020378
FABIJAN;MÊ¯CZYZNA;2;21020380
MOHAMED NABIL;MÊ¯CZYZNA;2;21020382
ELMERI;MÊ¯CZYZNA;2;21020384
AZAMZHON;MÊ¯CZYZNA;2;21020386
ALESKANDER;MÊ¯CZYZNA;2;21020388
??NH CÔNG;MÊ¯CZYZNA;2;21020390
MELIKSET;MÊ¯CZYZNA;2;21020392
SREEJESH;MÊ¯CZYZNA;2;21020394
CAÍQUE;MÊ¯CZYZNA;2;21020396
ARSHALUIS;MÊ¯CZYZNA;2;21020398
ISWORI;MÊ¯CZYZNA;2;21020400
MUSEIB;MÊ¯CZYZNA;2;21020402
RUURD;MÊ¯CZYZNA;2;21020404
NESTIR;MÊ¯CZYZNA;2;21020406
VIKASHKUMAR;MÊ¯CZYZNA;2;21020408
JAY MARK;MÊ¯CZYZNA;2;21020410
GUANGHUI;MÊ¯CZYZNA;2;21020412
JAGGER;MÊ¯CZYZNA;2;21020414
KIRTAN;MÊ¯CZYZNA;2;21020416
ESKIL;MÊ¯CZYZNA;2;21020418
TAEGI;MÊ¯CZYZNA;2;21020420
MAROUF;MÊ¯CZYZNA;2;21020422
JOSUEL;MÊ¯CZYZNA;2;21020424
CHALED;MÊ¯CZYZNA;2;21020426
NICOLAE-DANIEL;MÊ¯CZYZNA;2;21020428
JAGRAJ;MÊ¯CZYZNA;2;21020430
SRIYANSH;MÊ¯CZYZNA;2;21020432
SHIH-JIE;MÊ¯CZYZNA;2;21020434
MADHAT;MÊ¯CZYZNA;2;21020436
ARIIAN;MÊ¯CZYZNA;2;21020438
FAZAIL;MÊ¯CZYZNA;2;21020440
HYUNSEOK;MÊ¯CZYZNA;2;21020442
DALJINDER SINGH;MÊ¯CZYZNA;2;21020444
RULONG;MÊ¯CZYZNA;2;21020446
VÃN TÁM;MÊ¯CZYZNA;2;21020448
OFECK;MÊ¯CZYZNA;2;21020450
ERIKA;MÊ¯CZYZNA;2;21020452
KOZIMZHON;MÊ¯CZYZNA;2;21020454
NATHANE;MÊ¯CZYZNA;2;21020456
HUU MINH;MÊ¯CZYZNA;2;21020458
KH?I;MÊ¯CZYZNA;2;21020460
PRITPAL;MÊ¯CZYZNA;2;21020462
MASHALAKH;MÊ¯CZYZNA;2;21020464
SERDIUK;MÊ¯CZYZNA;2;21020466
SALWADORE;MÊ¯CZYZNA;2;21020468
MORDCHAJ;MÊ¯CZYZNA;2;21020470
KERI;MÊ¯CZYZNA;2;21020472
SEUNGWOOK;MÊ¯CZYZNA;2;21020474
CALIXTO;MÊ¯CZYZNA;2;21020476
ELIF;MÊ¯CZYZNA;2;21020478
CHURCHIL;MÊ¯CZYZNA;2;21020480
ZELIMKHA;MÊ¯CZYZNA;2;21020482
ATIAN;MÊ¯CZYZNA;2;21020484
NORMUKHAMMAD;MÊ¯CZYZNA;2;21020486
TURA;MÊ¯CZYZNA;2;21020488
JAMIRUL;MÊ¯CZYZNA;2;21020490
IKHTIER;MÊ¯CZYZNA;2;21020492
CLEBER;MÊ¯CZYZNA;2;21020494
CHADWICK;MÊ¯CZYZNA;2;21020496
SAIB;MÊ¯CZYZNA;2;21020498
DEXIN;MÊ¯CZYZNA;2;21020500
SATIAGO;MÊ¯CZYZNA;2;21020502
JUNBIN;MÊ¯CZYZNA;2;21020504
SIAN;MÊ¯CZYZNA;2;21020506
ELISE;MÊ¯CZYZNA;2;21020508
RIFQI;MÊ¯CZYZNA;2;21020510
SANGHYEON;MÊ¯CZYZNA;2;21020512
SARDARBEK;MÊ¯CZYZNA;2;21020514
INGI;MÊ¯CZYZNA;2;21020516
HALWEST;MÊ¯CZYZNA;2;21020518
SANGPIL;MÊ¯CZYZNA;2;21020520
JANAN;MÊ¯CZYZNA;2;21020522
KISANG;MÊ¯CZYZNA;2;21020524
HOANG BAO;MÊ¯CZYZNA;2;21020526
ENKHTUR;MÊ¯CZYZNA;2;21020528
TINKO;MÊ¯CZYZNA;2;21020530
TOBA;MÊ¯CZYZNA;2;21020532
ROUMANY;MÊ¯CZYZNA;2;21020534
AADYANT;MÊ¯CZYZNA;2;21020536
MUNKH;MÊ¯CZYZNA;2;21020538
ANDRASH;MÊ¯CZYZNA;2;21020540
NURALDIN;MÊ¯CZYZNA;2;21020542
PIERRE-JULIEN;MÊ¯CZYZNA;2;21020544
EDMAR;MÊ¯CZYZNA;2;21020546
HO?T;MÊ¯CZYZNA;2;21020548
OLEKSANDR-MYKHAILO;MÊ¯CZYZNA;2;21020550
CHANGWEN;MÊ¯CZYZNA;2;21020552
ERG?N;MÊ¯CZYZNA;2;21020554
FISHEL;MÊ¯CZYZNA;2;21020556
NGOC THANG;MÊ¯CZYZNA;2;21020558
PREM LAL;MÊ¯CZYZNA;2;21020560
ADÁN;MÊ¯CZYZNA;2;21020562
DONGJOO;MÊ¯CZYZNA;2;21020564
SREEKAR;MÊ¯CZYZNA;2;21020566
LE HOANG;MÊ¯CZYZNA;2;21020568
SUKUMARAN;MÊ¯CZYZNA;2;21020570
LOEK;MÊ¯CZYZNA;2;21020572
??C GIANG;MÊ¯CZYZNA;2;21020574
ZHENLIANG;MÊ¯CZYZNA;2;21020576
ZENGIN;MÊ¯CZYZNA;2;21020578
A?KIN;MÊ¯CZYZNA;2;21020580
ABDELBASET;MÊ¯CZYZNA;2;21020582
NESANEL;MÊ¯CZYZNA;2;21020584
VLADYSLAV-VOLODYMYR;MÊ¯CZYZNA;2;21020586
RIDOY;MÊ¯CZYZNA;2;21020588
HEMING;MÊ¯CZYZNA;2;21020590
ENGLEBERT;MÊ¯CZYZNA;2;21020592
ZAS£AW;MÊ¯CZYZNA;2;21020594
MEDHANSH;MÊ¯CZYZNA;2;21020596
Ð?NH;MÊ¯CZYZNA;2;21020598
YOSHITAKA;MÊ¯CZYZNA;2;21020600
TH?NH Ð?T;MÊ¯CZYZNA;2;21020602
RAIED;MÊ¯CZYZNA;2;21020604
PURUSHOTHAMAN;MÊ¯CZYZNA;2;21020606
ELAMAN;MÊ¯CZYZNA;2;21020608
PARVEEN KUMAR;MÊ¯CZYZNA;2;21020610
KWANGUK;MÊ¯CZYZNA;2;21020612
PARUIR;MÊ¯CZYZNA;2;21020614
BOHDAN-VASYL;MÊ¯CZYZNA;2;21020616
MOCHAMED;MÊ¯CZYZNA;2;21020618
BLAGOJE;MÊ¯CZYZNA;2;21020620
DZYANIS;MÊ¯CZYZNA;2;21020622
STÉFANO;MÊ¯CZYZNA;2;21020624
ESED;MÊ¯CZYZNA;2;21020626
INJAE;MÊ¯CZYZNA;2;21020628
ALTANKHUYAG;MÊ¯CZYZNA;2;21020630
MOHAMMAD SHAHID;MÊ¯CZYZNA;2;21020632
APISIT;MÊ¯CZYZNA;2;21020634
UNDRAKH;MÊ¯CZYZNA;2;21020636
CHON;MÊ¯CZYZNA;2;21020638
MANSIR;MÊ¯CZYZNA;2;21020640
XHULIAN;MÊ¯CZYZNA;2;21020642
PLATONI;MÊ¯CZYZNA;2;21020644
OBUMNEME;MÊ¯CZYZNA;2;21020646
IANKO;MÊ¯CZYZNA;2;21020648
XIAOYANG;MÊ¯CZYZNA;2;21020650
KOSIM;MÊ¯CZYZNA;2;21020652
AZFAR;MÊ¯CZYZNA;2;21020654
LUCHKO;MÊ¯CZYZNA;2;21020656
EDONIS;MÊ¯CZYZNA;2;21020658
THIEMO;MÊ¯CZYZNA;2;21020660
MANASBEK;MÊ¯CZYZNA;2;21020662
JONATÁN;MÊ¯CZYZNA;2;21020664
TAISIR;MÊ¯CZYZNA;2;21020666
YUSAF;MÊ¯CZYZNA;2;21020668
SINOJ;MÊ¯CZYZNA;2;21020670
AYTHAMI;MÊ¯CZYZNA;2;21020672
CALIK;MÊ¯CZYZNA;2;21020674
LUIS FRANCISCO;MÊ¯CZYZNA;2;21020676
SHIWEN;MÊ¯CZYZNA;2;21020678
SAJFULLAH;MÊ¯CZYZNA;2;21020680
DHEYAA;MÊ¯CZYZNA;2;21020682
AMONJON;MÊ¯CZYZNA;2;21020684
SAEFUDIN;MÊ¯CZYZNA;2;21020686
RAFSAN;MÊ¯CZYZNA;2;21020688
TAKHYR;MÊ¯CZYZNA;2;21020690
DANYLIUK;MÊ¯CZYZNA;2;21020692
RANBUL;MÊ¯CZYZNA;2;21020694
TU?N KI?T;MÊ¯CZYZNA;2;21020696
ALANKAR;MÊ¯CZYZNA;2;21020698
OVIDIU-VASILE;MÊ¯CZYZNA;2;21020700
YOUBING;MÊ¯CZYZNA;2;21020702
MOULIK;MÊ¯CZYZNA;2;21020704
DASHQIN;MÊ¯CZYZNA;2;21020706
ABDELHAY;MÊ¯CZYZNA;2;21020708
SAWERYN;MÊ¯CZYZNA;2;21020710
NAVEEN REDDY;MÊ¯CZYZNA;2;21020712
YONGSOON;MÊ¯CZYZNA;2;21020714
DEEPEN;MÊ¯CZYZNA;2;21020716
CHENGHONG;MÊ¯CZYZNA;2;21020718
ERSEL;MÊ¯CZYZNA;2;21020720
TIEN MINH;MÊ¯CZYZNA;2;21020722
ZHONGHAI;MÊ¯CZYZNA;2;21020724
DEZYDOR;MÊ¯CZYZNA;2;21020726
TU?N ??T;MÊ¯CZYZNA;2;21020728
YOSEP;MÊ¯CZYZNA;2;21020730
FREDJ;MÊ¯CZYZNA;2;21020732
LICHAO;MÊ¯CZYZNA;2;21020734
KHAMIDJON;MÊ¯CZYZNA;2;21020736
VIDZHAY;MÊ¯CZYZNA;2;21020738
PILIPE;MÊ¯CZYZNA;2;21020740
CARL-JOHAN;MÊ¯CZYZNA;2;21020742
SAYEED;MÊ¯CZYZNA;2;21020744
KAZUTAKA;MÊ¯CZYZNA;2;21020746
YANUS;MÊ¯CZYZNA;2;21020748
SHARIPOV;MÊ¯CZYZNA;2;21020750
SIRAJUL;MÊ¯CZYZNA;2;21020752
JAE-SEOK;MÊ¯CZYZNA;2;21020754
BYEONGHO;MÊ¯CZYZNA;2;21020756
IZABELLA;MÊ¯CZYZNA;2;21020758
SHAODONG;MÊ¯CZYZNA;2;21020760
HYUNJU;MÊ¯CZYZNA;2;21020762
HAMZE;MÊ¯CZYZNA;2;21020764
YUNSUNG;MÊ¯CZYZNA;2;21020766
ASHURALI;MÊ¯CZYZNA;2;21020768
MURSEL;MÊ¯CZYZNA;2;21020770
?MAM;MÊ¯CZYZNA;2;21020772
KHUSHNIDBEK;MÊ¯CZYZNA;2;21020774
Y?LMAZ;MÊ¯CZYZNA;2;21020776
SUMARSONO;MÊ¯CZYZNA;2;21020778
VAKHUSHTI;MÊ¯CZYZNA;2;21020780
MUGUNDHAN;MÊ¯CZYZNA;2;21020782
DIONY;MÊ¯CZYZNA;2;21020784
DHANUSH;MÊ¯CZYZNA;2;21020786
FIODORAS;MÊ¯CZYZNA;2;21020788
APRASIONI;MÊ¯CZYZNA;2;21020790
MERZOUK;MÊ¯CZYZNA;2;21020792
HANNS;MÊ¯CZYZNA;2;21020794
MAYOWA;MÊ¯CZYZNA;2;21020796
VINSENSIUS;MÊ¯CZYZNA;2;21020798
PIETR;MÊ¯CZYZNA;2;21020800
SHAKHVALAT;MÊ¯CZYZNA;2;21020802
GULZHIGIT;MÊ¯CZYZNA;2;21020804
MYLORAD;MÊ¯CZYZNA;2;21020806
DOSSAN;MÊ¯CZYZNA;2;21020808
SARANTOS;MÊ¯CZYZNA;2;21020810
DHARMINDER;MÊ¯CZYZNA;2;21020812
JAMES W;MÊ¯CZYZNA;2;21020814
MACARIUS;MÊ¯CZYZNA;2;21020816
ENNERO;MÊ¯CZYZNA;2;21020818
KOLE;MÊ¯CZYZNA;2;21020820
HANS PETER;MÊ¯CZYZNA;2;21020822
JINXIANG;MÊ¯CZYZNA;2;21020824
SHREERAM;MÊ¯CZYZNA;2;21020826
ABDURAZAK;MÊ¯CZYZNA;2;21020828
GHANIM;MÊ¯CZYZNA;2;21020830
YOUNGTAEK;MÊ¯CZYZNA;2;21020832
GUSTAVO ALEJANDRO;MÊ¯CZYZNA;2;21020834
TYCHO;MÊ¯CZYZNA;2;21020836
HAOYAN;MÊ¯CZYZNA;2;21020838
CLAS;MÊ¯CZYZNA;2;21020840
ROX;MÊ¯CZYZNA;2;21020842
JAVEED;MÊ¯CZYZNA;2;21020844
YALLAJI;MÊ¯CZYZNA;2;21020846
GURIKO;MÊ¯CZYZNA;2;21020848
HANCHE;MÊ¯CZYZNA;2;21020850
HAI QUAN;MÊ¯CZYZNA;2;21020852
SARJONO;MÊ¯CZYZNA;2;21020854
UMURCAN;MÊ¯CZYZNA;2;21020856
AMO;MÊ¯CZYZNA;2;21020858
MAKHMADI;MÊ¯CZYZNA;2;21020860
YOPI;MÊ¯CZYZNA;2;21020862
MÜCAH?D;MÊ¯CZYZNA;2;21020864
SAYGIN;MÊ¯CZYZNA;2;21020866
OSIRIS;MÊ¯CZYZNA;2;21020868
SIMRAN;MÊ¯CZYZNA;2;21020870
GANTOGTOKH;MÊ¯CZYZNA;2;21020872
DZHOMI;MÊ¯CZYZNA;2;21020874
MAKSMILIAN;MÊ¯CZYZNA;2;21020876
REVANTH REDDY;MÊ¯CZYZNA;2;21020878
MINH LOI;MÊ¯CZYZNA;2;21020880
HRYHORYI;MÊ¯CZYZNA;2;21020882
NOBORU;MÊ¯CZYZNA;2;21020884
VICTORY;MÊ¯CZYZNA;2;21020886
MI£ORAD;MÊ¯CZYZNA;2;21020888
THE DUNG;MÊ¯CZYZNA;2;21020890
VÃN L?NH;MÊ¯CZYZNA;2;21020892
HUANMIN;MÊ¯CZYZNA;2;21020894
TRUMAN;MÊ¯CZYZNA;2;21020896
MOHBALI;MÊ¯CZYZNA;2;21020898
SIVARANJAN;MÊ¯CZYZNA;2;21020900
THANH H?;MÊ¯CZYZNA;2;21020902
KASSANDROS;MÊ¯CZYZNA;2;21020904
MIHAI-;MÊ¯CZYZNA;2;21020906
SARABJIT SINGH;MÊ¯CZYZNA;2;21020908
DIETGER;MÊ¯CZYZNA;2;21020910
WENCISLAW;MÊ¯CZYZNA;2;21020912
MERU¯AN;MÊ¯CZYZNA;2;21020914
AJ;MÊ¯CZYZNA;2;21020916
RONGGANG;MÊ¯CZYZNA;2;21020918
SETHU;MÊ¯CZYZNA;2;21020920
ZEAL;MÊ¯CZYZNA;2;21020922
DEMITRI;MÊ¯CZYZNA;2;21020924
ALA';MÊ¯CZYZNA;2;21020926
MARCELIUSZ;MÊ¯CZYZNA;2;21020928
SEUNGPIL;MÊ¯CZYZNA;2;21020930
RODZIS£AW;MÊ¯CZYZNA;2;21020932
FENGYI;MÊ¯CZYZNA;2;21020934
HARSHADKUMAR;MÊ¯CZYZNA;2;21020936
KAHIN;MÊ¯CZYZNA;2;21020938
B£ACHOMIR;MÊ¯CZYZNA;2;21020940
KAMBER;MÊ¯CZYZNA;2;21020942
STEPHENE;MÊ¯CZYZNA;2;21020944
CRISTIAN-DANIEL;MÊ¯CZYZNA;2;21020946
ABDUL-HAKIM;MÊ¯CZYZNA;2;21020948
HUU KHANH;MÊ¯CZYZNA;2;21020950
SMIJO;MÊ¯CZYZNA;2;21020952
BOLDIZSÁR;MÊ¯CZYZNA;2;21020954
THARINDU;MÊ¯CZYZNA;2;21020956
ITCHAK;MÊ¯CZYZNA;2;21020958
BERANGER;MÊ¯CZYZNA;2;21020960
SAKCHAI;MÊ¯CZYZNA;2;21020962
MARVYN;MÊ¯CZYZNA;2;21020964
BIJEN;MÊ¯CZYZNA;2;21020966
ANTENEH;MÊ¯CZYZNA;2;21020968
TILAK RAJ;MÊ¯CZYZNA;2;21020970
EUSTATHIOS;MÊ¯CZYZNA;2;21020972
RENEGIUSZ;MÊ¯CZYZNA;2;21020974
RAH?M;MÊ¯CZYZNA;2;21020976
NURMAN;MÊ¯CZYZNA;2;21020978
SOKHIBZHON;MÊ¯CZYZNA;2;21020980
YIHUI;MÊ¯CZYZNA;2;21020982
DASAN;MÊ¯CZYZNA;2;21020984
REAZUL;MÊ¯CZYZNA;2;21020986
YELIEAZAR;MÊ¯CZYZNA;2;21020988
SYLVIAN;MÊ¯CZYZNA;2;21020990
KAIFENG;MÊ¯CZYZNA;2;21020992
MOHAMMED SADATH;MÊ¯CZYZNA;2;21020994
GERMANOS;MÊ¯CZYZNA;2;21020996
PIRMAMED;MÊ¯CZYZNA;2;21020998
RYSTAM;MÊ¯CZYZNA;2;21021000
JAUHENI;MÊ¯CZYZNA;2;21021002
AYBARS;MÊ¯CZYZNA;2;21021004
ALABA;MÊ¯CZYZNA;2;21021006
ELISAN;MÊ¯CZYZNA;2;21021008
HNEL;MÊ¯CZYZNA;2;21021010
SVIATOS£AV;MÊ¯CZYZNA;2;21021012
ENKHJIN;MÊ¯CZYZNA;2;21021014
XUÂN KHOA;MÊ¯CZYZNA;2;21021016
TAWONGA;MÊ¯CZYZNA;2;21021018
SIDYK;MÊ¯CZYZNA;2;21021020
MAHESWARA;MÊ¯CZYZNA;2;21021022
ABDULAKHAT;MÊ¯CZYZNA;2;21021024
KHÁNH HUY;MÊ¯CZYZNA;2;21021026
LOVEN;MÊ¯CZYZNA;2;21021028
YOOCHAN;MÊ¯CZYZNA;2;21021030
JAE HOON;MÊ¯CZYZNA;2;21021032
AHYAN;MÊ¯CZYZNA;2;21021034
SAID-KHAMZAT;MÊ¯CZYZNA;2;21021036
YAKHYO;MÊ¯CZYZNA;2;21021038
DAYNE;MÊ¯CZYZNA;2;21021040
MENGJUN;MÊ¯CZYZNA;2;21021042
NURDAN;MÊ¯CZYZNA;2;21021044
TAZEMYRAT;MÊ¯CZYZNA;2;21021046
KARZAN;MÊ¯CZYZNA;2;21021048
AMIR KHAN;MÊ¯CZYZNA;2;21021050
TH? H?NG;MÊ¯CZYZNA;2;21021052
FUZULI;MÊ¯CZYZNA;2;21021054
KINASH;MÊ¯CZYZNA;2;21021056
MOHAMMAD DANISH;MÊ¯CZYZNA;2;21021058
SILWESTER;MÊ¯CZYZNA;2;21021060
SOTER;MÊ¯CZYZNA;2;21021062
LAKSHMANA RAO;MÊ¯CZYZNA;2;21021064
CHUNSHENG;MÊ¯CZYZNA;2;21021066
HOANG DAT;MÊ¯CZYZNA;2;21021068
DJAN;MÊ¯CZYZNA;2;21021070
ROBERT-ANDREI;MÊ¯CZYZNA;2;21021072
YNTYMAK;MÊ¯CZYZNA;2;21021074
YTSEN;MÊ¯CZYZNA;2;21021076
MARYAM;MÊ¯CZYZNA;2;21021078
DMITPO;MÊ¯CZYZNA;2;21021080
AUSTYN;MÊ¯CZYZNA;2;21021082
MOKHUBBAT;MÊ¯CZYZNA;2;21021084
RIEN;MÊ¯CZYZNA;2;21021086
KHODR;MÊ¯CZYZNA;2;21021088
OLAVI;MÊ¯CZYZNA;2;21021090
AFJAL;MÊ¯CZYZNA;2;21021092
VIBEKANANDA;MÊ¯CZYZNA;2;21021094
WIJNAND;MÊ¯CZYZNA;2;21021096
SHAOWU;MÊ¯CZYZNA;2;21021098
KOSTANTUN;MÊ¯CZYZNA;2;21021100
BARKHAYOT;MÊ¯CZYZNA;2;21021102
BEKITHEMBA;MÊ¯CZYZNA;2;21021104
SARANG;MÊ¯CZYZNA;2;21021106
TSUN HIN;MÊ¯CZYZNA;2;21021108
KONSTA;MÊ¯CZYZNA;2;21021110
SHERBEK;MÊ¯CZYZNA;2;21021112
NILANTHA;MÊ¯CZYZNA;2;21021114
APURV;MÊ¯CZYZNA;2;21021116
TANSEL;MÊ¯CZYZNA;2;21021118
HOANG DAM;MÊ¯CZYZNA;2;21021120
BIREN;MÊ¯CZYZNA;2;21021122
UKI;MÊ¯CZYZNA;2;21021124
ANDRYS;MÊ¯CZYZNA;2;21021126
GALAL;MÊ¯CZYZNA;2;21021128
EUGINE;MÊ¯CZYZNA;2;21021130
YINGLONG;MÊ¯CZYZNA;2;21021132
ALI MOHAMED;MÊ¯CZYZNA;2;21021134
EKBERT;MÊ¯CZYZNA;2;21021136
FOLKER;MÊ¯CZYZNA;2;21021138
SISAK;MÊ¯CZYZNA;2;21021140
BANGARU;MÊ¯CZYZNA;2;21021142
BOLANLE;MÊ¯CZYZNA;2;21021144
SATTAM;MÊ¯CZYZNA;2;21021146
DJABBAR;MÊ¯CZYZNA;2;21021148
ZINE-EDDINE;MÊ¯CZYZNA;2;21021150
TI?N S?;MÊ¯CZYZNA;2;21021152
TEJAN;MÊ¯CZYZNA;2;21021154
H?LM?;MÊ¯CZYZNA;2;21021156
ABDINABI;MÊ¯CZYZNA;2;21021158
ILYASBEK;MÊ¯CZYZNA;2;21021160
CHABUKI;MÊ¯CZYZNA;2;21021162
RINCHYEN;MÊ¯CZYZNA;2;21021164
MOMIR;MÊ¯CZYZNA;2;21021166
KADRIJA;MÊ¯CZYZNA;2;21021168
KORNELL;MÊ¯CZYZNA;2;21021170
ZHENHAO;MÊ¯CZYZNA;2;21021172
NADHEM;MÊ¯CZYZNA;2;21021174
BABULAL;MÊ¯CZYZNA;2;21021176
ABILKHAIYR;MÊ¯CZYZNA;2;21021178
GUANGLONG;MÊ¯CZYZNA;2;21021180
HALILCAN;MÊ¯CZYZNA;2;21021182
SELWESTER;MÊ¯CZYZNA;2;21021184
ALWALEED;MÊ¯CZYZNA;2;21021186
ROZMAN;MÊ¯CZYZNA;2;21021188
KHUDOYBERDI;MÊ¯CZYZNA;2;21021190
RIDOUANE;MÊ¯CZYZNA;2;21021192
MD SHARIF;MÊ¯CZYZNA;2;21021194
HENNER;MÊ¯CZYZNA;2;21021196
FEHIM;MÊ¯CZYZNA;2;21021198
CELVIN;MÊ¯CZYZNA;2;21021200
SELVA;MÊ¯CZYZNA;2;21021202
LAMJED;MÊ¯CZYZNA;2;21021204
TILEN;MÊ¯CZYZNA;2;21021206
TURSUNBAY;MÊ¯CZYZNA;2;21021208
FAIZULLAH;MÊ¯CZYZNA;2;21021210
YEWHENII;MÊ¯CZYZNA;2;21021212
BAIEL;MÊ¯CZYZNA;2;21021214
VILMIR;MÊ¯CZYZNA;2;21021216
HAOQI;MÊ¯CZYZNA;2;21021218
SARAT;MÊ¯CZYZNA;2;21021220
DERLIS;MÊ¯CZYZNA;2;21021222
XUAN KHANH;MÊ¯CZYZNA;2;21021224
SLAVENKO;MÊ¯CZYZNA;2;21021226
SARAFIN;MÊ¯CZYZNA;2;21021228
YOUMIN;MÊ¯CZYZNA;2;21021230
THAKUR;MÊ¯CZYZNA;2;21021232
TUAN TRUNG;MÊ¯CZYZNA;2;21021234
UMIDZHON;MÊ¯CZYZNA;2;21021236
QIFENG;MÊ¯CZYZNA;2;21021238
MAKHAT;MÊ¯CZYZNA;2;21021240
HYEONGYU;MÊ¯CZYZNA;2;21021242
KESIANO;MÊ¯CZYZNA;2;21021244
MARK RAY;MÊ¯CZYZNA;2;21021246
ALBIERT;MÊ¯CZYZNA;2;21021248
YEKUTIEL;MÊ¯CZYZNA;2;21021250
XENOFON;MÊ¯CZYZNA;2;21021252
MIRAND;MÊ¯CZYZNA;2;21021254
KHANH AN;MÊ¯CZYZNA;2;21021256
VIKTOR-IVAN;MÊ¯CZYZNA;2;21021258
MARK-HEORHII;MÊ¯CZYZNA;2;21021260
ACHILLEFS;MÊ¯CZYZNA;2;21021262
ALDENIZ;MÊ¯CZYZNA;2;21021264
KRUPAL;MÊ¯CZYZNA;2;21021266
BARTH;MÊ¯CZYZNA;2;21021268
XUÂN VI?T;MÊ¯CZYZNA;2;21021270
HIMESH;MÊ¯CZYZNA;2;21021272
ULMASJON;MÊ¯CZYZNA;2;21021274
ANDRIYANTO;MÊ¯CZYZNA;2;21021276
CHIA-YU;MÊ¯CZYZNA;2;21021278
M?RAN;MÊ¯CZYZNA;2;21021280
TEFIK;MÊ¯CZYZNA;2;21021282
UMASHANKAR;MÊ¯CZYZNA;2;21021284
RAWA;MÊ¯CZYZNA;2;21021286
TR?N TRUNG;MÊ¯CZYZNA;2;21021288
OLEH-MYKHAILO;MÊ¯CZYZNA;2;21021290
DOKYUNG;MÊ¯CZYZNA;2;21021292
DARYNA;MÊ¯CZYZNA;2;21021294
PRASIT;MÊ¯CZYZNA;2;21021296
ARASCH;MÊ¯CZYZNA;2;21021298
CHANAI;MÊ¯CZYZNA;2;21021300
ERIOLUWA;MÊ¯CZYZNA;2;21021302
KEXIN;MÊ¯CZYZNA;2;21021304
MENSUD;MÊ¯CZYZNA;2;21021306
YURIS;MÊ¯CZYZNA;2;21021308
SHABEER;MÊ¯CZYZNA;2;21021310
AERON;MÊ¯CZYZNA;2;21021312
XIUHUA;MÊ¯CZYZNA;2;21021314
CHRISTYAN;MÊ¯CZYZNA;2;21021316
AID;MÊ¯CZYZNA;2;21021318
KATSUJI;MÊ¯CZYZNA;2;21021320
HARIHAR;MÊ¯CZYZNA;2;21021322
RUVEN;MÊ¯CZYZNA;2;21021324
MEFODII;MÊ¯CZYZNA;2;21021326
XIAOMENG;MÊ¯CZYZNA;2;21021328
AIDYNBEK;MÊ¯CZYZNA;2;21021330
RAMA KRISHNA REDDY;MÊ¯CZYZNA;2;21021332
SEY?THAN;MÊ¯CZYZNA;2;21021334
WA'EL;MÊ¯CZYZNA;2;21021336
RYKER;MÊ¯CZYZNA;2;21021338
ARYANSH;MÊ¯CZYZNA;2;21021340
SHRINIVAS;MÊ¯CZYZNA;2;21021342
JUNI;MÊ¯CZYZNA;2;21021344
FAZLITDIN;MÊ¯CZYZNA;2;21021346
MOHAN RAO;MÊ¯CZYZNA;2;21021348
SERDZHAN;MÊ¯CZYZNA;2;21021350
MUKHAMADZHON;MÊ¯CZYZNA;2;21021352
STEV;MÊ¯CZYZNA;2;21021354
DILDORBEK;MÊ¯CZYZNA;2;21021356
VASSYL;MÊ¯CZYZNA;2;21021358
TAJFUN;MÊ¯CZYZNA;2;21021360
MADAN KUMAR;MÊ¯CZYZNA;2;21021362
DOVEV;MÊ¯CZYZNA;2;21021364
RAGHAVAN;MÊ¯CZYZNA;2;21021366
SRINIDHI;MÊ¯CZYZNA;2;21021368
ABDUSATTAR;MÊ¯CZYZNA;2;21021370
VOLODIMYR;MÊ¯CZYZNA;2;21021372
FARIDJON;MÊ¯CZYZNA;2;21021374
FLORANTE;MÊ¯CZYZNA;2;21021376
WALSH;MÊ¯CZYZNA;2;21021378
ILMIR;MÊ¯CZYZNA;2;21021380
ROZIKIN;MÊ¯CZYZNA;2;21021382
ANTWAN;MÊ¯CZYZNA;2;21021384
JOHN JAIRO;MÊ¯CZYZNA;2;21021386
TIANCHENG;MÊ¯CZYZNA;2;21021388
BADIR;MÊ¯CZYZNA;2;21021390
ANCZEL;MÊ¯CZYZNA;2;21021392
DINH PHONG;MÊ¯CZYZNA;2;21021394
TAY;MÊ¯CZYZNA;2;21021396
KHOSHBAKHT;MÊ¯CZYZNA;2;21021398
RAJAGOPAL;MÊ¯CZYZNA;2;21021400
UZAIR;MÊ¯CZYZNA;2;21021402
MARCO TULIO;MÊ¯CZYZNA;2;21021404
ABOBAKIR;MÊ¯CZYZNA;2;21021406
OCHIRBAT;MÊ¯CZYZNA;2;21021408
GRYGORIS;MÊ¯CZYZNA;2;21021410
CRESENCIO JR.;MÊ¯CZYZNA;2;21021412
ZAITSEV;MÊ¯CZYZNA;2;21021414
THIEM;MÊ¯CZYZNA;2;21021416
SANJAI;MÊ¯CZYZNA;2;21021418
GLAUBER;MÊ¯CZYZNA;2;21021420
W£ADYSLAW;MÊ¯CZYZNA;2;21021422
JACCO;MÊ¯CZYZNA;2;21021424
TH?NH DUY;MÊ¯CZYZNA;2;21021426
ERYCK;MÊ¯CZYZNA;2;21021428
RAM BABU;MÊ¯CZYZNA;2;21021430
AFIN;MÊ¯CZYZNA;2;21021432
YEFERSON;MÊ¯CZYZNA;2;21021434
R-JAY;MÊ¯CZYZNA;2;21021436
ZUBAYDULLO;MÊ¯CZYZNA;2;21021438
NIKKI;MÊ¯CZYZNA;2;21021440
EADO;MÊ¯CZYZNA;2;21021442
RAYMUNDO;MÊ¯CZYZNA;2;21021444
MUHLISIN;MÊ¯CZYZNA;2;21021446
BOGOLJUB;MÊ¯CZYZNA;2;21021448
MURADJON;MÊ¯CZYZNA;2;21021450
HIRONORI;MÊ¯CZYZNA;2;21021452
ALBER;MÊ¯CZYZNA;2;21021454
PRAVEEN PRAKASH;MÊ¯CZYZNA;2;21021456
HOTAKA;MÊ¯CZYZNA;2;21021458
PENGYUE;MÊ¯CZYZNA;2;21021460
NATTHAPHON;MÊ¯CZYZNA;2;21021462
KISHAN KUMAR;MÊ¯CZYZNA;2;21021464
KALAN;MÊ¯CZYZNA;2;21021466
VINH LOC;MÊ¯CZYZNA;2;21021468
QUANXING;MÊ¯CZYZNA;2;21021470
DUC CHIEN;MÊ¯CZYZNA;2;21021472
ANDREI-OCTAVIAN;MÊ¯CZYZNA;2;21021474
VIDOJE;MÊ¯CZYZNA;2;21021476
H?U TU?N;MÊ¯CZYZNA;2;21021478
ZELEMKHAN;MÊ¯CZYZNA;2;21021480
THÔNG;MÊ¯CZYZNA;2;21021482
SARAWUT;MÊ¯CZYZNA;2;21021484
KHAC TRUNG;MÊ¯CZYZNA;2;21021486
BENION;MÊ¯CZYZNA;2;21021488
XINHUI;MÊ¯CZYZNA;2;21021490
ANATILII;MÊ¯CZYZNA;2;21021492
MARTIAN;MÊ¯CZYZNA;2;21021494
LESIUK;MÊ¯CZYZNA;2;21021496
PREM NATH;MÊ¯CZYZNA;2;21021498
VÃN HUNG;MÊ¯CZYZNA;2;21021500
ULADAS;MÊ¯CZYZNA;2;21021502
PURUSHOTTAM;MÊ¯CZYZNA;2;21021504
ASADILLO;MÊ¯CZYZNA;2;21021506
ERTAÇ;MÊ¯CZYZNA;2;21021508
ZHEFU;MÊ¯CZYZNA;2;21021510
ABDULAHI;MÊ¯CZYZNA;2;21021512
BRIJ;MÊ¯CZYZNA;2;21021514
QUY?T TH?NG;MÊ¯CZYZNA;2;21021516
EDSEL;MÊ¯CZYZNA;2;21021518
CHINGUN;MÊ¯CZYZNA;2;21021520
JECHOR;MÊ¯CZYZNA;2;21021522
TESFAHUN;MÊ¯CZYZNA;2;21021524
B?O VI?T;MÊ¯CZYZNA;2;21021526
PËLLUMB;MÊ¯CZYZNA;2;21021528
RANDHIR;MÊ¯CZYZNA;2;21021530
MILASLAU;MÊ¯CZYZNA;2;21021532
GUNAWAN;MÊ¯CZYZNA;2;21021534
NARAYAN KUMAR;MÊ¯CZYZNA;2;21021536
TRI DUNG;MÊ¯CZYZNA;2;21021538
MOOSA;MÊ¯CZYZNA;2;21021540
DANJUMAH;MÊ¯CZYZNA;2;21021542
GENCHO;MÊ¯CZYZNA;2;21021544
WEISHENG;MÊ¯CZYZNA;2;21021546
YERAY;MÊ¯CZYZNA;2;21021548
IZUAGBE;MÊ¯CZYZNA;2;21021550
NIKITENKO;MÊ¯CZYZNA;2;21021552
OTSO;MÊ¯CZYZNA;2;21021554
CU;MÊ¯CZYZNA;2;21021556
DAYE;MÊ¯CZYZNA;2;21021558
DINH THANG;MÊ¯CZYZNA;2;21021560
DJAMIL;MÊ¯CZYZNA;2;21021562
DIN?RS;MÊ¯CZYZNA;2;21021564
RAMACHANDRA;MÊ¯CZYZNA;2;21021566
GARIKAI;MÊ¯CZYZNA;2;21021568
CONSTANTYN;MÊ¯CZYZNA;2;21021570
GULAMJON;MÊ¯CZYZNA;2;21021572
SHANLIN;MÊ¯CZYZNA;2;21021574
KURBANI;MÊ¯CZYZNA;2;21021576
OLAYEMI;MÊ¯CZYZNA;2;21021578
VOLODYMYR-IVAN;MÊ¯CZYZNA;2;21021580
DANG CUONG;MÊ¯CZYZNA;2;21021582
MYONG SAM;MÊ¯CZYZNA;2;21021584
TOMYS£AW;MÊ¯CZYZNA;2;21021586
AOI;MÊ¯CZYZNA;2;21021588
SERIF;MÊ¯CZYZNA;2;21021590
ZBROIS£AW;MÊ¯CZYZNA;2;21021592
NASRULLO;MÊ¯CZYZNA;2;21021594
AMARI;MÊ¯CZYZNA;2;21021596
TAKELE;MÊ¯CZYZNA;2;21021598
ARÓN;MÊ¯CZYZNA;2;21021600
KHEM BAHADUR;MÊ¯CZYZNA;2;21021602
HAMAZASP;MÊ¯CZYZNA;2;21021604
BALAK RAM;MÊ¯CZYZNA;2;21021606
?M?RZE;MÊ¯CZYZNA;2;21021608
DANAI;MÊ¯CZYZNA;2;21021610
IHLOS;MÊ¯CZYZNA;2;21021612
MUHAMMADIQBOL;MÊ¯CZYZNA;2;21021614
PUSHPENDRA;MÊ¯CZYZNA;2;21021616
ABDUMAJIT;MÊ¯CZYZNA;2;21021618
KONSTATYN;MÊ¯CZYZNA;2;21021620
FABRYCY;MÊ¯CZYZNA;2;21021622
YUNHONG;MÊ¯CZYZNA;2;21021624
VAN DAI;MÊ¯CZYZNA;2;21021626
RAFA;MÊ¯CZYZNA;2;21021628
MALAKA;MÊ¯CZYZNA;2;21021630
ELIOS;MÊ¯CZYZNA;2;21021632
KYUNGWOOK;MÊ¯CZYZNA;2;21021634
AMORY;MÊ¯CZYZNA;2;21021636
HO?NG NAM;MÊ¯CZYZNA;2;21021638
NATANIIEL;MÊ¯CZYZNA;2;21021640
TOHEED;MÊ¯CZYZNA;2;21021642
NURGYLYCH;MÊ¯CZYZNA;2;21021644
ABDUL-HALIM;MÊ¯CZYZNA;2;21021646
LIUTAURAS;MÊ¯CZYZNA;2;21021648
AVISH;MÊ¯CZYZNA;2;21021650
BOTAO;MÊ¯CZYZNA;2;21021652
WEIQIANG;MÊ¯CZYZNA;2;21021654
ANS;MÊ¯CZYZNA;2;21021656
CELIO;MÊ¯CZYZNA;2;21021658
EARNEST;MÊ¯CZYZNA;2;21021660
TUDOR-ALEXANDRU;MÊ¯CZYZNA;2;21021662
SHAOLIN;MÊ¯CZYZNA;2;21021664
ARMANY;MÊ¯CZYZNA;2;21021666
RICHARDI;MÊ¯CZYZNA;2;21021668
RANJAN KUMAR;MÊ¯CZYZNA;2;21021670
MURATJAN;MÊ¯CZYZNA;2;21021672
DMYTRO-DENYS;MÊ¯CZYZNA;2;21021674
DZHAKHANHIR;MÊ¯CZYZNA;2;21021676
MD SHAMSUL;MÊ¯CZYZNA;2;21021678
STILYAN;MÊ¯CZYZNA;2;21021680
BAYGELDI;MÊ¯CZYZNA;2;21021682
KHURELBAATAR;MÊ¯CZYZNA;2;21021684
NICHOLAI;MÊ¯CZYZNA;2;21021686
MAGAMEDALI;MÊ¯CZYZNA;2;21021688
ABISH;MÊ¯CZYZNA;2;21021690
ERKINBAY;MÊ¯CZYZNA;2;21021692
ERTEM;MÊ¯CZYZNA;2;21021694
SAHAJ;MÊ¯CZYZNA;2;21021696
DANH VIET;MÊ¯CZYZNA;2;21021698
YUEHUI;MÊ¯CZYZNA;2;21021700
CHRISTINE;MÊ¯CZYZNA;2;21021702
YAOYANG;MÊ¯CZYZNA;2;21021704
MERCY;MÊ¯CZYZNA;2;21021706
JERRICK;MÊ¯CZYZNA;2;21021708
AYSER;MÊ¯CZYZNA;2;21021710
RAJON;MÊ¯CZYZNA;2;21021712
SIDDIQ;MÊ¯CZYZNA;2;21021714
MAYO;MÊ¯CZYZNA;2;21021716
TOSEEF;MÊ¯CZYZNA;2;21021718
ROHAT;MÊ¯CZYZNA;2;21021720
LICHEN;MÊ¯CZYZNA;2;21021722
SILIM;MÊ¯CZYZNA;2;21021724
HEZRON;MÊ¯CZYZNA;2;21021726
PARDON;MÊ¯CZYZNA;2;21021728
VEMBRI;MÊ¯CZYZNA;2;21021730
MIHOVIL;MÊ¯CZYZNA;2;21021732
BERISLAV;MÊ¯CZYZNA;2;21021734
SOMCHIT;MÊ¯CZYZNA;2;21021736
YEH;MÊ¯CZYZNA;2;21021738
SAED;MÊ¯CZYZNA;2;21021740
HAOQIANG;MÊ¯CZYZNA;2;21021742
YUHONG;MÊ¯CZYZNA;2;21021744
ABREHAM;MÊ¯CZYZNA;2;21021746
SUBODH KUMAR;MÊ¯CZYZNA;2;21021748
BASUKI;MÊ¯CZYZNA;2;21021750
PETTERI;MÊ¯CZYZNA;2;21021752
BEGO;MÊ¯CZYZNA;2;21021754
DROGOS£AW;MÊ¯CZYZNA;2;21021756
ZRINKO;MÊ¯CZYZNA;2;21021758
WILIAN;MÊ¯CZYZNA;2;21021760
HARLAN;MÊ¯CZYZNA;2;21021762
DANG SON;MÊ¯CZYZNA;2;21021764
RENEN;MÊ¯CZYZNA;2;21021766
JONATAS;MÊ¯CZYZNA;2;21021768
ONISIME;MÊ¯CZYZNA;2;21021770
HAIBAO;MÊ¯CZYZNA;2;21021772
ABDUMAVLON;MÊ¯CZYZNA;2;21021774
TSYDYP;MÊ¯CZYZNA;2;21021776
GJOVALIN;MÊ¯CZYZNA;2;21021778
SHREE RAM;MÊ¯CZYZNA;2;21021780
EULALIUSZ;MÊ¯CZYZNA;2;21021782
MARVELOUS;MÊ¯CZYZNA;2;21021784
SY ANH;MÊ¯CZYZNA;2;21021786
HOSHIMJON;MÊ¯CZYZNA;2;21021788
ABELARDO;MÊ¯CZYZNA;2;21021790
OLAFF;MÊ¯CZYZNA;2;21021792
SANDEEPKUMAR;MÊ¯CZYZNA;2;21021794
NG?C T?NH;MÊ¯CZYZNA;2;21021796
JEFFREY L;MÊ¯CZYZNA;2;21021798
RHYAN;MÊ¯CZYZNA;2;21021800
DZHONIBEK;MÊ¯CZYZNA;2;21021802
MARLIEN;MÊ¯CZYZNA;2;21021804
DZHUNEYT;MÊ¯CZYZNA;2;21021806
ELYASHIV;MÊ¯CZYZNA;2;21021808
IAGOR;MÊ¯CZYZNA;2;21021810
RYUTA;MÊ¯CZYZNA;2;21021812
SHUNICHI;MÊ¯CZYZNA;2;21021814
CHANHEE;MÊ¯CZYZNA;2;21021816
HOAI SON;MÊ¯CZYZNA;2;21021818
SAMEE;MÊ¯CZYZNA;2;21021820
ELSEVAN;MÊ¯CZYZNA;2;21021822
RAZIL;MÊ¯CZYZNA;2;21021824
HACZIK;MÊ¯CZYZNA;2;21021826
EWANGIELOS;MÊ¯CZYZNA;2;21021828
SLIMEN;MÊ¯CZYZNA;2;21021830
JEETU;MÊ¯CZYZNA;2;21021832
DUC SON;MÊ¯CZYZNA;2;21021834
WLAD;MÊ¯CZYZNA;2;21021836
XHULJANO;MÊ¯CZYZNA;2;21021838
ZAENUDIN;MÊ¯CZYZNA;2;21021840
ILIIAS;MÊ¯CZYZNA;2;21021842
NAUSHAD;MÊ¯CZYZNA;2;21021844
KAELAN;MÊ¯CZYZNA;2;21021846
MUSKAN;MÊ¯CZYZNA;2;21021848
MUHIBUR;MÊ¯CZYZNA;2;21021850
AKMAN;MÊ¯CZYZNA;2;21021852
YITALII;MÊ¯CZYZNA;2;21021854
LIUDVYG;MÊ¯CZYZNA;2;21021856
THANH HIEN;MÊ¯CZYZNA;2;21021858
DONGKEUN;MÊ¯CZYZNA;2;21021860
MINGQI;MÊ¯CZYZNA;2;21021862
SWAROOP;MÊ¯CZYZNA;2;21021864
AMINULLAH;MÊ¯CZYZNA;2;21021866
RANJITH KUMAR;MÊ¯CZYZNA;2;21021868
MD DELWAR;MÊ¯CZYZNA;2;21021870
Ð?C M?NH;MÊ¯CZYZNA;2;21021872
CHANDRAMOULI;MÊ¯CZYZNA;2;21021874
MD SHOHIDUL;MÊ¯CZYZNA;2;21021876
DZHOZEF;MÊ¯CZYZNA;2;21021878
ISAJ;MÊ¯CZYZNA;2;21021880
RAUL-MARIAN;MÊ¯CZYZNA;2;21021882
WENCHENG;MÊ¯CZYZNA;2;21021884
ECKHART;MÊ¯CZYZNA;2;21021886
TRAUGUT;MÊ¯CZYZNA;2;21021888
GHAZAR;MÊ¯CZYZNA;2;21021890
ZHAFAR;MÊ¯CZYZNA;2;21021892
MUAYAD;MÊ¯CZYZNA;2;21021894
GIHAD;MÊ¯CZYZNA;2;21021896
ALTTI;MÊ¯CZYZNA;2;21021898
KYOUNGSUK;MÊ¯CZYZNA;2;21021900
SHANMUKHA;MÊ¯CZYZNA;2;21021902
MUHAMMED ALI;MÊ¯CZYZNA;2;21021904
LIOVA;MÊ¯CZYZNA;2;21021906
MD SELIM;MÊ¯CZYZNA;2;21021908
ZBROS£AW;MÊ¯CZYZNA;2;21021910
ABRAHAN;MÊ¯CZYZNA;2;21021912
VAN SAM;MÊ¯CZYZNA;2;21021914
VÃN V??NG;MÊ¯CZYZNA;2;21021916
WONDWOSSEN;MÊ¯CZYZNA;2;21021918
ZOU;MÊ¯CZYZNA;2;21021920
BLAGO;MÊ¯CZYZNA;2;21021922
SAYDAN;MÊ¯CZYZNA;2;21021924
BINIAMIN;MÊ¯CZYZNA;2;21021926
MTHANDAZO;MÊ¯CZYZNA;2;21021928
MIFTAHUL;MÊ¯CZYZNA;2;21021930
JAMOLJON;MÊ¯CZYZNA;2;21021932
VÃLEAN;MÊ¯CZYZNA;2;21021934
ZUHEIR;MÊ¯CZYZNA;2;21021936
J?ØÍ;MÊ¯CZYZNA;2;21021938
HO?NG VI?T;MÊ¯CZYZNA;2;21021940
ADA;MÊ¯CZYZNA;2;21021942
SHANGWEI;MÊ¯CZYZNA;2;21021944
MOHAMMAD BASHIR;MÊ¯CZYZNA;2;21021946
RADZIEJ;MÊ¯CZYZNA;2;21021948
XAWER;MÊ¯CZYZNA;2;21021950
AKSEN;MÊ¯CZYZNA;2;21021952
SUHRAP;MÊ¯CZYZNA;2;21021954
ORTIK;MÊ¯CZYZNA;2;21021956
FABJAN;MÊ¯CZYZNA;2;21021958
OSAGIE;MÊ¯CZYZNA;2;21021960
ULFET;MÊ¯CZYZNA;2;21021962
MANARBEK;MÊ¯CZYZNA;2;21021964
ARYF;MÊ¯CZYZNA;2;21021966
ANUUJIN;MÊ¯CZYZNA;2;21021968
JOOD;MÊ¯CZYZNA;2;21021970
KUAN-HUNG;MÊ¯CZYZNA;2;21021972
MASAOMI;MÊ¯CZYZNA;2;21021974
HUM NATH;MÊ¯CZYZNA;2;21021976
SEUNGHYEOK;MÊ¯CZYZNA;2;21021978
RAGIPH;MÊ¯CZYZNA;2;21021980
MIAOWEI;MÊ¯CZYZNA;2;21021982
EDWYN;MÊ¯CZYZNA;2;21021984
NGOC THUAN;MÊ¯CZYZNA;2;21021986
LUTOMIERZ;MÊ¯CZYZNA;2;21021988
KUSAY;MÊ¯CZYZNA;2;21021990
LONIA;MÊ¯CZYZNA;2;21021992
JAGADESH;MÊ¯CZYZNA;2;21021994
YILEI;MÊ¯CZYZNA;2;21021996
BA BINH;MÊ¯CZYZNA;2;21021998
VINNY;MÊ¯CZYZNA;2;21022000
FERDINANT;MÊ¯CZYZNA;2;21022002
JAN-MICHAEL;MÊ¯CZYZNA;2;21022004
MURITALA;MÊ¯CZYZNA;2;21022006
UMITCAN;MÊ¯CZYZNA;2;21022008
PRAGNESHKUMAR;MÊ¯CZYZNA;2;21022010
ROMANUS;MÊ¯CZYZNA;2;21022012
RAFFAELO;MÊ¯CZYZNA;2;21022014
NAFTALY;MÊ¯CZYZNA;2;21022016
ABDELLAZIZ;MÊ¯CZYZNA;2;21022018
FLORIMOND;MÊ¯CZYZNA;2;21022020
CHANGHUA;MÊ¯CZYZNA;2;21022022
CHRISTIANN;MÊ¯CZYZNA;2;21022024
YUCHEON;MÊ¯CZYZNA;2;21022026
CHERVONIA;MÊ¯CZYZNA;2;21022028
ABHINAY;MÊ¯CZYZNA;2;21022030
VÃN H??NG;MÊ¯CZYZNA;2;21022032
IBRAHEM;MÊ¯CZYZNA;2;21022034
MARC ROBERT;MÊ¯CZYZNA;2;21022036
YUNG-YUAN;MÊ¯CZYZNA;2;21022038
NAVANEETHAN;MÊ¯CZYZNA;2;21022040
HOUSTON;MÊ¯CZYZNA;2;21022042
GANDHARV;MÊ¯CZYZNA;2;21022044
REINDER;MÊ¯CZYZNA;2;21022046
TZAH;MÊ¯CZYZNA;2;21022048
SAIFALLAH;MÊ¯CZYZNA;2;21022050
LALLY;MÊ¯CZYZNA;2;21022052
KADIRCAN;MÊ¯CZYZNA;2;21022054
NAZRII;MÊ¯CZYZNA;2;21022056
JOSE DAVID;MÊ¯CZYZNA;2;21022058
TEVOS;MÊ¯CZYZNA;2;21022060
TOLEGEN;MÊ¯CZYZNA;2;21022062
AVNOOR;MÊ¯CZYZNA;2;21022064
YHLASMYRAT;MÊ¯CZYZNA;2;21022066
XIAORU;MÊ¯CZYZNA;2;21022068
ANH CHIEN;MÊ¯CZYZNA;2;21022070
TERZO;MÊ¯CZYZNA;2;21022072
TANYO;MÊ¯CZYZNA;2;21022074
XIAOSHU;MÊ¯CZYZNA;2;21022076
SIERGEJ;MÊ¯CZYZNA;2;21022078
KOLIO;MÊ¯CZYZNA;2;21022080
PUKDEE;MÊ¯CZYZNA;2;21022082
KASSYMKHAN;MÊ¯CZYZNA;2;21022084
XU?N;MÊ¯CZYZNA;2;21022086
SAJESH;MÊ¯CZYZNA;2;21022088
SAYRIDDIN;MÊ¯CZYZNA;2;21022090
BOUDEWIJN;MÊ¯CZYZNA;2;21022092
SIDDIG;MÊ¯CZYZNA;2;21022094
MONTU;MÊ¯CZYZNA;2;21022096
HO?NG D?NG;MÊ¯CZYZNA;2;21022098
ROFE;MÊ¯CZYZNA;2;21022100
WILDAN;MÊ¯CZYZNA;2;21022102
JONADAB;MÊ¯CZYZNA;2;21022104
SUNNATULLO;MÊ¯CZYZNA;2;21022106
CHARLI;MÊ¯CZYZNA;2;21022108
BESTAMI;MÊ¯CZYZNA;2;21022110
ONESMUS;MÊ¯CZYZNA;2;21022112
BRAJESH;MÊ¯CZYZNA;2;21022114
WIL;MÊ¯CZYZNA;2;21022116
MUCHAMAD;MÊ¯CZYZNA;2;21022118
MUKHAMMADSODIK;MÊ¯CZYZNA;2;21022120
NARINDER SINGH;MÊ¯CZYZNA;2;21022122
BALASUBRAMANYAM;MÊ¯CZYZNA;2;21022124
KIAMAL;MÊ¯CZYZNA;2;21022126
ENEJ;MÊ¯CZYZNA;2;21022128
S M;MÊ¯CZYZNA;2;21022130
EGBERTUS;MÊ¯CZYZNA;2;21022132
PUSPA LAL;MÊ¯CZYZNA;2;21022134
ELVIJS;MÊ¯CZYZNA;2;21022136
SUBRAMANYA;MÊ¯CZYZNA;2;21022138
DAWINCZI;MÊ¯CZYZNA;2;21022140
ISI;MÊ¯CZYZNA;2;21022142
TEMILOLUWA;MÊ¯CZYZNA;2;21022144
IULIU-ADRIAN;MÊ¯CZYZNA;2;21022146
YOSHINAO;MÊ¯CZYZNA;2;21022148
ZIAUR;MÊ¯CZYZNA;2;21022150
OLUMUYIWA;MÊ¯CZYZNA;2;21022152
WO£ODIA;MÊ¯CZYZNA;2;21022154
JUNSEOK;MÊ¯CZYZNA;2;21022156
MARCIAN;MÊ¯CZYZNA;2;21022158
SANGHWI;MÊ¯CZYZNA;2;21022160
BADRUL;MÊ¯CZYZNA;2;21022162
BAKHROMKHON;MÊ¯CZYZNA;2;21022164
MD ZAHANGIR;MÊ¯CZYZNA;2;21022166
BOGDAN-GABRIEL;MÊ¯CZYZNA;2;21022168
FIRMANSYAH;MÊ¯CZYZNA;2;21022170
TI?N TH?NH;MÊ¯CZYZNA;2;21022172
XUÂN HO?NG;MÊ¯CZYZNA;2;21022174
ADALIAT;MÊ¯CZYZNA;2;21022176
PRAJJWAL;MÊ¯CZYZNA;2;21022178
CRÃCIUN;MÊ¯CZYZNA;2;21022180
BIJULAL;MÊ¯CZYZNA;2;21022182
GABRIELA;MÊ¯CZYZNA;2;21022184
MOWSZA;MÊ¯CZYZNA;2;21022186
HO?NG PHÚC;MÊ¯CZYZNA;2;21022188
MOYSES;MÊ¯CZYZNA;2;21022190
LUÍS CARLOS;MÊ¯CZYZNA;2;21022192
MYUNGHOON;MÊ¯CZYZNA;2;21022194
HORDEY;MÊ¯CZYZNA;2;21022196
EDUARD-VALENTIN;MÊ¯CZYZNA;2;21022198
PATRIOT;MÊ¯CZYZNA;2;21022200
DISNEY;MÊ¯CZYZNA;2;21022202
HYOUNGMIN;MÊ¯CZYZNA;2;21022204
RODRICK;MÊ¯CZYZNA;2;21022206
NIRWAN;MÊ¯CZYZNA;2;21022208
JOIE;MÊ¯CZYZNA;2;21022210
TSULAIA;MÊ¯CZYZNA;2;21022212
SANDAN;MÊ¯CZYZNA;2;21022214
JUNGRAK;MÊ¯CZYZNA;2;21022216
NAHED;MÊ¯CZYZNA;2;21022218
GÖKSUN;MÊ¯CZYZNA;2;21022220
SORIN-NICOLAE;MÊ¯CZYZNA;2;21022222
SAIDKAMOL;MÊ¯CZYZNA;2;21022224
LITO;MÊ¯CZYZNA;2;21022226
IMAMGULI;MÊ¯CZYZNA;2;21022228
ZANYAR;MÊ¯CZYZNA;2;21022230
YRYSKELDI;MÊ¯CZYZNA;2;21022232
KAKABAY;MÊ¯CZYZNA;2;21022234
LEVTERI;MÊ¯CZYZNA;2;21022236
BEIBUT;MÊ¯CZYZNA;2;21022238
RUªEN;MÊ¯CZYZNA;2;21022240
YUSAKU;MÊ¯CZYZNA;2;21022242
SOHEIB;MÊ¯CZYZNA;2;21022244
LUJUN;MÊ¯CZYZNA;2;21022246
BEYNUR;MÊ¯CZYZNA;2;21022248
NIKETAN;MÊ¯CZYZNA;2;21022250
SHUNYA;MÊ¯CZYZNA;2;21022252
AINDY;MÊ¯CZYZNA;2;21022254
MAREL;MÊ¯CZYZNA;2;21022256
PRZEMYK;MÊ¯CZYZNA;2;21022258
SHANG-JU;MÊ¯CZYZNA;2;21022260
ZIIA;MÊ¯CZYZNA;2;21022262
MD REZAUL;MÊ¯CZYZNA;2;21022264
NAGARAJA;MÊ¯CZYZNA;2;21022266
PATERNO;MÊ¯CZYZNA;2;21022268
THANH XUÂN;MÊ¯CZYZNA;2;21022270
XUÂN KI?N;MÊ¯CZYZNA;2;21022272
GRAFO;MÊ¯CZYZNA;2;21022274
OLIWIA;MÊ¯CZYZNA;2;21022276
SASSAN;MÊ¯CZYZNA;2;21022278
YIURIY;MÊ¯CZYZNA;2;21022280
BARD;MÊ¯CZYZNA;2;21022282
ANSHENG;MÊ¯CZYZNA;2;21022284
ABDURROHMAN;MÊ¯CZYZNA;2;21022286
YUVIN;MÊ¯CZYZNA;2;21022288
ASHOKKUMAR;MÊ¯CZYZNA;2;21022290
MELBIN;MÊ¯CZYZNA;2;21022292
MARK SHERWIN;MÊ¯CZYZNA;2;21022294
DEEPJYOTI;MÊ¯CZYZNA;2;21022296
RUICHEN;MÊ¯CZYZNA;2;21022298
IGHOR;MÊ¯CZYZNA;2;21022300
AN NINH;MÊ¯CZYZNA;2;21022302
JUGOPOL;MÊ¯CZYZNA;2;21022304
FELEX;MÊ¯CZYZNA;2;21022306
ANDRÉ FILIPE;MÊ¯CZYZNA;2;21022308
YANNAY;MÊ¯CZYZNA;2;21022310
CHIKASHI;MÊ¯CZYZNA;2;21022312
BINGYU;MÊ¯CZYZNA;2;21022314
OLKSANDR;MÊ¯CZYZNA;2;21022316
NESTORAS;MÊ¯CZYZNA;2;21022318
SUYOUNG;MÊ¯CZYZNA;2;21022320
VAN LUU;MÊ¯CZYZNA;2;21022322
JEFFY;MÊ¯CZYZNA;2;21022324
SHOKHIN;MÊ¯CZYZNA;2;21022326
EERIK;MÊ¯CZYZNA;2;21022328
NOLBERTO;MÊ¯CZYZNA;2;21022330
ALYMBEK;MÊ¯CZYZNA;2;21022332
DANILS;MÊ¯CZYZNA;2;21022334
ZIKRILLO;MÊ¯CZYZNA;2;21022336
MIRCHO;MÊ¯CZYZNA;2;21022338
HÂU;MÊ¯CZYZNA;2;21022340
NAOUFAL;MÊ¯CZYZNA;2;21022342
BALASUBRAMANIAM;MÊ¯CZYZNA;2;21022344
YINGHUI;MÊ¯CZYZNA;2;21022346
CIRIACO;MÊ¯CZYZNA;2;21022348
JIDHIN;MÊ¯CZYZNA;2;21022350
JISEONG;MÊ¯CZYZNA;2;21022352
SHOKHBOZBEK;MÊ¯CZYZNA;2;21022354
DILYORBEK;MÊ¯CZYZNA;2;21022356
MAHENDER;MÊ¯CZYZNA;2;21022358
HEM RAJ;MÊ¯CZYZNA;2;21022360
WILLIAM ANDRES;MÊ¯CZYZNA;2;21022362
NEL;MÊ¯CZYZNA;2;21022364
ATREYA;MÊ¯CZYZNA;2;21022366
HO?I V?;MÊ¯CZYZNA;2;21022368
MIGUEL ORLANDO;MÊ¯CZYZNA;2;21022370
ABUTALIP;MÊ¯CZYZNA;2;21022372
WASIS;MÊ¯CZYZNA;2;21022374
NGUY?N KHOA;MÊ¯CZYZNA;2;21022376
WIQAR;MÊ¯CZYZNA;2;21022378
NHUT LINH;MÊ¯CZYZNA;2;21022380
FAIVEL;MÊ¯CZYZNA;2;21022382
YOONHO;MÊ¯CZYZNA;2;21022384
CHIN-HAO;MÊ¯CZYZNA;2;21022386
VI?T H?;MÊ¯CZYZNA;2;21022388
FRAJ;MÊ¯CZYZNA;2;21022390
MUNDEK;MÊ¯CZYZNA;2;21022392
MOHAMMAD IMRAN;MÊ¯CZYZNA;2;21022394
ARINÇ;MÊ¯CZYZNA;2;21022396
MACHHINDRA;MÊ¯CZYZNA;2;21022398
JIYUN;MÊ¯CZYZNA;2;21022400
ELYDAR;MÊ¯CZYZNA;2;21022402
LETOS£AW;MÊ¯CZYZNA;2;21022404
MEGHA;MÊ¯CZYZNA;2;21022406
SHENGHUAN;MÊ¯CZYZNA;2;21022408
KAMILLUS;MÊ¯CZYZNA;2;21022410
YI CHEN;MÊ¯CZYZNA;2;21022412
TOMAN;MÊ¯CZYZNA;2;21022414
FREDRICH;MÊ¯CZYZNA;2;21022416
GOZIE;MÊ¯CZYZNA;2;21022418
RINCHEN;MÊ¯CZYZNA;2;21022420
ZHENJUN;MÊ¯CZYZNA;2;21022422
MOKRANE;MÊ¯CZYZNA;2;21022424
PIERCARLO;MÊ¯CZYZNA;2;21022426
JINDRICH;MÊ¯CZYZNA;2;21022428
NGOAN;MÊ¯CZYZNA;2;21022430
RAJESWAR;MÊ¯CZYZNA;2;21022432
BIBASH;MÊ¯CZYZNA;2;21022434
CHWALIS£AW;MÊ¯CZYZNA;2;21022436
XUAN AN;MÊ¯CZYZNA;2;21022438
EDWAR;MÊ¯CZYZNA;2;21022440
HALLEY;MÊ¯CZYZNA;2;21022442
JIAKUN;MÊ¯CZYZNA;2;21022444
FESIH;MÊ¯CZYZNA;2;21022446
NARCJUSZ;MÊ¯CZYZNA;2;21022448
DUC HAU;MÊ¯CZYZNA;2;21022450
ABDUBORIY;MÊ¯CZYZNA;2;21022452
SARA;MÊ¯CZYZNA;2;21022454
SAYYED;MÊ¯CZYZNA;2;21022456
HIGINI;MÊ¯CZYZNA;2;21022458
BIDHAN;MÊ¯CZYZNA;2;21022460
KHUKMIDDIN;MÊ¯CZYZNA;2;21022462
AQUIB;MÊ¯CZYZNA;2;21022464
RUDIYANTO;MÊ¯CZYZNA;2;21022466
SEIF EDDINE;MÊ¯CZYZNA;2;21022468
ILBEY;MÊ¯CZYZNA;2;21022470
IRMINDO;MÊ¯CZYZNA;2;21022472
FRANCI;MÊ¯CZYZNA;2;21022474
DIDOR;MÊ¯CZYZNA;2;21022476
AMERANI;MÊ¯CZYZNA;2;21022478
MEIRZHAN;MÊ¯CZYZNA;2;21022480
MUTHUKRISHNAN;MÊ¯CZYZNA;2;21022482
DONGSEOK;MÊ¯CZYZNA;2;21022484
WONJUN;MÊ¯CZYZNA;2;21022486
JAKKRIT;MÊ¯CZYZNA;2;21022488
IDIBEK;MÊ¯CZYZNA;2;21022490
DATIAN;MÊ¯CZYZNA;2;21022492
MUHAMMED ASHIQ;MÊ¯CZYZNA;2;21022494
ROHIN;MÊ¯CZYZNA;2;21022496
RA'ED;MÊ¯CZYZNA;2;21022498
ABDALBASET;MÊ¯CZYZNA;2;21022500
SUNG WOO;MÊ¯CZYZNA;2;21022502
YASWANTH;MÊ¯CZYZNA;2;21022504
JOAV;MÊ¯CZYZNA;2;21022506
JAMOLDIN;MÊ¯CZYZNA;2;21022508
TALWINDER;MÊ¯CZYZNA;2;21022510
KIDO;MÊ¯CZYZNA;2;21022512
JONG CHEOL;MÊ¯CZYZNA;2;21022514
MOKDAD;MÊ¯CZYZNA;2;21022516
PENGYU;MÊ¯CZYZNA;2;21022518
HEMANTA;MÊ¯CZYZNA;2;21022520
ÁRNI;MÊ¯CZYZNA;2;21022522
MIIKKA;MÊ¯CZYZNA;2;21022524
ZHENHAI;MÊ¯CZYZNA;2;21022526
DORSAN;MÊ¯CZYZNA;2;21022528
DIEDRICH;MÊ¯CZYZNA;2;21022530
DANIEL FRANCISCO;MÊ¯CZYZNA;2;21022532
BATYRJAN;MÊ¯CZYZNA;2;21022534
EMMY;MÊ¯CZYZNA;2;21022536
MUHAMMET MUSTAFA;MÊ¯CZYZNA;2;21022538
ALIAKSANDRA;MÊ¯CZYZNA;2;21022540
V?N TO?N;MÊ¯CZYZNA;2;21022542
YASNIEL;MÊ¯CZYZNA;2;21022544
ARNOLDS;MÊ¯CZYZNA;2;21022546
AHAMED;MÊ¯CZYZNA;2;21022548
ERKHEM;MÊ¯CZYZNA;2;21022550
SUNGBAE;MÊ¯CZYZNA;2;21022552
MILLAT;MÊ¯CZYZNA;2;21022554
SEUNGKYUN;MÊ¯CZYZNA;2;21022556
SHURES;MÊ¯CZYZNA;2;21022558
ERKEBULAN;MÊ¯CZYZNA;2;21022560
LONGWEI;MÊ¯CZYZNA;2;21022562
YESSIN;MÊ¯CZYZNA;2;21022564
DOSTAN;MÊ¯CZYZNA;2;21022566
DANIELLE;MÊ¯CZYZNA;2;21022568
CONG HIEU;MÊ¯CZYZNA;2;21022570
KERAN;MÊ¯CZYZNA;2;21022572
JAN-ERIC;MÊ¯CZYZNA;2;21022574
YUNJIAN;MÊ¯CZYZNA;2;21022576
??C LONG;MÊ¯CZYZNA;2;21022578
KUANH;MÊ¯CZYZNA;2;21022580
AMANTAI;MÊ¯CZYZNA;2;21022582
ABDULRAHIM;MÊ¯CZYZNA;2;21022584
SEOKHO;MÊ¯CZYZNA;2;21022586
AHMET ENES;MÊ¯CZYZNA;2;21022588
MIRISH;MÊ¯CZYZNA;2;21022590
SANG HYUN;MÊ¯CZYZNA;2;21022592
MOHAMMED ARIF;MÊ¯CZYZNA;2;21022594
TATAJI;MÊ¯CZYZNA;2;21022596
HAIMING;MÊ¯CZYZNA;2;21022598
SAHEL;MÊ¯CZYZNA;2;21022600
SUBHA;MÊ¯CZYZNA;2;21022602
HUZEYFE;MÊ¯CZYZNA;2;21022604
ADRIAN-PAUL;MÊ¯CZYZNA;2;21022606
RAD;MÊ¯CZYZNA;2;21022608
JUNHYUN;MÊ¯CZYZNA;2;21022610
HUAN-WEN;MÊ¯CZYZNA;2;21022612
ALI?AN;MÊ¯CZYZNA;2;21022614
ITALMAZ;MÊ¯CZYZNA;2;21022616
GYEONG;MÊ¯CZYZNA;2;21022618
VEZHEN;MÊ¯CZYZNA;2;21022620
DÃNILÃ;MÊ¯CZYZNA;2;21022622
HYUNSU;MÊ¯CZYZNA;2;21022624
KYOUNGSEOK;MÊ¯CZYZNA;2;21022626
MILORD;MÊ¯CZYZNA;2;21022628
MIHAI£O;MÊ¯CZYZNA;2;21022630
JAHI;MÊ¯CZYZNA;2;21022632
BANG GIANG;MÊ¯CZYZNA;2;21022634
KAM CHUNG;MÊ¯CZYZNA;2;21022636
ALENA;MÊ¯CZYZNA;2;21022638
TAKESHIGE;MÊ¯CZYZNA;2;21022640
HUAQIANG;MÊ¯CZYZNA;2;21022642
SOMPONG;MÊ¯CZYZNA;2;21022644
NABIEV;MÊ¯CZYZNA;2;21022646
DIRGA;MÊ¯CZYZNA;2;21022648
EMERY;MÊ¯CZYZNA;2;21022650
FARAKHIM;MÊ¯CZYZNA;2;21022652
SAIDUMAR;MÊ¯CZYZNA;2;21022654
NIDZHAT;MÊ¯CZYZNA;2;21022656
CHALERM;MÊ¯CZYZNA;2;21022658
LEOTRIM;MÊ¯CZYZNA;2;21022660
TEMUGE;MÊ¯CZYZNA;2;21022662
TOMICA;MÊ¯CZYZNA;2;21022664
AYORINDE;MÊ¯CZYZNA;2;21022666
FERAD;MÊ¯CZYZNA;2;21022668
COSMIN-FLORIN;MÊ¯CZYZNA;2;21022670
SHNEOR;MÊ¯CZYZNA;2;21022672
BARTU?;MÊ¯CZYZNA;2;21022674
OMOTAYO;MÊ¯CZYZNA;2;21022676
MINH TUYEN;MÊ¯CZYZNA;2;21022678
MOHAMMAD AZHARUL;MÊ¯CZYZNA;2;21022680
SWASTIK;MÊ¯CZYZNA;2;21022682
VITIS;MÊ¯CZYZNA;2;21022684
CHENHAO;MÊ¯CZYZNA;2;21022686
DHARM;MÊ¯CZYZNA;2;21022688
SHASWAT;MÊ¯CZYZNA;2;21022690
PHARVIZ;MÊ¯CZYZNA;2;21022692
JIT;MÊ¯CZYZNA;2;21022694
ZULFI;MÊ¯CZYZNA;2;21022696
ABDÜLKER?M;MÊ¯CZYZNA;2;21022698
YASHRAJ;MÊ¯CZYZNA;2;21022700
ANGEL JR;MÊ¯CZYZNA;2;21022702
YORDANOS;MÊ¯CZYZNA;2;21022704
MOJRZESZ;MÊ¯CZYZNA;2;21022706
TOLUWASE;MÊ¯CZYZNA;2;21022708
ABDIFATAH;MÊ¯CZYZNA;2;21022710
REINDERT;MÊ¯CZYZNA;2;21022712
GURFATEH;MÊ¯CZYZNA;2;21022714
ERALDI;MÊ¯CZYZNA;2;21022716
VÃN CAO;MÊ¯CZYZNA;2;21022718
BARIªCAN;MÊ¯CZYZNA;2;21022720
EFREN JR.;MÊ¯CZYZNA;2;21022722
JEAN-NICOLAS;MÊ¯CZYZNA;2;21022724
L?O;MÊ¯CZYZNA;2;21022726
GZHEGOZH;MÊ¯CZYZNA;2;21022728
NIKET;MÊ¯CZYZNA;2;21022730
KOFFI;MÊ¯CZYZNA;2;21022732
MYKHAY£O;MÊ¯CZYZNA;2;21022734
SEÇGIN;MÊ¯CZYZNA;2;21022736
TEWEL;MÊ¯CZYZNA;2;21022738
ASADULA;MÊ¯CZYZNA;2;21022740
LONGHUI;MÊ¯CZYZNA;2;21022742
SUKHBOLD;MÊ¯CZYZNA;2;21022744
DAWOUD;MÊ¯CZYZNA;2;21022746
MAULEN;MÊ¯CZYZNA;2;21022748
SHUQUAN;MÊ¯CZYZNA;2;21022750
YAKUBU;MÊ¯CZYZNA;2;21022752
AYAS;MÊ¯CZYZNA;2;21022754
ABDULVOSID;MÊ¯CZYZNA;2;21022756
PABIN;MÊ¯CZYZNA;2;21022758
ELHADJI;MÊ¯CZYZNA;2;21022760
OLADIPUPO;MÊ¯CZYZNA;2;21022762
SAIDAKHMAT;MÊ¯CZYZNA;2;21022764
VÜSAL;MÊ¯CZYZNA;2;21022766
DZHORDZH;MÊ¯CZYZNA;2;21022768
JERRY JR.;MÊ¯CZYZNA;2;21022770
WICHAI;MÊ¯CZYZNA;2;21022772
SHOMA;MÊ¯CZYZNA;2;21022774
SHAID;MÊ¯CZYZNA;2;21022776
NURE;MÊ¯CZYZNA;2;21022778
ABEBE;MÊ¯CZYZNA;2;21022780
BONNIE;MÊ¯CZYZNA;2;21022782
VACLOVAS;MÊ¯CZYZNA;2;21022784
TAUFIQ;MÊ¯CZYZNA;2;21022786
ARBAN;MÊ¯CZYZNA;2;21022788
CHERMENI;MÊ¯CZYZNA;2;21022790
ABDUHALIM;MÊ¯CZYZNA;2;21022792
JOSZKA;MÊ¯CZYZNA;2;21022794
KYOSUKE;MÊ¯CZYZNA;2;21022796
SAJAT;MÊ¯CZYZNA;2;21022798
MINH VIET;MÊ¯CZYZNA;2;21022800
HIGINIO;MÊ¯CZYZNA;2;21022802
HARISHKUMAR;MÊ¯CZYZNA;2;21022804
GUNAKHAR;MÊ¯CZYZNA;2;21022806
BARTHOLOME;MÊ¯CZYZNA;2;21022808
SAIN;MÊ¯CZYZNA;2;21022810
WITTHAYA;MÊ¯CZYZNA;2;21022812
XIANGPING;MÊ¯CZYZNA;2;21022814
ALARIC;MÊ¯CZYZNA;2;21022816
SALVATORANGELO;MÊ¯CZYZNA;2;21022818
NILKANTA;MÊ¯CZYZNA;2;21022820
OCEAN;MÊ¯CZYZNA;2;21022822
YU-CHING;MÊ¯CZYZNA;2;21022824
ASLONJON;MÊ¯CZYZNA;2;21022826
FOYEZ;MÊ¯CZYZNA;2;21022828
YOUNGBIN;MÊ¯CZYZNA;2;21022830
C?HAD;MÊ¯CZYZNA;2;21022832
JESUS DAVID;MÊ¯CZYZNA;2;21022834
SEIT;MÊ¯CZYZNA;2;21022836
ANTIOCO;MÊ¯CZYZNA;2;21022838
AN NAM;MÊ¯CZYZNA;2;21022840
WENDI;MÊ¯CZYZNA;2;21022842
ILIJAS;MÊ¯CZYZNA;2;21022844
ABDULREHMAN;MÊ¯CZYZNA;2;21022846
YABO;MÊ¯CZYZNA;2;21022848
VAMEKHI;MÊ¯CZYZNA;2;21022850
ALEXANDRU-STEFAN;MÊ¯CZYZNA;2;21022852
RAYNELLE;MÊ¯CZYZNA;2;21022854
CHENGBIN;MÊ¯CZYZNA;2;21022856
DZMITRII;MÊ¯CZYZNA;2;21022858
HOFIZ;MÊ¯CZYZNA;2;21022860
RABBANI;MÊ¯CZYZNA;2;21022862
SIDIKI;MÊ¯CZYZNA;2;21022864
GAUTHAM;MÊ¯CZYZNA;2;21022866
KELSON;MÊ¯CZYZNA;2;21022868
NAGA KRISHNA;MÊ¯CZYZNA;2;21022870
WALI;MÊ¯CZYZNA;2;21022872
MOTOAKI;MÊ¯CZYZNA;2;21022874
ZABIULLAH;MÊ¯CZYZNA;2;21022876
LAKSHYA;MÊ¯CZYZNA;2;21022878
BAME;MÊ¯CZYZNA;2;21022880
LIPE;MÊ¯CZYZNA;2;21022882
ZAKK;MÊ¯CZYZNA;2;21022884
HONGXIANG;MÊ¯CZYZNA;2;21022886
AMELIUSZ;MÊ¯CZYZNA;2;21022888
CHANGBAE;MÊ¯CZYZNA;2;21022890
WYNANCJUSZ;MÊ¯CZYZNA;2;21022892
RAFYD;MÊ¯CZYZNA;2;21022894
JIANXIAO;MÊ¯CZYZNA;2;21022896
BONIFACJUSZ;MÊ¯CZYZNA;2;21022898
TAKURO;MÊ¯CZYZNA;2;21022900
KORWIN;MÊ¯CZYZNA;2;21022902
CONG TRUNG;MÊ¯CZYZNA;2;21022904
KEWEI;MÊ¯CZYZNA;2;21022906
JANGELDI;MÊ¯CZYZNA;2;21022908
NEILAS;MÊ¯CZYZNA;2;21022910
AL? CAN;MÊ¯CZYZNA;2;21022912
CIVAN;MÊ¯CZYZNA;2;21022914
YUQING;MÊ¯CZYZNA;2;21022916
REMIGIAN;MÊ¯CZYZNA;2;21022918
FAYZALI;MÊ¯CZYZNA;2;21022920
GODSPOWER;MÊ¯CZYZNA;2;21022922
HUY HUNG;MÊ¯CZYZNA;2;21022924
HASSANY;MÊ¯CZYZNA;2;21022926
A?SSA;MÊ¯CZYZNA;2;21022928
LIONNEL;MÊ¯CZYZNA;2;21022930
HANSEL;MÊ¯CZYZNA;2;21022932
KARANVIR;MÊ¯CZYZNA;2;21022934
GARIKOITZ;MÊ¯CZYZNA;2;21022936
ABDUJAMOL;MÊ¯CZYZNA;2;21022938
LONGBIAO;MÊ¯CZYZNA;2;21022940
ALIMOHAMMAD;MÊ¯CZYZNA;2;21022942
TANAPOL;MÊ¯CZYZNA;2;21022944
VÃN TH?NH;MÊ¯CZYZNA;2;21022946
GIWI;MÊ¯CZYZNA;2;21022948
THEOPHIL;MÊ¯CZYZNA;2;21022950
SANCHEZ;MÊ¯CZYZNA;2;21022952
MAKO;MÊ¯CZYZNA;2;21022954
NASHWAN;MÊ¯CZYZNA;2;21022956
TIAN YU;MÊ¯CZYZNA;2;21022958
MIDAT;MÊ¯CZYZNA;2;21022960
VLASDYSLAV;MÊ¯CZYZNA;2;21022962
VENKATESWARA;MÊ¯CZYZNA;2;21022964
ABDELOUAHED;MÊ¯CZYZNA;2;21022966
MECHESLAV;MÊ¯CZYZNA;2;21022968
CHUANZHI;MÊ¯CZYZNA;2;21022970
EMMANUEL JR.;MÊ¯CZYZNA;2;21022972
RADU-ANDREI;MÊ¯CZYZNA;2;21022974
HLIV;MÊ¯CZYZNA;2;21022976
ERGUN;MÊ¯CZYZNA;2;21022978
YIQUN;MÊ¯CZYZNA;2;21022980
PURAB;MÊ¯CZYZNA;2;21022982
AQEEL UR;MÊ¯CZYZNA;2;21022984
KARSON;MÊ¯CZYZNA;2;21022986
AIRON;MÊ¯CZYZNA;2;21022988
CHAIKA;MÊ¯CZYZNA;2;21022990
AJAYAN;MÊ¯CZYZNA;2;21022992
ANTIA;MÊ¯CZYZNA;2;21022994
YOUNGWON;MÊ¯CZYZNA;2;21022996
AGBAR;MÊ¯CZYZNA;2;21022998
VILLY;MÊ¯CZYZNA;2;21023000
¯IWKO;MÊ¯CZYZNA;2;21023002
ZBIHNIEV;MÊ¯CZYZNA;2;21023004
GVIDAS;MÊ¯CZYZNA;2;21023006
HRYHORHII;MÊ¯CZYZNA;2;21023008
SHADYYAN;MÊ¯CZYZNA;2;21023010
HYOSUNG;MÊ¯CZYZNA;2;21023012
YAHUB;MÊ¯CZYZNA;2;21023014
GIERHARD;MÊ¯CZYZNA;2;21023016
ANTOSZ;MÊ¯CZYZNA;2;21023018
HALEL;MÊ¯CZYZNA;2;21023020
XIUQI;MÊ¯CZYZNA;2;21023022
JENUS;MÊ¯CZYZNA;2;21023024
MARIUS-COSTEL;MÊ¯CZYZNA;2;21023026
ZHENGRONG;MÊ¯CZYZNA;2;21023028
GENEUSZ;MÊ¯CZYZNA;2;21023030
JIANQI;MÊ¯CZYZNA;2;21023032
HUNG-YU;MÊ¯CZYZNA;2;21023034
LINFENG;MÊ¯CZYZNA;2;21023036
EMERYKH;MÊ¯CZYZNA;2;21023038
FABIUSZ;MÊ¯CZYZNA;2;21023040
HONORARIUSZ;MÊ¯CZYZNA;2;21023042
DERREK;MÊ¯CZYZNA;2;21023044
THANH XUAN;MÊ¯CZYZNA;2;21023046
PRZEMYS£;MÊ¯CZYZNA;2;21023048
GION;MÊ¯CZYZNA;2;21023050
PANTAZIS;MÊ¯CZYZNA;2;21023052
THIMO;MÊ¯CZYZNA;2;21023054
AMEY;MÊ¯CZYZNA;2;21023056
OLESKII;MÊ¯CZYZNA;2;21023058
SUNGGI;MÊ¯CZYZNA;2;21023060
ALPHONSO;MÊ¯CZYZNA;2;21023062
YAKHYOKHON;MÊ¯CZYZNA;2;21023064
CHRISTEN;MÊ¯CZYZNA;2;21023066
HALIB;MÊ¯CZYZNA;2;21023068
BEJO;MÊ¯CZYZNA;2;21023070
IHIRWE;MÊ¯CZYZNA;2;21023072
DINKAR;MÊ¯CZYZNA;2;21023074
KAROLOS;MÊ¯CZYZNA;2;21023076
SEMUEL;MÊ¯CZYZNA;2;21023078
DALBIR;MÊ¯CZYZNA;2;21023080
JOVELITO;MÊ¯CZYZNA;2;21023082
KRISTEPORE;MÊ¯CZYZNA;2;21023084
CANDIDO;MÊ¯CZYZNA;2;21023086
THÉOPHANE;MÊ¯CZYZNA;2;21023088
JINGUK;MÊ¯CZYZNA;2;21023090
MATVIVI;MÊ¯CZYZNA;2;21023092
BOGDAN-NICOLAE;MÊ¯CZYZNA;2;21023094
CÃLIN-IOAN;MÊ¯CZYZNA;2;21023096
TADA;MÊ¯CZYZNA;2;21023098
ALIYU;MÊ¯CZYZNA;2;21023100
BAOCHAO;MÊ¯CZYZNA;2;21023102
DAS;MÊ¯CZYZNA;2;21023104
DEMIRDZHAN;MÊ¯CZYZNA;2;21023106
IMRANE;MÊ¯CZYZNA;2;21023108
STANISLAY;MÊ¯CZYZNA;2;21023110
ªIVAN;MÊ¯CZYZNA;2;21023112
MOSCHE;MÊ¯CZYZNA;2;21023114
HERMANNUS;MÊ¯CZYZNA;2;21023116
ALASKER;MÊ¯CZYZNA;2;21023118
SHOGO;MÊ¯CZYZNA;2;21023120
MIKLOVSH;MÊ¯CZYZNA;2;21023122
ABDELWAHEB;MÊ¯CZYZNA;2;21023124
SUPENDI;MÊ¯CZYZNA;2;21023126
ANDREI-VASILE;MÊ¯CZYZNA;2;21023128
RAGHID;MÊ¯CZYZNA;2;21023130
PUTRA;MÊ¯CZYZNA;2;21023132
TURDALI;MÊ¯CZYZNA;2;21023134
IDER;MÊ¯CZYZNA;2;21023136
PESACH;MÊ¯CZYZNA;2;21023138
NFAMARA;MÊ¯CZYZNA;2;21023140
JARNAIL;MÊ¯CZYZNA;2;21023142
AJVARS;MÊ¯CZYZNA;2;21023144
ADAKHAMJON;MÊ¯CZYZNA;2;21023146
HAIYING;MÊ¯CZYZNA;2;21023148
YANXI;MÊ¯CZYZNA;2;21023150
JÚLÍUS;MÊ¯CZYZNA;2;21023152
JUR?IS;MÊ¯CZYZNA;2;21023154
YU-SHEN;MÊ¯CZYZNA;2;21023156
YONG KI;MÊ¯CZYZNA;2;21023158
PRAJWOL;MÊ¯CZYZNA;2;21023160
MAHI;MÊ¯CZYZNA;2;21023162
XIUJUN;MÊ¯CZYZNA;2;21023164
HANUSZ;MÊ¯CZYZNA;2;21023166
CAMPBELL;MÊ¯CZYZNA;2;21023168
MOULDI;MÊ¯CZYZNA;2;21023170
KHAIRIDDIN;MÊ¯CZYZNA;2;21023172
TAGU;MÊ¯CZYZNA;2;21023174
FETH?;MÊ¯CZYZNA;2;21023176
GUOYONG;MÊ¯CZYZNA;2;21023178
MUSINJON;MÊ¯CZYZNA;2;21023180
PERETZ;MÊ¯CZYZNA;2;21023182
AGAZIO;MÊ¯CZYZNA;2;21023184
NEWIN;MÊ¯CZYZNA;2;21023186
QUOC VU;MÊ¯CZYZNA;2;21023188
SAUMABHO;MÊ¯CZYZNA;2;21023190
CHONGJUN;MÊ¯CZYZNA;2;21023192
WAJOS;MÊ¯CZYZNA;2;21023194
MORUF;MÊ¯CZYZNA;2;21023196
ARISTIDES;MÊ¯CZYZNA;2;21023198
SUGAR;MÊ¯CZYZNA;2;21023200
CAZIMIR;MÊ¯CZYZNA;2;21023202
DUY KHANG;MÊ¯CZYZNA;2;21023204
PER-OLOF;MÊ¯CZYZNA;2;21023206
KUVANDIK;MÊ¯CZYZNA;2;21023208
SHAHJAHAN;MÊ¯CZYZNA;2;21023210
ILHAMBEK;MÊ¯CZYZNA;2;21023212
GOVANI;MÊ¯CZYZNA;2;21023214
NOUREDIN;MÊ¯CZYZNA;2;21023216
VAN CU;MÊ¯CZYZNA;2;21023218
ANAK;MÊ¯CZYZNA;2;21023220
PAVE£;MÊ¯CZYZNA;2;21023222
LEONTY;MÊ¯CZYZNA;2;21023224
VIRAB;MÊ¯CZYZNA;2;21023226
YUEJUN;MÊ¯CZYZNA;2;21023228
SUKHDEEP SINGH;MÊ¯CZYZNA;2;21023230
LUTOGNIEW;MÊ¯CZYZNA;2;21023232
ARAV;MÊ¯CZYZNA;2;21023234
AIGUO;MÊ¯CZYZNA;2;21023236
FUJI;MÊ¯CZYZNA;2;21023238
RINALD;MÊ¯CZYZNA;2;21023240
IYKE;MÊ¯CZYZNA;2;21023242
ANTONEL;MÊ¯CZYZNA;2;21023244
LAERCIO;MÊ¯CZYZNA;2;21023246
YUZEL;MÊ¯CZYZNA;2;21023248
BHASKARA;MÊ¯CZYZNA;2;21023250
MEDALION;MÊ¯CZYZNA;2;21023252
SIHUN;MÊ¯CZYZNA;2;21023254
ANEESHKUMAR;MÊ¯CZYZNA;2;21023256
YOUYUAN;MÊ¯CZYZNA;2;21023258
FLORIN-SASHA;MÊ¯CZYZNA;2;21023260
MAHMADKHON;MÊ¯CZYZNA;2;21023262
XUAN DUONG;MÊ¯CZYZNA;2;21023264
GULI;MÊ¯CZYZNA;2;21023266
LINGJUN;MÊ¯CZYZNA;2;21023268
SWARNA;MÊ¯CZYZNA;2;21023270
QU?C H?NG;MÊ¯CZYZNA;2;21023272
ZHICAI;MÊ¯CZYZNA;2;21023274
ALE;MÊ¯CZYZNA;2;21023276
MONGKHON;MÊ¯CZYZNA;2;21023278
KULJEET SINGH;MÊ¯CZYZNA;2;21023280
PALLAV;MÊ¯CZYZNA;2;21023282
GERIK;MÊ¯CZYZNA;2;21023284
KA£OJAN;MÊ¯CZYZNA;2;21023286
LALAN;MÊ¯CZYZNA;2;21023288
DZHOVID;MÊ¯CZYZNA;2;21023290
MAXSON;MÊ¯CZYZNA;2;21023292
TYMYR;MÊ¯CZYZNA;2;21023294
BAFTJAR;MÊ¯CZYZNA;2;21023296
MELAD;MÊ¯CZYZNA;2;21023298
QU?C TO?N;MÊ¯CZYZNA;2;21023300
RASMI;MÊ¯CZYZNA;2;21023302
NH?T TÂN;MÊ¯CZYZNA;2;21023304
EUNSEOK;MÊ¯CZYZNA;2;21023306
VOLODYMYR-ANDRII;MÊ¯CZYZNA;2;21023308
MAGOMED-EMIN;MÊ¯CZYZNA;2;21023310
EWGENII;MÊ¯CZYZNA;2;21023312
BILLY JOEL;MÊ¯CZYZNA;2;21023314
AKSHYN;MÊ¯CZYZNA;2;21023316
ÇAN;MÊ¯CZYZNA;2;21023318
SALEESH;MÊ¯CZYZNA;2;21023320
VEREMIY;MÊ¯CZYZNA;2;21023322
SERII;MÊ¯CZYZNA;2;21023324
NUKRIA;MÊ¯CZYZNA;2;21023326
DAEGYU;MÊ¯CZYZNA;2;21023328
JINUK;MÊ¯CZYZNA;2;21023330
BYUNG CHUL;MÊ¯CZYZNA;2;21023332
VAN HAN;MÊ¯CZYZNA;2;21023334
DARON;MÊ¯CZYZNA;2;21023336
JONGKYUNG;MÊ¯CZYZNA;2;21023338
YAN-PAVEL;MÊ¯CZYZNA;2;21023340
YONG HWAN;MÊ¯CZYZNA;2;21023342
APOLONIO JR;MÊ¯CZYZNA;2;21023344
MD ANOWAR;MÊ¯CZYZNA;2;21023346
THI?N ÂN;MÊ¯CZYZNA;2;21023348
GUOCHANG;MÊ¯CZYZNA;2;21023350
GNUNI;MÊ¯CZYZNA;2;21023352
AGIB;MÊ¯CZYZNA;2;21023354
TAMINO;MÊ¯CZYZNA;2;21023356
FEDELE;MÊ¯CZYZNA;2;21023358
OLLOYOR;MÊ¯CZYZNA;2;21023360
MARKIIAN-DMYTRO;MÊ¯CZYZNA;2;21023362
DONYORBEK;MÊ¯CZYZNA;2;21023364
KASEY;MÊ¯CZYZNA;2;21023366
SUNG HWAN;MÊ¯CZYZNA;2;21023368
CORVIN;MÊ¯CZYZNA;2;21023370
LINTAO;MÊ¯CZYZNA;2;21023372
DELIO;MÊ¯CZYZNA;2;21023374
ARKON;MÊ¯CZYZNA;2;21023376
VOLODYMYR-VLADYSLAV;MÊ¯CZYZNA;2;21023378
SATYABRATA;MÊ¯CZYZNA;2;21023380
M?RTI?;MÊ¯CZYZNA;2;21023382
SHILO;MÊ¯CZYZNA;2;21023384
GYANESH;MÊ¯CZYZNA;2;21023386
PAYLAK;MÊ¯CZYZNA;2;21023388
BADRUDIN;MÊ¯CZYZNA;2;21023390
XUECHENG;MÊ¯CZYZNA;2;21023392
KAJETANO;MÊ¯CZYZNA;2;21023394
VLADLENS;MÊ¯CZYZNA;2;21023396
SARIEL;MÊ¯CZYZNA;2;21023398
BUTA;MÊ¯CZYZNA;2;21023400
SHAQIR;MÊ¯CZYZNA;2;21023402
ZECHENG;MÊ¯CZYZNA;2;21023404
PAVITHRAN;MÊ¯CZYZNA;2;21023406
RAKHMANKUL;MÊ¯CZYZNA;2;21023408
SHIHABUDHEEN;MÊ¯CZYZNA;2;21023410
BITCHUNA;MÊ¯CZYZNA;2;21023412
LÉO-PAUL;MÊ¯CZYZNA;2;21023414
MANSURDZHON;MÊ¯CZYZNA;2;21023416
RUZHIN;MÊ¯CZYZNA;2;21023418
SEBTI;MÊ¯CZYZNA;2;21023420
ABDELBAKI;MÊ¯CZYZNA;2;21023422
NAIMDZHON;MÊ¯CZYZNA;2;21023424
SENIH;MÊ¯CZYZNA;2;21023426
HANEESH;MÊ¯CZYZNA;2;21023428
SPARTAKUS;MÊ¯CZYZNA;2;21023430
ANH QUANG;MÊ¯CZYZNA;2;21023432
MORIBA;MÊ¯CZYZNA;2;21023434
TAISUKE;MÊ¯CZYZNA;2;21023436
YILONG;MÊ¯CZYZNA;2;21023438
JERZYK;MÊ¯CZYZNA;2;21023440
SHARAP;MÊ¯CZYZNA;2;21023442
DAQI;MÊ¯CZYZNA;2;21023444
BOUREIMA;MÊ¯CZYZNA;2;21023446
SHINOJ;MÊ¯CZYZNA;2;21023448
DHARMARAJA;MÊ¯CZYZNA;2;21023450
DEONYZII;MÊ¯CZYZNA;2;21023452
AKREM;MÊ¯CZYZNA;2;21023454
CAELAN;MÊ¯CZYZNA;2;21023456
VAFA;MÊ¯CZYZNA;2;21023458
DAVOUD;MÊ¯CZYZNA;2;21023460
IDRES;MÊ¯CZYZNA;2;21023462
WAWRZON;MÊ¯CZYZNA;2;21023464
SHEFKET;MÊ¯CZYZNA;2;21023466
VADIVEL;MÊ¯CZYZNA;2;21023468
TAOFEEQ;MÊ¯CZYZNA;2;21023470
BAKIKHAN;MÊ¯CZYZNA;2;21023472
OMADJON;MÊ¯CZYZNA;2;21023474
SIGURÐUR;MÊ¯CZYZNA;2;21023476
NIMON;MÊ¯CZYZNA;2;21023478
TAURAI;MÊ¯CZYZNA;2;21023480
GODSTIME;MÊ¯CZYZNA;2;21023482
DEJIN;MÊ¯CZYZNA;2;21023484
GAZ?;MÊ¯CZYZNA;2;21023486
CHAMKAUR;MÊ¯CZYZNA;2;21023488
NGQABUTHO;MÊ¯CZYZNA;2;21023490
TIBERIY;MÊ¯CZYZNA;2;21023492
NADIYA;MÊ¯CZYZNA;2;21023494
MATTEW;MÊ¯CZYZNA;2;21023496
TILMAN;MÊ¯CZYZNA;2;21023498
MEHMET ÖMER;MÊ¯CZYZNA;2;21023500
ANDRII-VASYL;MÊ¯CZYZNA;2;21023502
SURINDER KUMAR;MÊ¯CZYZNA;2;21023504
DUY PHÚ;MÊ¯CZYZNA;2;21023506
MUHAMMED FAT?H;MÊ¯CZYZNA;2;21023508
BLAINE;MÊ¯CZYZNA;2;21023510
MOUHAB;MÊ¯CZYZNA;2;21023512
YUTONG;MÊ¯CZYZNA;2;21023514
NOSA;MÊ¯CZYZNA;2;21023516
DUSHAN;MÊ¯CZYZNA;2;21023518
QUANG VAN;MÊ¯CZYZNA;2;21023520
PETERIS;MÊ¯CZYZNA;2;21023522
KANGWEI;MÊ¯CZYZNA;2;21023524
MOATASEM;MÊ¯CZYZNA;2;21023526
SAIDALOKHUJA;MÊ¯CZYZNA;2;21023528
AVAK;MÊ¯CZYZNA;2;21023530
BORO;MÊ¯CZYZNA;2;21023532
ELTAYEB;MÊ¯CZYZNA;2;21023534
SEYEDKEYVAN;MÊ¯CZYZNA;2;21023536
WOOHO;MÊ¯CZYZNA;2;21023538
JUJHAR SINGH;MÊ¯CZYZNA;2;21023540
OTTILO;MÊ¯CZYZNA;2;21023542
ARCHISMAN;MÊ¯CZYZNA;2;21023544
SYRUS;MÊ¯CZYZNA;2;21023546
JASVIR SINGH;MÊ¯CZYZNA;2;21023548
UBAID;MÊ¯CZYZNA;2;21023550
SUSHANK;MÊ¯CZYZNA;2;21023552
JARGALAN;MÊ¯CZYZNA;2;21023554
HAIAN;MÊ¯CZYZNA;2;21023556
XUÂN C??NG;MÊ¯CZYZNA;2;21023558
NUBAR;MÊ¯CZYZNA;2;21023560
MI£OWAN;MÊ¯CZYZNA;2;21023562
EZHILARASAN;MÊ¯CZYZNA;2;21023564
OSIP;MÊ¯CZYZNA;2;21023566
ROHMAT;MÊ¯CZYZNA;2;21023568
NURKELDI;MÊ¯CZYZNA;2;21023570
ARVILS;MÊ¯CZYZNA;2;21023572
HUU TINH;MÊ¯CZYZNA;2;21023574
SUHARI;MÊ¯CZYZNA;2;21023576
KYNATBEK;MÊ¯CZYZNA;2;21023578
RYOUNGHO;MÊ¯CZYZNA;2;21023580
LAWEND;MÊ¯CZYZNA;2;21023582
XUAN HOAN;MÊ¯CZYZNA;2;21023584
HELTON;MÊ¯CZYZNA;2;21023586
ALECHKO;MÊ¯CZYZNA;2;21023588
VAKARIS;MÊ¯CZYZNA;2;21023590
FREDO;MÊ¯CZYZNA;2;21023592
NIMRÓD;MÊ¯CZYZNA;2;21023594
HAADI;MÊ¯CZYZNA;2;21023596
MÛMIN;MÊ¯CZYZNA;2;21023598
ICHOR;MÊ¯CZYZNA;2;21023600
HUSSIN;MÊ¯CZYZNA;2;21023602
OSBORN;MÊ¯CZYZNA;2;21023604
ANDRYAN;MÊ¯CZYZNA;2;21023606
LOUTFI;MÊ¯CZYZNA;2;21023608
HARUNA;MÊ¯CZYZNA;2;21023610
KAMOLKHON;MÊ¯CZYZNA;2;21023612
TAEHA;MÊ¯CZYZNA;2;21023614
BERNTH-OLE;MÊ¯CZYZNA;2;21023616
ZIGBERT;MÊ¯CZYZNA;2;21023618
ASCHAB;MÊ¯CZYZNA;2;21023620
BUNYODJON;MÊ¯CZYZNA;2;21023622
ROMAN-STEPAN;MÊ¯CZYZNA;2;21023624
DINH HUAN;MÊ¯CZYZNA;2;21023626
FINNEGAN;MÊ¯CZYZNA;2;21023628
JINGCHUN;MÊ¯CZYZNA;2;21023630
GIAMPIETRO;MÊ¯CZYZNA;2;21023632
PHAT;MÊ¯CZYZNA;2;21023634
ARETM;MÊ¯CZYZNA;2;21023636
ARISTON JR.;MÊ¯CZYZNA;2;21023638
CÔNG TU?N;MÊ¯CZYZNA;2;21023640
TIMEO;MÊ¯CZYZNA;2;21023642
DAGFINN;MÊ¯CZYZNA;2;21023644
KANSU;MÊ¯CZYZNA;2;21023646
VRATKO;MÊ¯CZYZNA;2;21023648
MAYURA;MÊ¯CZYZNA;2;21023650
MARZUQ;MÊ¯CZYZNA;2;21023652
PUJI;MÊ¯CZYZNA;2;21023654
HOTAMJON;MÊ¯CZYZNA;2;21023656
ONAT;MÊ¯CZYZNA;2;21023658
VAUGHAN;MÊ¯CZYZNA;2;21023660
JAROS£AV;MÊ¯CZYZNA;2;21023662
ALIN-GABRIEL;MÊ¯CZYZNA;2;21023664
KYOJI;MÊ¯CZYZNA;2;21023666
MANUI£;MÊ¯CZYZNA;2;21023668
CATELLO;MÊ¯CZYZNA;2;21023670
DENYSIUK;MÊ¯CZYZNA;2;21023672
DIONYSIY;MÊ¯CZYZNA;2;21023674
BANSI;MÊ¯CZYZNA;2;21023676
VAKULA;MÊ¯CZYZNA;2;21023678
ANATYOLIJ;MÊ¯CZYZNA;2;21023680
VINODH;MÊ¯CZYZNA;2;21023682
ONI;MÊ¯CZYZNA;2;21023684
??NH GIANG;MÊ¯CZYZNA;2;21023686
HARIYANTO;MÊ¯CZYZNA;2;21023688
MAC?T;MÊ¯CZYZNA;2;21023690
BONGCHEON;MÊ¯CZYZNA;2;21023692
KENI;MÊ¯CZYZNA;2;21023694
BRENTON;MÊ¯CZYZNA;2;21023696
DIDIMI;MÊ¯CZYZNA;2;21023698
JOSIFAS;MÊ¯CZYZNA;2;21023700
VIDAL;MÊ¯CZYZNA;2;21023702
JONGKWAN;MÊ¯CZYZNA;2;21023704
PINI;MÊ¯CZYZNA;2;21023706
THUPTEN;MÊ¯CZYZNA;2;21023708
ONDER;MÊ¯CZYZNA;2;21023710
SYAMALA RAO;MÊ¯CZYZNA;2;21023712
STANTON;MÊ¯CZYZNA;2;21023714
SAVCHENKO;MÊ¯CZYZNA;2;21023716
SHENGYANG;MÊ¯CZYZNA;2;21023718
EIHAB;MÊ¯CZYZNA;2;21023720
PARSHU;MÊ¯CZYZNA;2;21023722
VENTZESLAV;MÊ¯CZYZNA;2;21023724
MAYSAM;MÊ¯CZYZNA;2;21023726
DILBAG SINGH;MÊ¯CZYZNA;2;21023728
GEORGE-MARIUS;MÊ¯CZYZNA;2;21023730
GOPALA;MÊ¯CZYZNA;2;21023732
VLADUSLAV;MÊ¯CZYZNA;2;21023734
YASYL;MÊ¯CZYZNA;2;21023736
RAGHAVA;MÊ¯CZYZNA;2;21023738
ANNAMUHAMMET;MÊ¯CZYZNA;2;21023740
SUDARSAN;MÊ¯CZYZNA;2;21023742
WIGGO;MÊ¯CZYZNA;2;21023744
DONALDAS;MÊ¯CZYZNA;2;21023746
JUGRAJ;MÊ¯CZYZNA;2;21023748
QUOC KIEN;MÊ¯CZYZNA;2;21023750
DUY TRUNG;MÊ¯CZYZNA;2;21023752
YAD;MÊ¯CZYZNA;2;21023754
ASHMEET;MÊ¯CZYZNA;2;21023756
ANUSHERVONI;MÊ¯CZYZNA;2;21023758
VAHOB;MÊ¯CZYZNA;2;21023760
SATRIA;MÊ¯CZYZNA;2;21023762
SATYENDRA;MÊ¯CZYZNA;2;21023764
TSEGAYE;MÊ¯CZYZNA;2;21023766
BOOPATHI;MÊ¯CZYZNA;2;21023768
RAMESHBHAI;MÊ¯CZYZNA;2;21023770
YIXUN;MÊ¯CZYZNA;2;21023772
LAMA;MÊ¯CZYZNA;2;21023774
LOWIE;MÊ¯CZYZNA;2;21023776
XIUYONG;MÊ¯CZYZNA;2;21023778
XIAODAN;MÊ¯CZYZNA;2;21023780
LORIAN;MÊ¯CZYZNA;2;21023782
YOOSEUNG;MÊ¯CZYZNA;2;21023784
FUJIO;MÊ¯CZYZNA;2;21023786
YEVEN;MÊ¯CZYZNA;2;21023788
HENRRY;MÊ¯CZYZNA;2;21023790
XUÂN TÚ;MÊ¯CZYZNA;2;21023792
APHIL;MÊ¯CZYZNA;2;21023794
HZHEHOZH;MÊ¯CZYZNA;2;21023796
ASGEIR;MÊ¯CZYZNA;2;21023798
HAOZE;MÊ¯CZYZNA;2;21023800
BERAAT;MÊ¯CZYZNA;2;21023802
ADVAY;MÊ¯CZYZNA;2;21023804
KWADWO;MÊ¯CZYZNA;2;21023806
TONGXIANG;MÊ¯CZYZNA;2;21023808
HEYE;MÊ¯CZYZNA;2;21023810
ALI ASGHAR;MÊ¯CZYZNA;2;21023812
MELKON;MÊ¯CZYZNA;2;21023814
VIACHELSAV;MÊ¯CZYZNA;2;21023816
NINGHUA;MÊ¯CZYZNA;2;21023818
OLADEJI;MÊ¯CZYZNA;2;21023820
JORRE;MÊ¯CZYZNA;2;21023822
SOOHO;MÊ¯CZYZNA;2;21023824
JONGIN;MÊ¯CZYZNA;2;21023826
DARIE;MÊ¯CZYZNA;2;21023828
NOVIN;MÊ¯CZYZNA;2;21023830
MANNA;MÊ¯CZYZNA;2;21023832
VIPAN;MÊ¯CZYZNA;2;21023834
GULIEV;MÊ¯CZYZNA;2;21023836
OMURZAK;MÊ¯CZYZNA;2;21023838
YUSMAN;MÊ¯CZYZNA;2;21023840
MARYF;MÊ¯CZYZNA;2;21023842
TOBENNA;MÊ¯CZYZNA;2;21023844
ZABIHULLAH;MÊ¯CZYZNA;2;21023846
KUNASHE;MÊ¯CZYZNA;2;21023848
ANIELA;MÊ¯CZYZNA;2;21023850
XUAN QUY;MÊ¯CZYZNA;2;21023852
MARTINI;MÊ¯CZYZNA;2;21023854
SHYHMYRAT;MÊ¯CZYZNA;2;21023856
ZHANGYONG;MÊ¯CZYZNA;2;21023858
ASHIL;MÊ¯CZYZNA;2;21023860
XUEQUAN;MÊ¯CZYZNA;2;21023862
NESTOR JR.;MÊ¯CZYZNA;2;21023864
HRYSHYN;MÊ¯CZYZNA;2;21023866
BÁTOR;MÊ¯CZYZNA;2;21023868
LULËZIM;MÊ¯CZYZNA;2;21023870
VAN DIEU;MÊ¯CZYZNA;2;21023872
KAZUYOSHI;MÊ¯CZYZNA;2;21023874
CO;MÊ¯CZYZNA;2;21023876
QUANG ?ÔNG;MÊ¯CZYZNA;2;21023878
GUANPING;MÊ¯CZYZNA;2;21023880
JOED;MÊ¯CZYZNA;2;21023882
XUÂN TR??NG;MÊ¯CZYZNA;2;21023884
KRASTYO;MÊ¯CZYZNA;2;21023886
BASR?;MÊ¯CZYZNA;2;21023888
SUNIT;MÊ¯CZYZNA;2;21023890
QOMARUDDIN;MÊ¯CZYZNA;2;21023892
JONGBOK;MÊ¯CZYZNA;2;21023894
VÍTOR HUGO;MÊ¯CZYZNA;2;21023896
TSUNG-YU;MÊ¯CZYZNA;2;21023898
SINBAD;MÊ¯CZYZNA;2;21023900
MITIA;MÊ¯CZYZNA;2;21023902
URIYAH;MÊ¯CZYZNA;2;21023904
ALHAJI;MÊ¯CZYZNA;2;21023906
MUHAMMADQOSIM;MÊ¯CZYZNA;2;21023908
SM;MÊ¯CZYZNA;2;21023910
HRISTOV;MÊ¯CZYZNA;2;21023912
MILORDO;MÊ¯CZYZNA;2;21023914
JUHYEOK;MÊ¯CZYZNA;2;21023916
DIDIN;MÊ¯CZYZNA;2;21023918
LINOY;MÊ¯CZYZNA;2;21023920
SHOLA;MÊ¯CZYZNA;2;21023922
JEAN-MARCEL;MÊ¯CZYZNA;2;21023924
DANN;MÊ¯CZYZNA;2;21023926
MANH TRUONG;MÊ¯CZYZNA;2;21023928
SEUNGJU;MÊ¯CZYZNA;2;21023930
CHARLES-ALEXANDRE;MÊ¯CZYZNA;2;21023932
HÜRKAN;MÊ¯CZYZNA;2;21023934
SZERGIJ;MÊ¯CZYZNA;2;21023936
VILGELM;MÊ¯CZYZNA;2;21023938
RAYMARK;MÊ¯CZYZNA;2;21023940
KESHENG;MÊ¯CZYZNA;2;21023942
AHMET BERKAY;MÊ¯CZYZNA;2;21023944
EDRI;MÊ¯CZYZNA;2;21023946
NURATDIN;MÊ¯CZYZNA;2;21023948
BERK?N;MÊ¯CZYZNA;2;21023950
EVRIPIDIS;MÊ¯CZYZNA;2;21023952
DURDYMURAT;MÊ¯CZYZNA;2;21023954
BADISSE;MÊ¯CZYZNA;2;21023956
MARIO LUIS;MÊ¯CZYZNA;2;21023958
ALPTEKIN;MÊ¯CZYZNA;2;21023960
MINGBO;MÊ¯CZYZNA;2;21023962
VU THANG;MÊ¯CZYZNA;2;21023964
STIG-ERIK;MÊ¯CZYZNA;2;21023966
RAJEH;MÊ¯CZYZNA;2;21023968
GEORGONIUSZ;MÊ¯CZYZNA;2;21023970
SVETLOMIR;MÊ¯CZYZNA;2;21023972
KWANGHA;MÊ¯CZYZNA;2;21023974
XIUMIN;MÊ¯CZYZNA;2;21023976
HOANG THAN;MÊ¯CZYZNA;2;21023978
MILIÆ;MÊ¯CZYZNA;2;21023980
GIANMARIO;MÊ¯CZYZNA;2;21023982
QINGSHAN;MÊ¯CZYZNA;2;21023984
OGUZCAN;MÊ¯CZYZNA;2;21023986
DITTER;MÊ¯CZYZNA;2;21023988
MAKKI;MÊ¯CZYZNA;2;21023990
JOSÉ ROBERTO;MÊ¯CZYZNA;2;21023992
BAHTIR;MÊ¯CZYZNA;2;21023994
ULUÇ;MÊ¯CZYZNA;2;21023996
BOSITKHON;MÊ¯CZYZNA;2;21023998
AARNE;MÊ¯CZYZNA;2;21024000
ADRIAN-BOGDAN;MÊ¯CZYZNA;2;21024002
KA?S;MÊ¯CZYZNA;2;21024004
HUNG TUAN;MÊ¯CZYZNA;2;21024006
ALAUDI;MÊ¯CZYZNA;2;21024008
DUO;MÊ¯CZYZNA;2;21024010
DASTYN;MÊ¯CZYZNA;2;21024012
ISVAN;MÊ¯CZYZNA;2;21024014
CHET NARAYAN;MÊ¯CZYZNA;2;21024016
SERWIUSZ;MÊ¯CZYZNA;2;21024018
TENZING;MÊ¯CZYZNA;2;21024020
THE TUNG;MÊ¯CZYZNA;2;21024022
VANCE;MÊ¯CZYZNA;2;21024024
MIZANUR RAHMAN;MÊ¯CZYZNA;2;21024026
NANNE;MÊ¯CZYZNA;2;21024028
KAMARUDHEEN;MÊ¯CZYZNA;2;21024030
YEW;MÊ¯CZYZNA;2;21024032
??C NGH?A;MÊ¯CZYZNA;2;21024034
LUKHUM;MÊ¯CZYZNA;2;21024036
CHÍ LINH;MÊ¯CZYZNA;2;21024038
JOSE ALFREDO;MÊ¯CZYZNA;2;21024040
USEN;MÊ¯CZYZNA;2;21024042
GU;MÊ¯CZYZNA;2;21024044
VANIJ;MÊ¯CZYZNA;2;21024046
VIPAN KUMAR;MÊ¯CZYZNA;2;21024048
GURJAN;MÊ¯CZYZNA;2;21024050
LEKHA;MÊ¯CZYZNA;2;21024052
MORDECHY;MÊ¯CZYZNA;2;21024054
MEIRON;MÊ¯CZYZNA;2;21024056
BUDZIMIERZ;MÊ¯CZYZNA;2;21024058
PING-HUNG;MÊ¯CZYZNA;2;21024060
YTHAN;MÊ¯CZYZNA;2;21024062
SURJEET;MÊ¯CZYZNA;2;21024064
GUOHUI;MÊ¯CZYZNA;2;21024066
PJERIN;MÊ¯CZYZNA;2;21024068
NAFEZ;MÊ¯CZYZNA;2;21024070
HAMIDUL;MÊ¯CZYZNA;2;21024072
THANH HUU;MÊ¯CZYZNA;2;21024074
VIOLIN;MÊ¯CZYZNA;2;21024076
ANUFRY;MÊ¯CZYZNA;2;21024078
SADUN;MÊ¯CZYZNA;2;21024080
JAYENDRA;MÊ¯CZYZNA;2;21024082
GRYSZA;MÊ¯CZYZNA;2;21024084
TASHKO;MÊ¯CZYZNA;2;21024086
MYUNGCHUL;MÊ¯CZYZNA;2;21024088
EJIKE;MÊ¯CZYZNA;2;21024090
KENEDY;MÊ¯CZYZNA;2;21024092
HARISH KUMAR;MÊ¯CZYZNA;2;21024094
JEA;MÊ¯CZYZNA;2;21024096
VIJIN;MÊ¯CZYZNA;2;21024098
TROHIM;MÊ¯CZYZNA;2;21024100
JIANGWEI;MÊ¯CZYZNA;2;21024102
SHOHIN;MÊ¯CZYZNA;2;21024104
SIYABONGA;MÊ¯CZYZNA;2;21024106
SIYAVUSH;MÊ¯CZYZNA;2;21024108
KLIMIENTII;MÊ¯CZYZNA;2;21024110
IKJOT;MÊ¯CZYZNA;2;21024112
PARSHURAM;MÊ¯CZYZNA;2;21024114
SINDO;MÊ¯CZYZNA;2;21024116
RUSNATA;MÊ¯CZYZNA;2;21024118
YSTUM;MÊ¯CZYZNA;2;21024120
ENLIN;MÊ¯CZYZNA;2;21024122
ARTA;MÊ¯CZYZNA;2;21024124
AKSHYA;MÊ¯CZYZNA;2;21024126
SADMAN;MÊ¯CZYZNA;2;21024128
CHUANHAI;MÊ¯CZYZNA;2;21024130
SAYFUDIN;MÊ¯CZYZNA;2;21024132
HURSKYI;MÊ¯CZYZNA;2;21024134
EUNHYEOK;MÊ¯CZYZNA;2;21024136
STERIN;MÊ¯CZYZNA;2;21024138
ANS;MÊ¯CZYZNA;2;21024140
TR?NG LONG;MÊ¯CZYZNA;2;21024142
MURTAZO;MÊ¯CZYZNA;2;21024144
EHAN;MÊ¯CZYZNA;2;21024146
SATENDRA KUMAR;MÊ¯CZYZNA;2;21024148
SANGDON;MÊ¯CZYZNA;2;21024150
MATWIEY;MÊ¯CZYZNA;2;21024152
JOURY;MÊ¯CZYZNA;2;21024154
DUY PHUONG;MÊ¯CZYZNA;2;21024156
GIOSUÉ;MÊ¯CZYZNA;2;21024158
BOHDAN-VLADYSLAV;MÊ¯CZYZNA;2;21024160
ALEAKSANDR;MÊ¯CZYZNA;2;21024162
BALAZS;MÊ¯CZYZNA;2;21024164
OGANEZ;MÊ¯CZYZNA;2;21024166
KEELAN;MÊ¯CZYZNA;2;21024168
PO-YEN;MÊ¯CZYZNA;2;21024170
NATHANIËL;MÊ¯CZYZNA;2;21024172
DANDI;MÊ¯CZYZNA;2;21024174
TENDEKAYI;MÊ¯CZYZNA;2;21024176
GEORGI GEORGIEV;MÊ¯CZYZNA;2;21024178
ROD¯ERS;MÊ¯CZYZNA;2;21024180
HERMINIO;MÊ¯CZYZNA;2;21024182
VIKASBHAI;MÊ¯CZYZNA;2;21024184
CEMALETTIN;MÊ¯CZYZNA;2;21024186
T?T;MÊ¯CZYZNA;2;21024188
DYMITRIUSZ;MÊ¯CZYZNA;2;21024190
KASHIRAM;MÊ¯CZYZNA;2;21024192
KSANDER;MÊ¯CZYZNA;2;21024194
CHAOHUI;MÊ¯CZYZNA;2;21024196
GUOYUAN;MÊ¯CZYZNA;2;21024198
HAYSSAM;MÊ¯CZYZNA;2;21024200
DARONG;MÊ¯CZYZNA;2;21024202
BA PHUC;MÊ¯CZYZNA;2;21024204
ELLIAS;MÊ¯CZYZNA;2;21024206
DEVI RAM;MÊ¯CZYZNA;2;21024208
SHEMON;MÊ¯CZYZNA;2;21024210
NOEH;MÊ¯CZYZNA;2;21024212
VJEKOSLAV;MÊ¯CZYZNA;2;21024214
BEHCHET;MÊ¯CZYZNA;2;21024216
CHHABI LAL;MÊ¯CZYZNA;2;21024218
YOUNGCHUN;MÊ¯CZYZNA;2;21024220
ELVISS;MÊ¯CZYZNA;2;21024222
IZAC;MÊ¯CZYZNA;2;21024224
SARID;MÊ¯CZYZNA;2;21024226
SULJO;MÊ¯CZYZNA;2;21024228
KYUNGSUK;MÊ¯CZYZNA;2;21024230
TOYGULY;MÊ¯CZYZNA;2;21024232
RESANI;MÊ¯CZYZNA;2;21024234
YONGFEI;MÊ¯CZYZNA;2;21024236
VAN NANG;MÊ¯CZYZNA;2;21024238
MUSLEM;MÊ¯CZYZNA;2;21024240
V?N XUÂN;MÊ¯CZYZNA;2;21024242
PLAMEDI;MÊ¯CZYZNA;2;21024244
KÖKSAL;MÊ¯CZYZNA;2;21024246
MD SHOHEL;MÊ¯CZYZNA;2;21024248
BAI;MÊ¯CZYZNA;2;21024250
ARJEVAN;MÊ¯CZYZNA;2;21024252
MIKHAJLO;MÊ¯CZYZNA;2;21024254
NG?C PHONG;MÊ¯CZYZNA;2;21024256
DAIANAT;MÊ¯CZYZNA;2;21024258
MILUIA;MÊ¯CZYZNA;2;21024260
ISMONALI;MÊ¯CZYZNA;2;21024262
ILIARII;MÊ¯CZYZNA;2;21024264
SAIDABBOS;MÊ¯CZYZNA;2;21024266
OLIMZHON;MÊ¯CZYZNA;2;21024268
YOUNGDAE;MÊ¯CZYZNA;2;21024270
MÃDÃLIN-CONSTANTIN;MÊ¯CZYZNA;2;21024272
ENKHTULGA;MÊ¯CZYZNA;2;21024274
ANGELIS;MÊ¯CZYZNA;2;21024276
PEILIN;MÊ¯CZYZNA;2;21024278
RIKESH;MÊ¯CZYZNA;2;21024280
KRISHIV;MÊ¯CZYZNA;2;21024282
AVDIJA;MÊ¯CZYZNA;2;21024284
ZHANSERIK;MÊ¯CZYZNA;2;21024286
FÉLICIEN;MÊ¯CZYZNA;2;21024288
BALIAN;MÊ¯CZYZNA;2;21024290
ÖZBERK;MÊ¯CZYZNA;2;21024292
KAZBEG;MÊ¯CZYZNA;2;21024294
DARYIUSH;MÊ¯CZYZNA;2;21024296
TALENT;MÊ¯CZYZNA;2;21024298
REVANTH;MÊ¯CZYZNA;2;21024300
HEDLEY;MÊ¯CZYZNA;2;21024302
SERGIN;MÊ¯CZYZNA;2;21024304
GARETH LEE;MÊ¯CZYZNA;2;21024306
ARNOLFO;MÊ¯CZYZNA;2;21024308
TUAT;MÊ¯CZYZNA;2;21024310
DAMIANIN;MÊ¯CZYZNA;2;21024312
CHRISPINE;MÊ¯CZYZNA;2;21024314
SENEZJUSZ;MÊ¯CZYZNA;2;21024316
SEVDI;MÊ¯CZYZNA;2;21024318
AJOY;MÊ¯CZYZNA;2;21024320
ROWI;MÊ¯CZYZNA;2;21024322
MOSARAF;MÊ¯CZYZNA;2;21024324
JOYCE;MÊ¯CZYZNA;2;21024326
ANH KIEN;MÊ¯CZYZNA;2;21024328
CELIAN;MÊ¯CZYZNA;2;21024330
Ð?T;MÊ¯CZYZNA;2;21024332
YIDA;MÊ¯CZYZNA;2;21024334
SHOM;MÊ¯CZYZNA;2;21024336
JUNHYEONG;MÊ¯CZYZNA;2;21024338
VÃN HUYNH;MÊ¯CZYZNA;2;21024340
ARAVINDAN;MÊ¯CZYZNA;2;21024342
JUEON;MÊ¯CZYZNA;2;21024344
THANONGSAK;MÊ¯CZYZNA;2;21024346
NHAT NAM;MÊ¯CZYZNA;2;21024348
SERBIAN;MÊ¯CZYZNA;2;21024350
EDIKAN;MÊ¯CZYZNA;2;21024352
ABDUMUKHTOR;MÊ¯CZYZNA;2;21024354
NEITHAN;MÊ¯CZYZNA;2;21024356
SUPRATIM;MÊ¯CZYZNA;2;21024358
HA RIM;MÊ¯CZYZNA;2;21024360
SAVIR;MÊ¯CZYZNA;2;21024362
ABDELHAFIZ;MÊ¯CZYZNA;2;21024364
KOLMAN;MÊ¯CZYZNA;2;21024366
AMALBEK;MÊ¯CZYZNA;2;21024368
LIVIU-VASILE;MÊ¯CZYZNA;2;21024370
BATSUREN;MÊ¯CZYZNA;2;21024372
SHANDRO;MÊ¯CZYZNA;2;21024374
AVIAN;MÊ¯CZYZNA;2;21024376
DENSON;MÊ¯CZYZNA;2;21024378
JAWED;MÊ¯CZYZNA;2;21024380
RUBAL;MÊ¯CZYZNA;2;21024382
XIANYOU;MÊ¯CZYZNA;2;21024384
JINYI;MÊ¯CZYZNA;2;21024386
FARIDDUN;MÊ¯CZYZNA;2;21024388
SUNGKWON;MÊ¯CZYZNA;2;21024390
GNANA;MÊ¯CZYZNA;2;21024392
HIDAYET;MÊ¯CZYZNA;2;21024394
GREY;MÊ¯CZYZNA;2;21024396
SALAUDI;MÊ¯CZYZNA;2;21024398
DINESH SINGH;MÊ¯CZYZNA;2;21024400
ZHENGUO;MÊ¯CZYZNA;2;21024402
KIALA;MÊ¯CZYZNA;2;21024404
TOKHIRZHON;MÊ¯CZYZNA;2;21024406
QUOC THINH;MÊ¯CZYZNA;2;21024408
MATU;MÊ¯CZYZNA;2;21024410
VLADEK;MÊ¯CZYZNA;2;21024412
USUB;MÊ¯CZYZNA;2;21024414
YANBO;MÊ¯CZYZNA;2;21024416
SICILIANO;MÊ¯CZYZNA;2;21024418
GHEORGE;MÊ¯CZYZNA;2;21024420
MONES;MÊ¯CZYZNA;2;21024422
GONER;MÊ¯CZYZNA;2;21024424
ENRICE;MÊ¯CZYZNA;2;21024426
WAFIK;MÊ¯CZYZNA;2;21024428
ABDUMUMIN;MÊ¯CZYZNA;2;21024430
PATRICK JOHN;MÊ¯CZYZNA;2;21024432
PAVLYK;MÊ¯CZYZNA;2;21024434
YSHAI;MÊ¯CZYZNA;2;21024436
FARKHODZHON;MÊ¯CZYZNA;2;21024438
NAHAR;MÊ¯CZYZNA;2;21024440
NURMUROD;MÊ¯CZYZNA;2;21024442
KUNIO;MÊ¯CZYZNA;2;21024444
LEIGHTON;MÊ¯CZYZNA;2;21024446
EDJZECK;MÊ¯CZYZNA;2;21024448
JAESEUNG;MÊ¯CZYZNA;2;21024450
KAZUSHI;MÊ¯CZYZNA;2;21024452
CHANGJAE;MÊ¯CZYZNA;2;21024454
ZUGUO;MÊ¯CZYZNA;2;21024456
ANH SON;MÊ¯CZYZNA;2;21024458
GAJENDRA BAHADUR;MÊ¯CZYZNA;2;21024460
SHEMER;MÊ¯CZYZNA;2;21024462
JULI;MÊ¯CZYZNA;2;21024464
VIANOR;MÊ¯CZYZNA;2;21024466
ALGAN;MÊ¯CZYZNA;2;21024468
CHHIRING;MÊ¯CZYZNA;2;21024470
EXCEL;MÊ¯CZYZNA;2;21024472
VLADYSLAV-PAVLO;MÊ¯CZYZNA;2;21024474
FATHALLA;MÊ¯CZYZNA;2;21024476
KRIPAL SINGH;MÊ¯CZYZNA;2;21024478
EL HADI;MÊ¯CZYZNA;2;21024480
TOREBEK;MÊ¯CZYZNA;2;21024482
VAN DANG;MÊ¯CZYZNA;2;21024484
SUPHI;MÊ¯CZYZNA;2;21024486
REINERT;MÊ¯CZYZNA;2;21024488
ABDELNASSER;MÊ¯CZYZNA;2;21024490
LAURENCJO;MÊ¯CZYZNA;2;21024492
SARAM;MÊ¯CZYZNA;2;21024494
ZERIHUN;MÊ¯CZYZNA;2;21024496
ASTRO;MÊ¯CZYZNA;2;21024498
AJMER;MÊ¯CZYZNA;2;21024500
HARDEEP SINGH;MÊ¯CZYZNA;2;21024502
OLEXII;MÊ¯CZYZNA;2;21024504
TARYADI;MÊ¯CZYZNA;2;21024506
TAYE;MÊ¯CZYZNA;2;21024508
LEWKO;MÊ¯CZYZNA;2;21024510
DELLI;MÊ¯CZYZNA;2;21024512
ROBRECHT;MÊ¯CZYZNA;2;21024514
CYR;MÊ¯CZYZNA;2;21024516
TEUKU;MÊ¯CZYZNA;2;21024518
RENNIE;MÊ¯CZYZNA;2;21024520
BRÁULIO;MÊ¯CZYZNA;2;21024522
M?NH LINH;MÊ¯CZYZNA;2;21024524
ALDRIAN;MÊ¯CZYZNA;2;21024526
VAN HOAT;MÊ¯CZYZNA;2;21024528
GANESH MAN;MÊ¯CZYZNA;2;21024530
SEOKHWAN;MÊ¯CZYZNA;2;21024532
AITZAZ;MÊ¯CZYZNA;2;21024534
CEZANNE;MÊ¯CZYZNA;2;21024536
RUIZE;MÊ¯CZYZNA;2;21024538
SAINEY;MÊ¯CZYZNA;2;21024540
PAVLIV;MÊ¯CZYZNA;2;21024542
GOPALBHAI;MÊ¯CZYZNA;2;21024544
BALKAR;MÊ¯CZYZNA;2;21024546
THE MANH;MÊ¯CZYZNA;2;21024548
ANIEFIOK;MÊ¯CZYZNA;2;21024550
JO?O HENRIQUE;MÊ¯CZYZNA;2;21024552
KODAI;MÊ¯CZYZNA;2;21024554
IAN PAUL;MÊ¯CZYZNA;2;21024556
BASITH;MÊ¯CZYZNA;2;21024558
JUN YONG;MÊ¯CZYZNA;2;21024560
EDWIN EDUARDO;MÊ¯CZYZNA;2;21024562
ROSSI;MÊ¯CZYZNA;2;21024564
ARAPBAI;MÊ¯CZYZNA;2;21024566
ELMURAD;MÊ¯CZYZNA;2;21024568
ASAM;MÊ¯CZYZNA;2;21024570
SYLEWSTER;MÊ¯CZYZNA;2;21024572
BOLISLAV;MÊ¯CZYZNA;2;21024574
CANTÜRK;MÊ¯CZYZNA;2;21024576
MIGUEL FRANCISCO;MÊ¯CZYZNA;2;21024578
INDIANA;MÊ¯CZYZNA;2;21024580
NESRET;MÊ¯CZYZNA;2;21024582
RODOLPHO;MÊ¯CZYZNA;2;21024584
DZHEVAYDIN;MÊ¯CZYZNA;2;21024586
RADOUAN;MÊ¯CZYZNA;2;21024588
MIRIANE;MÊ¯CZYZNA;2;21024590
KONSTANTINAS;MÊ¯CZYZNA;2;21024592
FADAIL;MÊ¯CZYZNA;2;21024594
ARKAMAN;MÊ¯CZYZNA;2;21024596
OVID;MÊ¯CZYZNA;2;21024598
ITÃ;MÊ¯CZYZNA;2;21024600
TANIN;MÊ¯CZYZNA;2;21024602
HYUNSUK;MÊ¯CZYZNA;2;21024604
TARANDEEP SINGH;MÊ¯CZYZNA;2;21024606
YEVSEI;MÊ¯CZYZNA;2;21024608
KULJEET;MÊ¯CZYZNA;2;21024610
BALDEEP;MÊ¯CZYZNA;2;21024612
NAMIH;MÊ¯CZYZNA;2;21024614
TRONG HAI;MÊ¯CZYZNA;2;21024616
YOSHIYUKI;MÊ¯CZYZNA;2;21024618
REINALD;MÊ¯CZYZNA;2;21024620
CASSPER;MÊ¯CZYZNA;2;21024622
JIMMYN;MÊ¯CZYZNA;2;21024624
MASAMICHI;MÊ¯CZYZNA;2;21024626
OREST-BOHDAN;MÊ¯CZYZNA;2;21024628
VASILE-MARIUS;MÊ¯CZYZNA;2;21024630
YOLDASH;MÊ¯CZYZNA;2;21024632
MAKSUT;MÊ¯CZYZNA;2;21024634
SOHANUR;MÊ¯CZYZNA;2;21024636
MRITYUNJAY;MÊ¯CZYZNA;2;21024638
MÜFIT;MÊ¯CZYZNA;2;21024640
THANH BANG;MÊ¯CZYZNA;2;21024642
LIWIAN;MÊ¯CZYZNA;2;21024644
LADISLAUS;MÊ¯CZYZNA;2;21024646
MAHARJAN;MÊ¯CZYZNA;2;21024648
NAQI;MÊ¯CZYZNA;2;21024650
WOLFGAN;MÊ¯CZYZNA;2;21024652
MURTUZ;MÊ¯CZYZNA;2;21024654
INSOO;MÊ¯CZYZNA;2;21024656
?RON;MÊ¯CZYZNA;2;21024658
MITYA;MÊ¯CZYZNA;2;21024660
ABDUKHOSHIM;MÊ¯CZYZNA;2;21024662
CHINHIZ;MÊ¯CZYZNA;2;21024664
V ITALII;MÊ¯CZYZNA;2;21024666
JOSE IVAN;MÊ¯CZYZNA;2;21024668
CHINMOY;MÊ¯CZYZNA;2;21024670
SHARAF;MÊ¯CZYZNA;2;21024672
QU?C PHONG;MÊ¯CZYZNA;2;21024674
YEROFII;MÊ¯CZYZNA;2;21024676
ILYOSJON;MÊ¯CZYZNA;2;21024678
TEMISAN;MÊ¯CZYZNA;2;21024680
DINH HUYNH;MÊ¯CZYZNA;2;21024682
ÇELEB?;MÊ¯CZYZNA;2;21024684
MINGQIANG;MÊ¯CZYZNA;2;21024686
MEÈISLAV;MÊ¯CZYZNA;2;21024688
AMBROGIO;MÊ¯CZYZNA;2;21024690
BRAEN;MÊ¯CZYZNA;2;21024692
SARANSH;MÊ¯CZYZNA;2;21024694
YALKUNZHAN;MÊ¯CZYZNA;2;21024696
ADIAN;MÊ¯CZYZNA;2;21024698
PINAR;MÊ¯CZYZNA;2;21024700
LAKSHMINARAYANA;MÊ¯CZYZNA;2;21024702
VATO;MÊ¯CZYZNA;2;21024704
HARDIYANTO;MÊ¯CZYZNA;2;21024706
ARTEMYI;MÊ¯CZYZNA;2;21024708
SZOEL;MÊ¯CZYZNA;2;21024710
OKI;MÊ¯CZYZNA;2;21024712
DO HYUNG;MÊ¯CZYZNA;2;21024714
THEOKLITOS;MÊ¯CZYZNA;2;21024716
SWETOS£AW;MÊ¯CZYZNA;2;21024718
HUY THANH;MÊ¯CZYZNA;2;21024720
VÃN KÍNH;MÊ¯CZYZNA;2;21024722
HARNEK;MÊ¯CZYZNA;2;21024724
CHACZIK;MÊ¯CZYZNA;2;21024726
BANLENG;MÊ¯CZYZNA;2;21024728
VAN NHIEN;MÊ¯CZYZNA;2;21024730
MARCOS ANTONIO;MÊ¯CZYZNA;2;21024732
MIAH;MÊ¯CZYZNA;2;21024734
MOHAMED-ALI;MÊ¯CZYZNA;2;21024736
SURESH BABU;MÊ¯CZYZNA;2;21024738
GULIKO;MÊ¯CZYZNA;2;21024740
MYKHAILO-LIUBOMYR;MÊ¯CZYZNA;2;21024742
ABINESH;MÊ¯CZYZNA;2;21024744
TATSUTO;MÊ¯CZYZNA;2;21024746
?SLAM;MÊ¯CZYZNA;2;21024748
TR?NG S?N;MÊ¯CZYZNA;2;21024750
ELPIDIO JR.;MÊ¯CZYZNA;2;21024752
NAVED;MÊ¯CZYZNA;2;21024754
SÍLVIO;MÊ¯CZYZNA;2;21024756
HEERA;MÊ¯CZYZNA;2;21024758
RYSARD;MÊ¯CZYZNA;2;21024760
HOANG PHUONG;MÊ¯CZYZNA;2;21024762
REDENTOR;MÊ¯CZYZNA;2;21024764
GAOFENG;MÊ¯CZYZNA;2;21024766
ANDRZEJ BOBOLA;MÊ¯CZYZNA;2;21024768
QUANG PHAT;MÊ¯CZYZNA;2;21024770
SATINDER SINGH;MÊ¯CZYZNA;2;21024772
SUBAN;MÊ¯CZYZNA;2;21024774
GAPER;MÊ¯CZYZNA;2;21024776
KEIICHIRO;MÊ¯CZYZNA;2;21024778
MONTREAL;MÊ¯CZYZNA;2;21024780
MANH DAN;MÊ¯CZYZNA;2;21024782
ORGIL;MÊ¯CZYZNA;2;21024784
KHAVASBEK;MÊ¯CZYZNA;2;21024786
WON HO;MÊ¯CZYZNA;2;21024788
?NAN;MÊ¯CZYZNA;2;21024790
RIJUMON;MÊ¯CZYZNA;2;21024792
KAIPING;MÊ¯CZYZNA;2;21024794
ABET;MÊ¯CZYZNA;2;21024796
CICHOS£AW;MÊ¯CZYZNA;2;21024798
AKBARZHON;MÊ¯CZYZNA;2;21024800
RENIEL;MÊ¯CZYZNA;2;21024802
ADAI;MÊ¯CZYZNA;2;21024804
HIT;MÊ¯CZYZNA;2;21024806
QUINTO;MÊ¯CZYZNA;2;21024808
GÜRBÜZ;MÊ¯CZYZNA;2;21024810
BA HUNG;MÊ¯CZYZNA;2;21024812
MEKIN;MÊ¯CZYZNA;2;21024814
EVALDO;MÊ¯CZYZNA;2;21024816
LORANT;MÊ¯CZYZNA;2;21024818
MARTINA;MÊ¯CZYZNA;2;21024820
AIDAM;MÊ¯CZYZNA;2;21024822
DONG-HYUN;MÊ¯CZYZNA;2;21024824
POK MAN;MÊ¯CZYZNA;2;21024826
NEKITA;MÊ¯CZYZNA;2;21024828
ALUAN;MÊ¯CZYZNA;2;21024830
DOG?UKAN;MÊ¯CZYZNA;2;21024832
JITHENDRA;MÊ¯CZYZNA;2;21024834
SHAMSUDDI;MÊ¯CZYZNA;2;21024836
PRABATH;MÊ¯CZYZNA;2;21024838
KHABUL;MÊ¯CZYZNA;2;21024840
NECULAE;MÊ¯CZYZNA;2;21024842
BA LONG;MÊ¯CZYZNA;2;21024844
NGOC GIA BAO;MÊ¯CZYZNA;2;21024846
MUHAMMAD ASAD;MÊ¯CZYZNA;2;21024848
CHEN-HAO;MÊ¯CZYZNA;2;21024850
XOAN;MÊ¯CZYZNA;2;21024852
ZIAN;MÊ¯CZYZNA;2;21024854
ARYSTYDES;MÊ¯CZYZNA;2;21024856
KOLORADO;MÊ¯CZYZNA;2;21024858
HASSINE;MÊ¯CZYZNA;2;21024860
CHEORGHE;MÊ¯CZYZNA;2;21024862
KYRIACOS;MÊ¯CZYZNA;2;21024864
PRESLEY;MÊ¯CZYZNA;2;21024866
YASEL;MÊ¯CZYZNA;2;21024868
TULANBOY;MÊ¯CZYZNA;2;21024870
YU CHEN;MÊ¯CZYZNA;2;21024872
SADEEP;MÊ¯CZYZNA;2;21024874
ZAIED;MÊ¯CZYZNA;2;21024876
ARNULF;MÊ¯CZYZNA;2;21024878
JOYEL;MÊ¯CZYZNA;2;21024880
DHANUSHKA;MÊ¯CZYZNA;2;21024882
KOPPÁNY;MÊ¯CZYZNA;2;21024884
SANGKYUN;MÊ¯CZYZNA;2;21024886
BARTOS£AW;MÊ¯CZYZNA;2;21024888
CIRILO;MÊ¯CZYZNA;2;21024890
JAN-PHILIP;MÊ¯CZYZNA;2;21024892
IJAC;MÊ¯CZYZNA;2;21024894
AVINAV;MÊ¯CZYZNA;2;21024896
ADIGOZAL;MÊ¯CZYZNA;2;21024898
NUNZIANTE;MÊ¯CZYZNA;2;21024900
JAYCOB;MÊ¯CZYZNA;2;21024902
DAVAASAMBUU;MÊ¯CZYZNA;2;21024904
HERSCH;MÊ¯CZYZNA;2;21024906
ANANDO;MÊ¯CZYZNA;2;21024908
INSAN;MÊ¯CZYZNA;2;21024910
SAWINIUSZ;MÊ¯CZYZNA;2;21024912
HASSAAN;MÊ¯CZYZNA;2;21024914
HYUNKYU;MÊ¯CZYZNA;2;21024916
ENGEL;MÊ¯CZYZNA;2;21024918
MAJDEDDINE;MÊ¯CZYZNA;2;21024920
ULTAN;MÊ¯CZYZNA;2;21024922
DEVIK;MÊ¯CZYZNA;2;21024924
QUOC TRUNG;MÊ¯CZYZNA;2;21024926
VIET AN;MÊ¯CZYZNA;2;21024928
ANDRES JULIAN;MÊ¯CZYZNA;2;21024930
YESEONG;MÊ¯CZYZNA;2;21024932
MEJSON;MÊ¯CZYZNA;2;21024934
VISHU;MÊ¯CZYZNA;2;21024936
MATVIE;MÊ¯CZYZNA;2;21024938
BOBURMIRZA;MÊ¯CZYZNA;2;21024940
PRODAN;MÊ¯CZYZNA;2;21024942
LANO;MÊ¯CZYZNA;2;21024944
BATYRZHAN;MÊ¯CZYZNA;2;21024946
DAUMANTS;MÊ¯CZYZNA;2;21024948
ALIRZA;MÊ¯CZYZNA;2;21024950
JOOHEON;MÊ¯CZYZNA;2;21024952
MUHAMMED SHAMIL;MÊ¯CZYZNA;2;21024954
ILEZ;MÊ¯CZYZNA;2;21024956
NAIG;MÊ¯CZYZNA;2;21024958
BISHER;MÊ¯CZYZNA;2;21024960
OLASUNKANMI;MÊ¯CZYZNA;2;21024962
VOITEKH;MÊ¯CZYZNA;2;21024964
RAJANKUMAR;MÊ¯CZYZNA;2;21024966
ZHENQI;MÊ¯CZYZNA;2;21024968
BAKHTIYORKHON;MÊ¯CZYZNA;2;21024970
WEI-CHENG;MÊ¯CZYZNA;2;21024972
AKHADJON;MÊ¯CZYZNA;2;21024974
MEHTI;MÊ¯CZYZNA;2;21024976
MIKHELI;MÊ¯CZYZNA;2;21024978
HOMAYON;MÊ¯CZYZNA;2;21024980
JONGSOON;MÊ¯CZYZNA;2;21024982
SIYAGUNAKOSGODAGE;MÊ¯CZYZNA;2;21024984
SWIETOSLAW;MÊ¯CZYZNA;2;21024986
KLAVS;MÊ¯CZYZNA;2;21024988
S? TU?N;MÊ¯CZYZNA;2;21024990
BIRENDRA KUMAR;MÊ¯CZYZNA;2;21024992
JUAN JESUS;MÊ¯CZYZNA;2;21024994
KOSTJANTIN;MÊ¯CZYZNA;2;21024996
JUNNOSUKE;MÊ¯CZYZNA;2;21024998
KURTULUS;MÊ¯CZYZNA;2;21025000
JAVIER ENRIQUE;MÊ¯CZYZNA;2;21025002
NEMIR;MÊ¯CZYZNA;2;21025004
THELONIOUS;MÊ¯CZYZNA;2;21025006
IELYSEI;MÊ¯CZYZNA;2;21025008
VASYLYNA;MÊ¯CZYZNA;2;21025010
KWANG SU;MÊ¯CZYZNA;2;21025012
ZHIFA;MÊ¯CZYZNA;2;21025014
ARTI;MÊ¯CZYZNA;2;21025016
BINH MINH;MÊ¯CZYZNA;2;21025018
ILIÆ;MÊ¯CZYZNA;2;21025020
GUOYU;MÊ¯CZYZNA;2;21025022
SHARIFBAY;MÊ¯CZYZNA;2;21025024
VISVALDIS;MÊ¯CZYZNA;2;21025026
SHAMYL;MÊ¯CZYZNA;2;21025028
NIRVAN;MÊ¯CZYZNA;2;21025030
KRISHNA KUMAR;MÊ¯CZYZNA;2;21025032
MEHMET FAT?H;MÊ¯CZYZNA;2;21025034
JOA?O;MÊ¯CZYZNA;2;21025036
BU£AT;MÊ¯CZYZNA;2;21025038
HANSJURGEN;MÊ¯CZYZNA;2;21025040
THANH LOC;MÊ¯CZYZNA;2;21025042
DHAIRYA;MÊ¯CZYZNA;2;21025044
GUIHUA;MÊ¯CZYZNA;2;21025046
XUAN TOAN;MÊ¯CZYZNA;2;21025048
NIU;MÊ¯CZYZNA;2;21025050
SEONGJUN;MÊ¯CZYZNA;2;21025052
IUSIPH;MÊ¯CZYZNA;2;21025054
DEBRAJ;MÊ¯CZYZNA;2;21025056
AUSTINE;MÊ¯CZYZNA;2;21025058
VITALYY;MÊ¯CZYZNA;2;21025060
VIJAY PAL;MÊ¯CZYZNA;2;21025062
MUKHTARJON;MÊ¯CZYZNA;2;21025064
TALI;MÊ¯CZYZNA;2;21025066
DAWOON;MÊ¯CZYZNA;2;21025068
NILA;MÊ¯CZYZNA;2;21025070
EDVAR;MÊ¯CZYZNA;2;21025072
JONGGOO;MÊ¯CZYZNA;2;21025074
PARTYK;MÊ¯CZYZNA;2;21025076
JONGHWAN;MÊ¯CZYZNA;2;21025078
SUSOL;MÊ¯CZYZNA;2;21025080
SOZARI;MÊ¯CZYZNA;2;21025082
QUANG HAO;MÊ¯CZYZNA;2;21025084
RADHE;MÊ¯CZYZNA;2;21025086
ZORIANA;MÊ¯CZYZNA;2;21025088
SAYYAR;MÊ¯CZYZNA;2;21025090
TARMUJI;MÊ¯CZYZNA;2;21025092
IKROMZHON;MÊ¯CZYZNA;2;21025094
MEHDIJA;MÊ¯CZYZNA;2;21025096
SHAMIR;MÊ¯CZYZNA;2;21025098
Y???T;MÊ¯CZYZNA;2;21025100
LOUAI;MÊ¯CZYZNA;2;21025102
TAJUL;MÊ¯CZYZNA;2;21025104
YONGGUO;MÊ¯CZYZNA;2;21025106
SUDAMA;MÊ¯CZYZNA;2;21025108
JAJA;MÊ¯CZYZNA;2;21025110
VAN TRIEU;MÊ¯CZYZNA;2;21025112
MINH HA;MÊ¯CZYZNA;2;21025114
GUOFANG;MÊ¯CZYZNA;2;21025116
HONGLAI;MÊ¯CZYZNA;2;21025118
KINGDOM;MÊ¯CZYZNA;2;21025120
SUMET;MÊ¯CZYZNA;2;21025122
JAE WOOK;MÊ¯CZYZNA;2;21025124
RAKHMON;MÊ¯CZYZNA;2;21025126
PALWINDER SINGH;MÊ¯CZYZNA;2;21025128
KILADZE;MÊ¯CZYZNA;2;21025130
?ÜKRÜ;MÊ¯CZYZNA;2;21025132
VÃN Ð?C;MÊ¯CZYZNA;2;21025134
CHARYMUHAMMET;MÊ¯CZYZNA;2;21025136
DUGLAS;MÊ¯CZYZNA;2;21025138
GERT-JAN;MÊ¯CZYZNA;2;21025140
ROBERT-JAN;MÊ¯CZYZNA;2;21025142
TRÃIAN;MÊ¯CZYZNA;2;21025144
MARATBEK;MÊ¯CZYZNA;2;21025146
ANBUSELVAN;MÊ¯CZYZNA;2;21025148
MAXUT;MÊ¯CZYZNA;2;21025150
NIMAJ;MÊ¯CZYZNA;2;21025152
XINGQUAN;MÊ¯CZYZNA;2;21025154
RAHMANULLAH;MÊ¯CZYZNA;2;21025156
YEFRIEM;MÊ¯CZYZNA;2;21025158
GASANALI;MÊ¯CZYZNA;2;21025160
EYÜPCAN;MÊ¯CZYZNA;2;21025162
ZHIYIN;MÊ¯CZYZNA;2;21025164
SOLOMAN;MÊ¯CZYZNA;2;21025166
ZAKY;MÊ¯CZYZNA;2;21025168
SAI KRISHNA;MÊ¯CZYZNA;2;21025170
MOHAMMAD NURUL;MÊ¯CZYZNA;2;21025172
GAJIMURAD;MÊ¯CZYZNA;2;21025174
KHARIM;MÊ¯CZYZNA;2;21025176
ABRA?O;MÊ¯CZYZNA;2;21025178
BONNY;MÊ¯CZYZNA;2;21025180
MD ABUL KALAM;MÊ¯CZYZNA;2;21025182
TACJAN;MÊ¯CZYZNA;2;21025184
ISZCHAN;MÊ¯CZYZNA;2;21025186
DAHONG;MÊ¯CZYZNA;2;21025188
JAG;MÊ¯CZYZNA;2;21025190
IOAN-TIBERIU;MÊ¯CZYZNA;2;21025192
BATBAATAR;MÊ¯CZYZNA;2;21025194
GIBIN;MÊ¯CZYZNA;2;21025196
SVETLYO;MÊ¯CZYZNA;2;21025198
DHRUVILKUMAR;MÊ¯CZYZNA;2;21025200
ABDEL RAHMAN;MÊ¯CZYZNA;2;21025202
KIYOTAKA;MÊ¯CZYZNA;2;21025204
MAHENDRAN;MÊ¯CZYZNA;2;21025206
PAULS;MÊ¯CZYZNA;2;21025208
THÁI PH??NG;MÊ¯CZYZNA;2;21025210
ALMANTAS;MÊ¯CZYZNA;2;21025212
HUMAM;MÊ¯CZYZNA;2;21025214
CHIKOMBORERO;MÊ¯CZYZNA;2;21025216
NGUYEN KHANG;MÊ¯CZYZNA;2;21025218
INOMKHOJA;MÊ¯CZYZNA;2;21025220
AHIR;MÊ¯CZYZNA;2;21025222
SUSHIL KUMAR;MÊ¯CZYZNA;2;21025224
OLEKSAN;MÊ¯CZYZNA;2;21025226
KUTUBUDDIN;MÊ¯CZYZNA;2;21025228
HIBIKI;MÊ¯CZYZNA;2;21025230
ASHA;MÊ¯CZYZNA;2;21025232
RAMUEL;MÊ¯CZYZNA;2;21025234
MINSOO;MÊ¯CZYZNA;2;21025236
GITAI;MÊ¯CZYZNA;2;21025238
MÜKREMIN;MÊ¯CZYZNA;2;21025240
KIHOON;MÊ¯CZYZNA;2;21025242
RAYMON;MÊ¯CZYZNA;2;21025244
SIRAZHDI;MÊ¯CZYZNA;2;21025246
S?NDOR;MÊ¯CZYZNA;2;21025248
IWANCZO;MÊ¯CZYZNA;2;21025250
MIETEK;MÊ¯CZYZNA;2;21025252
ZOIS;MÊ¯CZYZNA;2;21025254
LAURENC;MÊ¯CZYZNA;2;21025256
GÕTZ;MÊ¯CZYZNA;2;21025258
AYK;MÊ¯CZYZNA;2;21025260
GUANGSHUN;MÊ¯CZYZNA;2;21025262
GURNAM;MÊ¯CZYZNA;2;21025264
YOUNG MIN;MÊ¯CZYZNA;2;21025266
JESUS MANUEL;MÊ¯CZYZNA;2;21025268
SIEMOMYS£;MÊ¯CZYZNA;2;21025270
PIMENI;MÊ¯CZYZNA;2;21025272
HINH;MÊ¯CZYZNA;2;21025274
MUNESUISHE;MÊ¯CZYZNA;2;21025276
GROT;MÊ¯CZYZNA;2;21025278
MAMETMYRAT;MÊ¯CZYZNA;2;21025280
MASUMKHON;MÊ¯CZYZNA;2;21025282
KURSANT;MÊ¯CZYZNA;2;21025284
FLEURY;MÊ¯CZYZNA;2;21025286
AKMALZHON;MÊ¯CZYZNA;2;21025288
ALYSHIR;MÊ¯CZYZNA;2;21025290
ELJON;MÊ¯CZYZNA;2;21025292
ZHOLBOLDU;MÊ¯CZYZNA;2;21025294
CHIEH;MÊ¯CZYZNA;2;21025296
CONG TUYEN;MÊ¯CZYZNA;2;21025298
VAN CHU;MÊ¯CZYZNA;2;21025300
TUANANH;MÊ¯CZYZNA;2;21025302
YONGCAI;MÊ¯CZYZNA;2;21025304
LIUBYM;MÊ¯CZYZNA;2;21025306
DUC DUONG;MÊ¯CZYZNA;2;21025308
LIBERT;MÊ¯CZYZNA;2;21025310
JIAYANG;MÊ¯CZYZNA;2;21025312
LUDGIER;MÊ¯CZYZNA;2;21025314
BHAGYESH;MÊ¯CZYZNA;2;21025316
JINWU;MÊ¯CZYZNA;2;21025318
DAIVARAS;MÊ¯CZYZNA;2;21025320
STANIA;MÊ¯CZYZNA;2;21025322
YUNUSEMRE;MÊ¯CZYZNA;2;21025324
ADRIAN-IOAN;MÊ¯CZYZNA;2;21025326
DANYLO-ROMAN;MÊ¯CZYZNA;2;21025328
FLORIN-ALIN;MÊ¯CZYZNA;2;21025330
RISHAV;MÊ¯CZYZNA;2;21025332
NOYAN;MÊ¯CZYZNA;2;21025334
ARNOB;MÊ¯CZYZNA;2;21025336
ALIEN;MÊ¯CZYZNA;2;21025338
D¯EMAL;MÊ¯CZYZNA;2;21025340
ALWAR;MÊ¯CZYZNA;2;21025342
CONG PHUC;MÊ¯CZYZNA;2;21025344
ALEKSS;MÊ¯CZYZNA;2;21025346
ZHAKYPBEK;MÊ¯CZYZNA;2;21025348
SHAOHUA;MÊ¯CZYZNA;2;21025350
SEBALD;MÊ¯CZYZNA;2;21025352
MAGOMEDRASUL;MÊ¯CZYZNA;2;21025354
AFRAZ;MÊ¯CZYZNA;2;21025356
KABUZI;MÊ¯CZYZNA;2;21025358
ARTYKNAZAR;MÊ¯CZYZNA;2;21025360
RAFIC;MÊ¯CZYZNA;2;21025362
MOHAN BAHADUR;MÊ¯CZYZNA;2;21025364
ASSIF;MÊ¯CZYZNA;2;21025366
YUNKI;MÊ¯CZYZNA;2;21025368
MILLO;MÊ¯CZYZNA;2;21025370
MENDI;MÊ¯CZYZNA;2;21025372
CHUNBO;MÊ¯CZYZNA;2;21025374
HIMEL;MÊ¯CZYZNA;2;21025376
HO?NG H?I;MÊ¯CZYZNA;2;21025378
ARKHAN;MÊ¯CZYZNA;2;21025380
NAVRAJ;MÊ¯CZYZNA;2;21025382
TAEHOON;MÊ¯CZYZNA;2;21025384
ZHANN;MÊ¯CZYZNA;2;21025386
RASLAN;MÊ¯CZYZNA;2;21025388
FEDUN;MÊ¯CZYZNA;2;21025390
KHETAG;MÊ¯CZYZNA;2;21025392
YUNPENG;MÊ¯CZYZNA;2;21025394
